  -20.00000000    0.03231548    0.05493887    0.03723483
  -19.91666667    0.03252917    0.05563819    0.03730367
  -19.83333333    0.03274442    0.05626458    0.03737316
  -19.75000000    0.03296126    0.05684841    0.03744330
  -19.66666667    0.03317970    0.05741453    0.03751411
  -19.58333333    0.03339975    0.05797614    0.03758558
  -19.50000000    0.03362144    0.05853572    0.03765774
  -19.41666667    0.03384477    0.05909066    0.03773059
  -19.33333333    0.03406977    0.05963897    0.03780414
  -19.25000000    0.03429645    0.06018162    0.03787840
  -19.16666667    0.03452484    0.06072129    0.03795338
  -19.08333333    0.03475493    0.06125961    0.03802909
  -19.00000000    0.03498677    0.06179576    0.03810554
  -18.91666667    0.03522036    0.06232734    0.03818275
  -18.83333333    0.03545572    0.06285247    0.03826072
  -18.75000000    0.03569288    0.06337115    0.03833947
  -18.66666667    0.03593184    0.06388491    0.03841901
  -18.58333333    0.03617262    0.06439521    0.03849934
  -18.50000000    0.03641526    0.06490213    0.03858049
  -18.41666667    0.03665976    0.06540449    0.03866246
  -18.33333333    0.03690615    0.06590098    0.03874526
  -18.25000000    0.03715444    0.06639135    0.03882892
  -18.16666667    0.03740467    0.06687663    0.03891344
  -18.08333333    0.03765683    0.06735816    0.03899883
  -18.00000000    0.03791096    0.06783650    0.03908511
  -17.91666667    0.03816708    0.06831113    0.03917230
  -17.83333333    0.03842521    0.06878109    0.03926040
  -17.75000000    0.03868537    0.06924597    0.03934944
  -17.66666667    0.03894758    0.06970636    0.03943942
  -17.58333333    0.03921185    0.07016340    0.03953036
  -17.50000000    0.03947823    0.07061785    0.03962229
  -17.41666667    0.03974673    0.07106961    0.03971520
  -17.33333333    0.04001736    0.07151797    0.03980912
  -17.25000000    0.04029016    0.07196244    0.03990407
  -17.16666667    0.04056514    0.07240325    0.04000007
  -17.08333333    0.04084233    0.07284129    0.04009712
  -17.00000000    0.04112175    0.07327736    0.04019525
  -16.91666667    0.04140344    0.07371165    0.04029447
  -16.83333333    0.04168739    0.07414370    0.04039481
  -16.75000000    0.04197366    0.07457296    0.04049628
  -16.66666667    0.04226226    0.07499942    0.04059891
  -16.58333333    0.04255321    0.07542369    0.04070270
  -16.50000000    0.04284654    0.07584654    0.04080769
  -16.41666667    0.04314228    0.07626834    0.04091389
  -16.33333333    0.04344045    0.07668885    0.04102133
  -16.25000000    0.04374107    0.07710756    0.04113002
  -16.16666667    0.04404419    0.07752426    0.04123998
  -16.08333333    0.04434980    0.07793933    0.04135125
  -16.00000000    0.04465796    0.07835343    0.04146384
  -15.91666667    0.04496869    0.07876705    0.04157777
  -15.83333333    0.04528200    0.07918013    0.04169308
  -15.75000000    0.04559794    0.07959226    0.04180979
  -15.66666667    0.04591652    0.08000311    0.04192791
  -15.58333333    0.04623779    0.08041284    0.04204748
  -15.50000000    0.04656175    0.08082198    0.04216853
  -15.41666667    0.04688845    0.08123107    0.04229108
  -15.33333333    0.04721792    0.08164021    0.04241516
  -15.25000000    0.04755018    0.08204910    0.04254080
  -15.16666667    0.04788526    0.08245738    0.04266802
  -15.08333333    0.04822320    0.08286502    0.04279687
  -15.00000000    0.04856401    0.08327239    0.04292736
  -14.91666667    0.04890774    0.08368004    0.04305953
  -14.83333333    0.04925442    0.08408818    0.04319343
  -14.75000000    0.04960408    0.08449667    0.04332906
  -14.66666667    0.04995674    0.08490513    0.04346648
  -14.58333333    0.05031244    0.08531340    0.04360572
  -14.50000000    0.05067122    0.08572173    0.04374681
  -14.41666667    0.05103309    0.08613056    0.04388979
  -14.33333333    0.05139811    0.08654024    0.04403471
  -14.25000000    0.05176629    0.08695072    0.04418159
  -14.16666667    0.05213768    0.08736171    0.04433048
  -14.08333333    0.05251230    0.08777294    0.04448142
  -14.00000000    0.05289019    0.08818451    0.04463446
  -13.91666667    0.05327138    0.08859680    0.04478963
  -13.83333333    0.05365592    0.08901019    0.04494699
  -13.75000000    0.05404382    0.08942475    0.04510657
  -13.66666667    0.05443512    0.08984027    0.04526843
  -13.58333333    0.05482987    0.09025646    0.04543262
  -13.50000000    0.05522809    0.09067326    0.04559918
  -13.41666667    0.05562982    0.09109097    0.04576818
  -13.33333333    0.05603509    0.09150997    0.04593965
  -13.25000000    0.05644394    0.09193043    0.04611367
  -13.16666667    0.05685641    0.09235223    0.04629027
  -13.08333333    0.05727253    0.09277508    0.04646954
  -13.00000000    0.05769233    0.09319884    0.04665151
  -12.91666667    0.05811585    0.09362369    0.04683626
  -12.83333333    0.05854313    0.09404995    0.04702385
  -12.75000000    0.05897420    0.09447791    0.04721435
  -12.66666667    0.05940909    0.09490751    0.04740781
  -12.58333333    0.05984785    0.09533853    0.04760433
  -12.50000000    0.06029051    0.09577074    0.04780396
  -12.41666667    0.06073710    0.09620421    0.04800679
  -12.33333333    0.06118766    0.09663922    0.04821288
  -12.25000000    0.06164222    0.09707607    0.04842232
  -12.16666667    0.06210082    0.09751483    0.04863520
  -12.08333333    0.06256350    0.09795530    0.04885160
  -12.00000000    0.06303028    0.09839726    0.04907159
  -11.91666667    0.06350121    0.09884065    0.04929529
  -11.83333333    0.06397631    0.09928569    0.04952278
  -11.75000000    0.06445562    0.09973266    0.04975416
  -11.66666667    0.06493918    0.10018173    0.04998953
  -11.58333333    0.06542701    0.10063278    0.05022899
  -11.50000000    0.06591915    0.10108558    0.05047266
  -11.41666667    0.06641563    0.10153999    0.05072064
  -11.33333333    0.06691649    0.10199613    0.05097306
  -11.25000000    0.06742174    0.10245428    0.05123002
  -11.16666667    0.06793143    0.10291465    0.05149166
  -11.08333333    0.06844558    0.10337720    0.05175812
  -11.00000000    0.06896422    0.10384172    0.05202950
  -10.91666667    0.06948737    0.10430804    0.05230597
  -10.83333333    0.07001507    0.10477617    0.05258767
  -10.75000000    0.07054733    0.10524634    0.05287474
  -10.66666667    0.07108419    0.10571879    0.05316735
  -10.58333333    0.07162567    0.10619355    0.05346565
  -10.50000000    0.07217178    0.10667048    0.05376981
  -10.41666667    0.07272255    0.10714935    0.05408001
  -10.33333333    0.07327800    0.10763010    0.05439643
  -10.25000000    0.07383814    0.10811288    0.05471927
  -10.16666667    0.07440299    0.10859794    0.05504871
  -10.08333333    0.07497257    0.10908538    0.05538498
  -10.00000000    0.07554688    0.10957509    0.05572827
   -9.91666667    0.07612594    0.11006686    0.05607882
   -9.83333333    0.07670975    0.11056055    0.05643687
   -9.75000000    0.07729832    0.11105623    0.05680265
   -9.66666667    0.07789165    0.11155411    0.05717641
   -9.58333333    0.07848975    0.11205434    0.05755844
   -9.50000000    0.07909261    0.11255688    0.05794901
   -9.41666667    0.07970022    0.11306151    0.05834840
   -9.33333333    0.08031259    0.11356805    0.05875693
   -9.25000000    0.08092969    0.11407649    0.05917490
   -9.16666667    0.08155152    0.11458696    0.05960267
   -9.08333333    0.08217806    0.11509966    0.06004057
   -9.00000000    0.08280928    0.11561457    0.06048898
   -8.91666667    0.08344517    0.11613153    0.06094828
   -8.83333333    0.08408570    0.11665029    0.06141888
   -8.75000000    0.08473082    0.11717076    0.06190120
   -8.66666667    0.08538050    0.11769302    0.06239569
   -8.58333333    0.08603472    0.11821722    0.06290282
   -8.50000000    0.08669341    0.11874341    0.06342309
   -8.41666667    0.08735653    0.11927144    0.06395701
   -8.33333333    0.08802403    0.11980105    0.06450514
   -8.25000000    0.08869583    0.12033205    0.06506805
   -8.16666667    0.08937188    0.12086444    0.06564636
   -8.08333333    0.09005212    0.12139832    0.06624072
   -8.00000000    0.09073645    0.12193376    0.06685181
   -7.91666667    0.09142480    0.12247062    0.06748034
   -7.83333333    0.09211707    0.12300865    0.06812709
   -7.75000000    0.09281318    0.12354757    0.06879286
   -7.66666667    0.09351302    0.12408727    0.06947852
   -7.58333333    0.09421649    0.12462777    0.07018497
   -7.50000000    0.09492347    0.12516913    0.07091318
   -7.41666667    0.09563385    0.12571121    0.07166419
   -7.33333333    0.09634748    0.12625375    0.07243909
   -7.25000000    0.09706425    0.12679640    0.07323905
   -7.16666667    0.09778402    0.12733892    0.07406531
   -7.08333333    0.09850661    0.12788122    0.07491920
   -7.00000000    0.09923191    0.12842329    0.07580214
   -6.91666667    0.09995973    0.12896500    0.07671565
   -6.83333333    0.10068990    0.12950603    0.07766136
   -6.75000000    0.10142226    0.13004596    0.07864101
   -6.66666667    0.10215663    0.13058442    0.07965646
   -6.58333333    0.10289281    0.13112117    0.08070974
   -6.50000000    0.10363062    0.13165607    0.08180301
   -6.41666667    0.10436985    0.13218893    0.08293859
   -6.33333333    0.10511030    0.13271939    0.08411900
   -6.25000000    0.10585176    0.13324691    0.08534697
   -6.16666667    0.10659402    0.13377096    0.08662544
   -6.08333333    0.10733685    0.13429110    0.08795758
   -6.00000000    0.10808004    0.13480702    0.08934686
   -5.91666667    0.10882337    0.13531841    0.09079705
   -5.83333333    0.10956660    0.13582477    0.09231222
   -5.75000000    0.11030951    0.13632544    0.09389687
   -5.66666667    0.11105186    0.13681966    0.09555585
   -5.58333333    0.11179344    0.13730675    0.09729450
   -5.50000000    0.11253401    0.13778614    0.09911871
   -5.41666667    0.11327334    0.13825726    0.10103489
   -5.33333333    0.11401121    0.13871945    0.10305014
   -5.25000000    0.11474741    0.13917181    0.10517229
   -5.16666667    0.11548171    0.13961330    0.10740999
   -5.08333333    0.11621390    0.14004289    0.10977283
   -5.00000000    0.11694377    0.14045962    0.11227150
   -4.91666667    0.11767113    0.14086258    0.11491786
   -4.83333333    0.11839575    0.14125075    0.11772517
   -4.75000000    0.11911746    0.14162290    0.12070832
   -4.66666667    0.11983606    0.14197757    0.12388400
   -4.58333333    0.12055134    0.14231323    0.12727099
   -4.50000000    0.12126311    0.14262838    0.13089057
   -4.41666667    0.12197116    0.14292155    0.13476681
   -4.33333333    0.12267526    0.14319117    0.13892707
   -4.25000000    0.12337518    0.14343546    0.14340262
   -4.16666667    0.12407064    0.14365234    0.14822919
   -4.08333333    0.12476131    0.14383956    0.15344784
   -4.00000000    0.12544682    0.14399481    0.15910598
   -3.91666667    0.12612673    0.14411578    0.16525835
   -3.83333333    0.12680049    0.14420004    0.17196861
   -3.75000000    0.12746741    0.14424492    0.17931088
   -3.66666667    0.12812667    0.14424739    0.18737186
   -3.58333333    0.12877725    0.14420413    0.19625328
   -3.50000000    0.12941786    0.14411164    0.20607470
   -3.41666667    0.13004696    0.14396632    0.21697708
   -3.33333333    0.13066260    0.14376442    0.22912669
   -3.25000000    0.13126244    0.14350188    0.24271933
   -3.16666667    0.13184360    0.14317419    0.25798503
   -3.08333333    0.13240257    0.14277643    0.27519180
   -3.00000000    0.13293512    0.14230332    0.29464714
   -2.91666667    0.13343617    0.14174934    0.31669494
   -2.83333333    0.13389961    0.14110872    0.34170099
   -2.75000000    0.13431818    0.14037528    0.37001709
   -2.66666667    0.13468328    0.13954231    0.40190613
   -2.58333333    0.13498477    0.13860248    0.43739656
   -2.50000000    0.13521078    0.13754790    0.47602262
   -2.41666667    0.13534753    0.13637029    0.51640296
   -2.33333333    0.13537905    0.13506094    0.55564791
   -2.25000000    0.13528706    0.13361062    0.58874999
   -2.16666667    0.13505077    0.13200944    0.60846735
   -2.08333333    0.13464670    0.13024674    0.60660150
   -2.00000000    0.13404867    0.12831114    0.57725656
   -1.91666667    0.13322775    0.12619068    0.52078216
   -1.83333333    0.13215241    0.12387287    0.44503657
   -1.75000000    0.13078875    0.12134472    0.36207132
   -1.66666667    0.12910093    0.11859260    0.28284595
   -1.58333333    0.12705182    0.11560217    0.21402575
   -1.50000000    0.12460381    0.11235853    0.15792360
   -1.41666667    0.12171998    0.10884643    0.11403288
   -1.33333333    0.11836534    0.10505053    0.08057708
   -1.25000000    0.11450841    0.10095568    0.05549357
   -1.16666667    0.11012290    0.09654704    0.03689952
   -1.08333333    0.10518950    0.09181037    0.02324523
   -1.00000000    0.09969754    0.08673250    0.01331995
   -0.91666667    0.09364659    0.08130211    0.00620298
   -0.83333333    0.08704766    0.07551064    0.00120335
   -0.75000000    0.07992398    0.06935342   -0.00219474
   -0.66666667    0.07231114    0.06283067   -0.00437605
   -0.58333333    0.06425668    0.05594860   -0.00562814
   -0.50000000    0.05581885    0.04872063   -0.00616669
   -0.41666667    0.04706494    0.04116864   -0.00615414
   -0.33333333    0.03806890    0.03332414   -0.00571328
   -0.25000000    0.02890879    0.02522894   -0.00493734
   -0.16666667    0.01966400    0.01693493   -0.00389731
   -0.08333333    0.01041257    0.00850286   -0.00264732
    0.00000000    0.00122868    0.00000000    0.00122868
    0.08333333   -0.00781929   -0.00850286   -0.00032710
    0.16666667   -0.01667045   -0.01693493   -0.00199617
    0.25000000   -0.02527232   -0.02522894   -0.00376057
    0.33333333   -0.03358144   -0.03332414   -0.00560701
    0.41666667   -0.04156335   -0.04116864   -0.00752590
    0.50000000   -0.04919233   -0.04872063   -0.00951062
    0.58333333   -0.05645074   -0.05594860   -0.01155695
    0.66666667   -0.06332820   -0.06283067   -0.01366266
    0.75000000   -0.06982066   -0.06935342   -0.01582717
    0.83333333   -0.07592943   -0.07551064   -0.01805134
    0.91666667   -0.08166021   -0.08130211   -0.02033727
    1.00000000   -0.08702218   -0.08673250   -0.02268817
    1.08333333   -0.09202721   -0.09181037   -0.02510827
    1.16666667   -0.09668909   -0.09654704   -0.02760281
    1.25000000   -0.10102295   -0.10095568   -0.03017794
    1.33333333   -0.10504474   -0.10505053   -0.03284081
    1.41666667   -0.10877076   -0.10884643   -0.03559950
    1.50000000   -0.11221742   -0.11235853   -0.03846317
    1.58333333   -0.11540087   -0.11560217   -0.04144205
    1.66666667   -0.11833688   -0.11859260   -0.04454756
    1.75000000   -0.12104069   -0.12134472   -0.04779244
    1.83333333   -0.12352688   -0.12387287   -0.05119085
    1.91666667   -0.12580933   -0.12619068   -0.05475857
    2.00000000   -0.12790120   -0.12831114   -0.05851322
    2.08333333   -0.12981487   -0.13024674   -0.06247443
    2.16666667   -0.13156202   -0.13200944   -0.06666418
    2.25000000   -0.13315357   -0.13361062   -0.07110706
    2.33333333   -0.13459975   -0.13506094   -0.07583072
    2.41666667   -0.13591013   -0.13637029   -0.08086628
    2.50000000   -0.13709363   -0.13754790   -0.08624883
    2.58333333   -0.13815856   -0.13860248   -0.09201809
    2.66666667   -0.13911270   -0.13954231   -0.09821913
    2.75000000   -0.13996327   -0.14037528   -0.10490318
    2.83333333   -0.14071702   -0.14110872   -0.11212868
    2.91666667   -0.14138023   -0.14174934   -0.11996253
    3.00000000   -0.14195875   -0.14230332   -0.12848134
    3.08333333   -0.14245807   -0.14277643   -0.13777328
    3.16666667   -0.14288328   -0.14317419   -0.14794001
    3.25000000   -0.14323914   -0.14350188   -0.15909890
    3.33333333   -0.14353011   -0.14376442   -0.17138597
    3.41666667   -0.14376035   -0.14396632   -0.18495901
    3.50000000   -0.14393375   -0.14411164   -0.20000123
    3.58333333   -0.14405396   -0.14420413   -0.21672569
    3.66666667   -0.14412438   -0.14424739   -0.23538003
    3.75000000   -0.14414821   -0.14424492   -0.25625142
    3.83333333   -0.14412846   -0.14420004   -0.27967206
    3.91666667   -0.14406794   -0.14411578   -0.30602380
    4.00000000   -0.14396928   -0.14399481   -0.33574092
    4.08333333   -0.14383498   -0.14383956   -0.36931018
    4.16666667   -0.14366735   -0.14365234   -0.40726276
    4.25000000   -0.14346860   -0.14343546   -0.45015626
    4.33333333   -0.14324078   -0.14319117   -0.49853428
    4.41666667   -0.14298583   -0.14292155   -0.55285644
    4.50000000   -0.14270558   -0.14262838   -0.61338254
    4.58333333   -0.14240175   -0.14231323   -0.67999038
    4.66666667   -0.14207596   -0.14197757   -0.75192116
    4.75000000   -0.14172972   -0.14162290   -0.82745930
    4.83333333   -0.14136449   -0.14125075   -0.90359798
    4.91666667   -0.14098161   -0.14086258   -0.97583124
    5.00000000   -0.14058236   -0.14045962   -1.03828464
    5.08333333   -0.14016794   -0.14004289   -1.08440627
    5.16666667   -0.13973949   -0.13961330   -1.10827735
    5.25000000   -0.13929808   -0.13917181   -1.10620939
    5.33333333   -0.13884472   -0.13871945   -1.07794143
    5.41666667   -0.13838036   -0.13825726   -1.02679030
    5.50000000   -0.13790589   -0.13778614   -0.95864623
    5.58333333   -0.13742217   -0.13730675   -0.88035894
    5.66666667   -0.13693000   -0.13681966   -0.79825907
    5.75000000   -0.13643012   -0.13632544   -0.71728049
    5.83333333   -0.13592324   -0.13582477   -0.64072632
    5.91666667   -0.13541004   -0.13531841   -0.57045325
    6.00000000   -0.13489115   -0.13480702   -0.50723048
    6.08333333   -0.13436716   -0.13429110   -0.45110856
    6.16666667   -0.13383863   -0.13377096   -0.40171393
    6.25000000   -0.13330609   -0.13324691   -0.35845781
    6.33333333   -0.13277004   -0.13271939   -0.32067243
    6.41666667   -0.13223095   -0.13218893   -0.28768952
    6.50000000   -0.13168925   -0.13165607   -0.25888235
    6.58333333   -0.13114537   -0.13112117   -0.23368619
    6.66666667   -0.13059969   -0.13058442   -0.21160355
    6.75000000   -0.13005259   -0.13004596   -0.19220225
    6.83333333   -0.12950440   -0.12950603   -0.17511099
    6.91666667   -0.12895545   -0.12896500   -0.16001217
    7.00000000   -0.12840606   -0.12842329   -0.14663470
    7.08333333   -0.12785650   -0.12788122   -0.13474794
    7.16666667   -0.12730705   -0.12733892   -0.12415540
    7.25000000   -0.12675795   -0.12679640   -0.11468938
    7.33333333   -0.12620945   -0.12625375   -0.10620685
    7.41666667   -0.12566177   -0.12571121   -0.09858538
    7.50000000   -0.12511511   -0.12516913   -0.09171987
    7.58333333   -0.12456967   -0.12462777   -0.08552005
    7.66666667   -0.12402563   -0.12408727   -0.07990808
    7.75000000   -0.12348317   -0.12354757   -0.07481660
    7.83333333   -0.12294243   -0.12300865   -0.07018727
    7.91666667   -0.12240358   -0.12247062   -0.06596938
    8.00000000   -0.12186675   -0.12193376   -0.06211865
    8.08333333   -0.12133206   -0.12139832   -0.05859646
    8.16666667   -0.12079963   -0.12086444   -0.05536886
    8.25000000   -0.12026958   -0.12033205   -0.05240614
    8.33333333   -0.11974201   -0.11980105   -0.04968202
    8.41666667   -0.11921701   -0.11927144   -0.04717329
    8.50000000   -0.11869468   -0.11874341   -0.04485949
    8.58333333   -0.11817509   -0.11821722   -0.04272235
    8.66666667   -0.11765832   -0.11769302   -0.04074566
    8.75000000   -0.11714443   -0.11717076   -0.03891501
    8.83333333   -0.11663350   -0.11665029   -0.03721746
    8.91666667   -0.11612556   -0.11613153   -0.03564143
    9.00000000   -0.11562070   -0.11561457   -0.03417660
    9.08333333   -0.11511893   -0.11509966   -0.03281360
    9.16666667   -0.11462031   -0.11458696   -0.03154404
    9.25000000   -0.11412488   -0.11407649   -0.03036036
    9.33333333   -0.11363268   -0.11356805   -0.02925569
    9.41666667   -0.11314372   -0.11306151   -0.02822382
    9.50000000   -0.11265804   -0.11255688   -0.02725914
    9.58333333   -0.11217567   -0.11205434   -0.02635653
    9.66666667   -0.11169661   -0.11155411   -0.02551133
    9.75000000   -0.11122090   -0.11105623   -0.02471932
    9.83333333   -0.11074854   -0.11056055   -0.02397661
    9.91666667   -0.11027954   -0.11006686   -0.02327967
   10.00000000   -0.10981392   -0.10957509   -0.02262527
   10.08333333   -0.10935168   -0.10908538   -0.02201044
   10.16666667   -0.10889283   -0.10859794   -0.02143244
   10.25000000   -0.10843736   -0.10811288   -0.02088880
   10.33333333   -0.10798528   -0.10763010   -0.02037720
   10.41666667   -0.10753658   -0.10714935   -0.01989551
   10.50000000   -0.10709127   -0.10667048   -0.01944180
   10.58333333   -0.10664934   -0.10619355   -0.01901425
   10.66666667   -0.10621078   -0.10571879   -0.01861119
   10.75000000   -0.10577558   -0.10524634   -0.01823109
   10.83333333   -0.10534374   -0.10477617   -0.01787252
   10.91666667   -0.10491523   -0.10430804   -0.01753413
   11.00000000   -0.10449006   -0.10384172   -0.01721473
   11.08333333   -0.10406821   -0.10337720   -0.01691315
   11.16666667   -0.10364966   -0.10291465   -0.01662834
   11.25000000   -0.10323441   -0.10245428   -0.01635931
   11.33333333   -0.10282243   -0.10199613   -0.01610514
   11.41666667   -0.10241370   -0.10153999   -0.01586498
   11.50000000   -0.10200822   -0.10108558   -0.01563801
   11.58333333   -0.10160596   -0.10063278   -0.01542351
   11.66666667   -0.10120690   -0.10018173   -0.01522076
   11.75000000   -0.10081103   -0.09973266   -0.01502912
   11.83333333   -0.10041833   -0.09928569   -0.01484797
   11.91666667   -0.10002877   -0.09884065   -0.01467675
   12.00000000   -0.09964233   -0.09839726   -0.01451491
   12.08333333   -0.09925900   -0.09795530   -0.01436197
   12.16666667   -0.09887874   -0.09751483   -0.01421743
   12.25000000   -0.09850155   -0.09707607   -0.01408087
   12.33333333   -0.09812740   -0.09663922   -0.01395186
   12.41666667   -0.09775625   -0.09620421   -0.01383001
   12.50000000   -0.09738811   -0.09577074   -0.01371496
   12.58333333   -0.09702293   -0.09533853   -0.01360636
   12.66666667   -0.09666069   -0.09490751   -0.01350388
   12.75000000   -0.09630138   -0.09447791   -0.01340722
   12.83333333   -0.09594497   -0.09404995   -0.01331608
   12.91666667   -0.09559143   -0.09362369   -0.01323019
   13.00000000   -0.09524075   -0.09319884   -0.01314929
   13.08333333   -0.09489290   -0.09277508   -0.01307315
   13.16666667   -0.09454784   -0.09235223   -0.01300151
   13.25000000   -0.09420557   -0.09193043   -0.01293419
   13.33333333   -0.09386606   -0.09150997   -0.01287095
   13.41666667   -0.09352927   -0.09109097   -0.01281161
   13.50000000   -0.09319520   -0.09067326   -0.01275598
   13.58333333   -0.09286381   -0.09025646   -0.01270390
   13.66666667   -0.09253507   -0.08984027   -0.01265518
   13.75000000   -0.09220898   -0.08942475   -0.01260968
   13.83333333   -0.09188550   -0.08901019   -0.01256725
   13.91666667   -0.09156461   -0.08859680   -0.01252774
   14.00000000   -0.09124629   -0.08818451   -0.01249102
   14.08333333   -0.09093051   -0.08777294   -0.01245696
   14.16666667   -0.09061724   -0.08736171   -0.01242544
   14.25000000   -0.09030647   -0.08695072   -0.01239635
   14.33333333   -0.08999818   -0.08654024   -0.01236958
   14.41666667   -0.08969233   -0.08613056   -0.01234502
   14.50000000   -0.08938891   -0.08572173   -0.01232257
   14.58333333   -0.08908789   -0.08531340   -0.01230213
   14.66666667   -0.08878925   -0.08490513   -0.01228363
   14.75000000   -0.08849297   -0.08449667   -0.01226697
   14.83333333   -0.08819902   -0.08408818   -0.01225207
   14.91666667   -0.08790739   -0.08368004   -0.01223886
   15.00000000   -0.08761805   -0.08327239   -0.01222725
   15.08333333   -0.08733097   -0.08286502   -0.01221719
   15.16666667   -0.08704614   -0.08245738   -0.01220859
   15.25000000   -0.08676354   -0.08204910   -0.01220140
   15.33333333   -0.08648315   -0.08164021   -0.01219556
   15.41666667   -0.08620493   -0.08123107   -0.01219101
   15.50000000   -0.08592887   -0.08082198   -0.01218769
   15.58333333   -0.08565496   -0.08041284   -0.01218555
   15.66666667   -0.08538316   -0.08000311   -0.01218453
   15.75000000   -0.08511346   -0.07959226   -0.01218459
   15.83333333   -0.08484584   -0.07918013   -0.01218569
   15.91666667   -0.08458028   -0.07876705   -0.01218777
   16.00000000   -0.08431675   -0.07835343   -0.01219080
   16.08333333   -0.08405524   -0.07793933   -0.01219473
   16.16666667   -0.08379574   -0.07752426   -0.01219952
   16.25000000   -0.08353820   -0.07710756   -0.01220514
   16.33333333   -0.08328263   -0.07668885   -0.01221155
   16.41666667   -0.08302900   -0.07626834   -0.01221872
   16.50000000   -0.08277728   -0.07584654   -0.01222662
   16.58333333   -0.08252747   -0.07542369   -0.01223520
   16.66666667   -0.08227955   -0.07499942   -0.01224445
   16.75000000   -0.08203348   -0.07457296   -0.01225434
   16.83333333   -0.08178926   -0.07414370   -0.01226483
   16.91666667   -0.08154687   -0.07371165   -0.01227589
   17.00000000   -0.08130629   -0.07327736   -0.01228752
   17.08333333   -0.08106751   -0.07284129   -0.01229967
   17.16666667   -0.08083050   -0.07240325   -0.01231233
   17.25000000   -0.08059524   -0.07196244   -0.01232547
   17.33333333   -0.08036172   -0.07151797   -0.01233908
   17.41666667   -0.08012994   -0.07106961   -0.01235313
   17.50000000   -0.07989985   -0.07061785   -0.01236760
   17.58333333   -0.07967145   -0.07016340   -0.01238247
   17.66666667   -0.07944473   -0.06970636   -0.01239773
   17.75000000   -0.07921967   -0.06924597   -0.01241335
   17.83333333   -0.07899624   -0.06878109   -0.01242933
   17.91666667   -0.07877444   -0.06831113   -0.01244563
   18.00000000   -0.07855425   -0.06783650   -0.01246226
   18.08333333   -0.07833565   -0.06735816   -0.01247919
   18.16666667   -0.07811863   -0.06687663   -0.01249641
   18.25000000   -0.07790317   -0.06639135   -0.01251390
   18.33333333   -0.07768926   -0.06590098   -0.01253166
   18.41666667   -0.07747688   -0.06540449   -0.01254967
   18.50000000   -0.07726602   -0.06490213   -0.01256791
   18.58333333   -0.07705666   -0.06439521   -0.01258638
   18.66666667   -0.07684879   -0.06388491   -0.01260506
   18.75000000   -0.07664239   -0.06337115   -0.01262394
   18.83333333   -0.07643745   -0.06285247   -0.01264302
   18.91666667   -0.07623396   -0.06232734   -0.01266228
   19.00000000   -0.07603189   -0.06179576   -0.01268171
   19.08333333   -0.07583125   -0.06125961   -0.01270130
   19.16666667   -0.07563201   -0.06072129   -0.01272105
   19.25000000   -0.07543416   -0.06018162   -0.01274095
   19.33333333   -0.07523769   -0.05963897   -0.01276098
   19.41666667   -0.07504258   -0.05909066   -0.01278114
   19.50000000   -0.07484883   -0.05853572   -0.01280143
   19.58333333   -0.07465641   -0.05797614   -0.01282182
   19.66666667   -0.07446532   -0.05741453   -0.01284233
   19.75000000   -0.07427554   -0.05684841   -0.01286293
   19.83333333   -0.07408706   -0.05626458   -0.01288363
   19.91666667   -0.07389988   -0.05563819   -0.01290442
   20.00000000   -0.07371396   -0.05493887   -0.01292529
