  -20.00000000   -0.00655565    0.06028334    0.07422093
  -19.91666667   -0.00652597    0.06103871    0.07439735
  -19.83333333   -0.00649629    0.06170858    0.07457511
  -19.75000000   -0.00646659    0.06233010    0.07475423
  -19.66666667   -0.00643688    0.06293346    0.07493474
  -19.58333333   -0.00640716    0.06353437    0.07511663
  -19.50000000   -0.00637743    0.06413537    0.07529994
  -19.41666667   -0.00634769    0.06473282    0.07548469
  -19.33333333   -0.00631793    0.06532398    0.07567087
  -19.25000000   -0.00628817    0.06590991    0.07585853
  -19.16666667   -0.00625840    0.06649381    0.07604766
  -19.08333333   -0.00622863    0.06707764    0.07623830
  -19.00000000   -0.00619884    0.06766034    0.07643047
  -18.91666667   -0.00616905    0.06823889    0.07662417
  -18.83333333   -0.00613926    0.06881090    0.07681943
  -18.75000000   -0.00610946    0.06937635    0.07701628
  -18.66666667   -0.00607966    0.06993707    0.07721473
  -18.58333333   -0.00604985    0.07049483    0.07741480
  -18.50000000   -0.00602004    0.07104975    0.07761651
  -18.41666667   -0.00599023    0.07160027    0.07781989
  -18.33333333   -0.00596042    0.07214475    0.07802496
  -18.25000000   -0.00593061    0.07268284    0.07823173
  -18.16666667   -0.00590079    0.07321577    0.07844025
  -18.08333333   -0.00587098    0.07374515    0.07865051
  -18.00000000   -0.00584116    0.07427166    0.07886255
  -17.91666667   -0.00581135    0.07479461    0.07907640
  -17.83333333   -0.00578154    0.07531279    0.07929208
  -17.75000000   -0.00575173    0.07582563    0.07950961
  -17.66666667   -0.00572192    0.07633385    0.07972902
  -17.58333333   -0.00569211    0.07683881    0.07995033
  -17.50000000   -0.00566231    0.07734142    0.08017358
  -17.41666667   -0.00563250    0.07784154    0.08039879
  -17.33333333   -0.00560271    0.07833827    0.08062598
  -17.25000000   -0.00557291    0.07883096    0.08085519
  -17.16666667   -0.00554311    0.07931987    0.08108644
  -17.08333333   -0.00551332    0.07980606    0.08131976
  -17.00000000   -0.00548353    0.08029052    0.08155519
  -16.91666667   -0.00545374    0.08077345    0.08179275
  -16.83333333   -0.00542396    0.08125425    0.08203247
  -16.75000000   -0.00539417    0.08173225    0.08227440
  -16.66666667   -0.00536439    0.08220739    0.08251855
  -16.58333333   -0.00533461    0.08268040    0.08276496
  -16.50000000   -0.00530482    0.08315223    0.08301367
  -16.41666667   -0.00527504    0.08362331    0.08326471
  -16.33333333   -0.00524525    0.08409333    0.08351811
  -16.25000000   -0.00521547    0.08456165    0.08377392
  -16.16666667   -0.00518567    0.08502800    0.08403216
  -16.08333333   -0.00515588    0.08549280    0.08429288
  -16.00000000   -0.00512607    0.08595688    0.08455612
  -15.91666667   -0.00509626    0.08642082    0.08482191
  -15.83333333   -0.00506644    0.08688455    0.08509030
  -15.75000000   -0.00503660    0.08734754    0.08536132
  -15.66666667   -0.00500676    0.08780938    0.08563502
  -15.58333333   -0.00497689    0.08827024    0.08591144
  -15.50000000   -0.00494701    0.08873078    0.08619063
  -15.41666667   -0.00491711    0.08919163    0.08647262
  -15.33333333   -0.00488719    0.08965293    0.08675747
  -15.25000000   -0.00485723    0.09011432    0.08704522
  -15.16666667   -0.00482725    0.09057531    0.08733592
  -15.08333333   -0.00479724    0.09103587    0.08762963
  -15.00000000   -0.00476719    0.09149645    0.08792638
  -14.91666667   -0.00473710    0.09195770    0.08822623
  -14.83333333   -0.00470696    0.09241991    0.08852925
  -14.75000000   -0.00467678    0.09288288    0.08883546
  -14.66666667   -0.00464654    0.09334615    0.08914495
  -14.58333333   -0.00461623    0.09380951    0.08945775
  -14.50000000   -0.00458587    0.09427324    0.08977394
  -14.41666667   -0.00455543    0.09473791    0.09009356
  -14.33333333   -0.00452492    0.09520393    0.09041669
  -14.25000000   -0.00449432    0.09567125    0.09074337
  -14.16666667   -0.00446363    0.09613950    0.09107369
  -14.08333333   -0.00443284    0.09660835    0.09140770
  -14.00000000   -0.00440195    0.09707792    0.09174547
  -13.91666667   -0.00437093    0.09754865    0.09208706
  -13.83333333   -0.00433980    0.09802103    0.09243257
  -13.75000000   -0.00430853    0.09849515    0.09278205
  -13.66666667   -0.00427711    0.09897074    0.09313557
  -13.58333333   -0.00424554    0.09944745    0.09349323
  -13.50000000   -0.00421380    0.09992521    0.09385509
  -13.41666667   -0.00418189    0.10040437    0.09422124
  -13.33333333   -0.00414978    0.10088538    0.09459176
  -13.25000000   -0.00411746    0.10136849    0.09496673
  -13.16666667   -0.00408493    0.10185354    0.09534625
  -13.08333333   -0.00405216    0.10234019    0.09573042
  -13.00000000   -0.00401915    0.10282825    0.09611930
  -12.91666667   -0.00398586    0.10331792    0.09651301
  -12.83333333   -0.00395229    0.10380964    0.09691166
  -12.75000000   -0.00391841    0.10430372    0.09731532
  -12.66666667   -0.00388422    0.10480014    0.09772411
  -12.58333333   -0.00384967    0.10529859    0.09813815
  -12.50000000   -0.00381476    0.10579883    0.09855753
  -12.41666667   -0.00377946    0.10630092    0.09898237
  -12.33333333   -0.00374375    0.10680521    0.09941280
  -12.25000000   -0.00370759    0.10731207    0.09984892
  -12.16666667   -0.00367097    0.10782159    0.10029088
  -12.08333333   -0.00363385    0.10833356    0.10073879
  -12.00000000   -0.00359620    0.10884767    0.10119279
  -11.91666667   -0.00355800    0.10936389    0.10165302
  -11.83333333   -0.00351921    0.10988245    0.10211962
  -11.75000000   -0.00347979    0.11040374    0.10259273
  -11.66666667   -0.00343970    0.11092794    0.10307250
  -11.58333333   -0.00339891    0.11145494    0.10355910
  -11.50000000   -0.00335738    0.11198445    0.10405268
  -11.41666667   -0.00331506    0.11251632    0.10455341
  -11.33333333   -0.00327191    0.11305068    0.10506146
  -11.25000000   -0.00322787    0.11358789    0.10557700
  -11.16666667   -0.00318291    0.11412821    0.10610023
  -11.08333333   -0.00313696    0.11467161    0.10663134
  -11.00000000   -0.00308997    0.11521784    0.10717051
  -10.91666667   -0.00304189    0.11576670    0.10771796
  -10.83333333   -0.00299264    0.11631820    0.10827390
  -10.75000000   -0.00294217    0.11687264    0.10883854
  -10.66666667   -0.00289040    0.11743030    0.10941211
  -10.58333333   -0.00283727    0.11799127    0.10999485
  -10.50000000   -0.00278270    0.11855536    0.11058700
  -10.41666667   -0.00272661    0.11912232    0.11118882
  -10.33333333   -0.00266891    0.11969206    0.11180057
  -10.25000000   -0.00260952    0.12026480    0.11242252
  -10.16666667   -0.00254835    0.12084083    0.11305496
  -10.08333333   -0.00248530    0.12142030    0.11369818
  -10.00000000   -0.00242026    0.12200311    0.11435249
   -9.91666667   -0.00235313    0.12258898    0.11501821
   -9.83333333   -0.00228380    0.12317778    0.11569567
   -9.75000000   -0.00221214    0.12376959    0.11638521
   -9.66666667   -0.00213804    0.12436468    0.11708720
   -9.58333333   -0.00206135    0.12496326    0.11780202
   -9.50000000   -0.00198195    0.12556528    0.11853004
   -9.41666667   -0.00189969    0.12617053    0.11927168
   -9.33333333   -0.00181440    0.12677876    0.12002739
   -9.25000000   -0.00172594    0.12738998    0.12079757
   -9.16666667   -0.00163414    0.12800439    0.12158272
   -9.08333333   -0.00153880    0.12862222    0.12238331
   -9.00000000   -0.00143976    0.12924349    0.12319985
   -8.91666667   -0.00133681    0.12986801    0.12403287
   -8.83333333   -0.00122973    0.13049551    0.12488293
   -8.75000000   -0.00111833    0.13112588    0.12575061
   -8.66666667   -0.00100235    0.13175924    0.12663652
   -8.58333333   -0.00088157    0.13239580    0.12754131
   -8.50000000   -0.00075573    0.13303563    0.12846563
   -8.41666667   -0.00062456    0.13367858    0.12941020
   -8.33333333   -0.00048778    0.13432435    0.13037576
   -8.25000000   -0.00034509    0.13497275    0.13136309
   -8.16666667   -0.00019618    0.13562378    0.13237299
   -8.08333333   -0.00004072    0.13627759    0.13340636
   -8.00000000    0.00012163    0.13693428    0.13446407
   -7.91666667    0.00029124    0.13759372    0.13554710
   -7.83333333    0.00046850    0.13825563    0.13665645
   -7.75000000    0.00065380    0.13891969    0.13779318
   -7.66666667    0.00084758    0.13958578    0.13895844
   -7.58333333    0.00105028    0.14025397    0.14015338
   -7.50000000    0.00126238    0.14092434    0.14137930
   -7.41666667    0.00148437    0.14159677    0.14263751
   -7.33333333    0.00171677    0.14227095    0.14392943
   -7.25000000    0.00196015    0.14294649    0.14525656
   -7.16666667    0.00221508    0.14362313    0.14662048
   -7.08333333    0.00248218    0.14430079    0.14802289
   -7.00000000    0.00276209    0.14497948    0.14946560
   -6.91666667    0.00305549    0.14565907    0.15095051
   -6.83333333    0.00336312    0.14633921    0.15247965
   -6.75000000    0.00368571    0.14701941    0.15405522
   -6.66666667    0.00402408    0.14769925    0.15567954
   -6.58333333    0.00437907    0.14837848    0.15735508
   -6.50000000    0.00475156    0.14905695    0.15908451
   -6.41666667    0.00514250    0.14973446    0.16087068
   -6.33333333    0.00555286    0.15041059    0.16271663
   -6.25000000    0.00598370    0.15108474    0.16462566
   -6.16666667    0.00643611    0.15175628    0.16660130
   -6.08333333    0.00691126    0.15242471    0.16864733
   -6.00000000    0.00741036    0.15308969    0.17076786
   -5.91666667    0.00793471    0.15375084    0.17296732
   -5.83333333    0.00848566    0.15440761    0.17525045
   -5.75000000    0.00906465    0.15505922    0.17762247
   -5.66666667    0.00967319    0.15570477    0.18008897
   -5.58333333    0.01031287    0.15634346    0.18265601
   -5.50000000    0.01098537    0.15697462    0.18533027
   -5.41666667    0.01169247    0.15759759    0.18811892
   -5.33333333    0.01243602    0.15821157    0.19102984
   -5.25000000    0.01321798    0.15881550    0.19407165
   -5.16666667    0.01404043    0.15940814    0.19725375
   -5.08333333    0.01490552    0.15998824    0.20058647
   -5.00000000    0.01581554    0.16055466    0.20408120
   -4.91666667    0.01677290    0.16110630    0.20775042
   -4.83333333    0.01778010    0.16164193    0.21160792
   -4.75000000    0.01883978    0.16216005    0.21566898
   -4.66666667    0.01995471    0.16265890    0.21995051
   -4.58333333    0.02112776    0.16313663    0.22447123
   -4.50000000    0.02236196    0.16359139    0.22925211
   -4.41666667    0.02366046    0.16402140    0.23431642
   -4.33333333    0.02502649    0.16442474    0.23969017
   -4.25000000    0.02646347    0.16479920    0.24540263
   -4.16666667    0.02797489    0.16514224    0.25148655
   -4.08333333    0.02956434    0.16545112    0.25797883
   -4.00000000    0.03123552    0.16572298    0.26492118
   -3.91666667    0.03299220    0.16595497    0.27236065
   -3.83333333    0.03483819    0.16614409    0.28035068
   -3.75000000    0.03677730    0.16628703    0.28895179
   -3.66666667    0.03881334    0.16638006    0.29823293
   -3.58333333    0.04095005    0.16641907    0.30827252
   -3.50000000    0.04319100    0.16639973    0.31915980
   -3.41666667    0.04553958    0.16631759    0.33099641
   -3.33333333    0.04799886    0.16616799    0.34389784
   -3.25000000    0.05057148    0.16594590    0.35799461
   -3.16666667    0.05325953    0.16564575    0.37343360
   -3.08333333    0.05606437    0.16526145    0.39037800
   -3.00000000    0.05898642    0.16478647    0.40900569
   -2.91666667    0.06202495    0.16421400    0.42950496
   -2.83333333    0.06517779    0.16353692    0.45206436
   -2.75000000    0.06844095    0.16274761    0.47685325
   -2.66666667    0.07180836    0.16183780    0.50398749
   -2.58333333    0.07527130    0.16079851    0.53346949
   -2.50000000    0.07881799    0.15962010    0.56508899
   -2.41666667    0.08243301    0.15829244    0.59826721
   -2.33333333    0.08609668    0.15680495    0.63182463
   -2.25000000    0.08978440    0.15514645    0.66367072
   -2.16666667    0.09346600    0.15330500    0.69046675
   -2.08333333    0.09710499    0.15126783    0.70742812
   -2.00000000    0.10065793    0.14902135    0.70861328
   -1.91666667    0.10407388    0.14655139    0.68814342
   -1.83333333    0.10729392    0.14384331    0.64247098
   -1.75000000    0.11025108    0.14088195    0.57282735
   -1.66666667    0.11287039    0.13765161    0.48602941
   -1.58333333    0.11506962    0.13413600    0.39246621
   -1.50000000    0.11676046    0.13031836    0.30237701
   -1.41666667    0.11785041    0.12618183    0.22290394
   -1.33333333    0.11824545    0.12170985    0.15728661
   -1.25000000    0.11785346    0.11688641    0.10570728
   -1.16666667    0.11658838    0.11169634    0.06662852
   -1.08333333    0.11437482    0.10612561    0.03787383
   -1.00000000    0.11115305    0.10016191    0.01726412
   -0.91666667    0.10688371    0.09379549    0.00290268
   -0.83333333    0.10155199    0.08702027   -0.00674667
   -0.75000000    0.09517064    0.07983481   -0.01287894
   -0.66666667    0.08778151    0.07224340   -0.01640270
   -0.58333333    0.07945511    0.06425690   -0.01800007
   -0.50000000    0.07028843    0.05589381   -0.01817985
   -0.41666667    0.06040071    0.04718131   -0.01732054
   -0.33333333    0.04992793    0.03815615   -0.01570358
   -0.25000000    0.03901635    0.02886510   -0.01353842
   -0.16666667    0.02781572    0.01936457   -0.01098108
   -0.08333333    0.01647284    0.00971927   -0.00814797
    0.00000000    0.00512598    0.00000000    0.00512598
    0.08333333   -0.00609958   -0.00971927    0.00197997
    0.16666667   -0.01709459   -0.01936457   -0.00124169
    0.25000000   -0.02776756   -0.02886510   -0.00450306
    0.33333333   -0.03804521   -0.03815615   -0.00777755
    0.41666667   -0.04787198   -0.04718131   -0.01104565
    0.50000000   -0.05720873   -0.05589381   -0.01429323
    0.58333333   -0.06603092   -0.06425690   -0.01751024
    0.66666667   -0.07432668   -0.07224340   -0.02068973
    0.75000000   -0.08209455   -0.07983481   -0.02382713
    0.83333333   -0.08934154   -0.08702027   -0.02691965
    0.91666667   -0.09608122   -0.09379549   -0.02996587
    1.00000000   -0.10233195   -0.10016191   -0.03296541
    1.08333333   -0.10811556   -0.10612561   -0.03591866
    1.16666667   -0.11345603   -0.11169634   -0.03882658
    1.25000000   -0.11837862   -0.11688641   -0.04169059
    1.33333333   -0.12290899   -0.12170985   -0.04451239
    1.41666667   -0.12707267   -0.12618183   -0.04729390
    1.50000000   -0.13089463   -0.13031836   -0.05003722
    1.58333333   -0.13439890   -0.13413600   -0.05274449
    1.66666667   -0.13760840   -0.13765161   -0.05541796
    1.75000000   -0.14054479   -0.14088195   -0.05805986
    1.83333333   -0.14322840   -0.14384331   -0.06067243
    1.91666667   -0.14567820   -0.14655139   -0.06325788
    2.00000000   -0.14791184   -0.14902135   -0.06581839
    2.08333333   -0.14994561   -0.15126783   -0.06835608
    2.16666667   -0.15179459   -0.15330500   -0.07087303
    2.25000000   -0.15347264   -0.15514645   -0.07337123
    2.33333333   -0.15499251   -0.15680495   -0.07585260
    2.41666667   -0.15636589   -0.15829244   -0.07831902
    2.50000000   -0.15760351   -0.15962010   -0.08077224
    2.58333333   -0.15871521   -0.16079851   -0.08321397
    2.66666667   -0.15970998   -0.16183780   -0.08564582
    2.75000000   -0.16059609   -0.16274761   -0.08806929
    2.83333333   -0.16138108   -0.16353692   -0.09048582
    2.91666667   -0.16207190   -0.16421400   -0.09289674
    3.00000000   -0.16267488   -0.16478647   -0.09530327
    3.08333333   -0.16319586   -0.16526145   -0.09770652
    3.16666667   -0.16364021   -0.16564575   -0.10010752
    3.25000000   -0.16401283   -0.16594590   -0.10250712
    3.33333333   -0.16431828   -0.16616799   -0.10490607
    3.41666667   -0.16456073   -0.16631759   -0.10730497
    3.50000000   -0.16474403   -0.16639973   -0.10970427
    3.58333333   -0.16487177   -0.16641907   -0.11210423
    3.66666667   -0.16494723   -0.16638006   -0.11450493
    3.75000000   -0.16497348   -0.16628703   -0.11690623
    3.83333333   -0.16495337   -0.16614409   -0.11930776
    3.91666667   -0.16488955   -0.16595497   -0.12170889
    4.00000000   -0.16478449   -0.16572298   -0.12410868
    4.08333333   -0.16464049   -0.16545112   -0.12650588
    4.16666667   -0.16445971   -0.16514224   -0.12889883
    4.25000000   -0.16424417   -0.16479920   -0.13128550
    4.33333333   -0.16399577   -0.16442474   -0.13366334
    4.41666667   -0.16371630   -0.16402140   -0.13602926
    4.50000000   -0.16340744   -0.16359139   -0.13837960
    4.58333333   -0.16307077   -0.16313663   -0.14070997
    4.66666667   -0.16270780   -0.16265890   -0.14301519
    4.75000000   -0.16231995   -0.16216005   -0.14528919
    4.83333333   -0.16190857   -0.16164193   -0.14752489
    4.91666667   -0.16147493   -0.16110630   -0.14971400
    5.00000000   -0.16102025   -0.16055466   -0.15184698
    5.08333333   -0.16054569   -0.15998824   -0.15391270
    5.16666667   -0.16005236   -0.15940814   -0.15589834
    5.25000000   -0.15954130   -0.15881550   -0.15778916
    5.33333333   -0.15901353   -0.15821157   -0.15956811
    5.41666667   -0.15847000   -0.15759759   -0.16121565
    5.50000000   -0.15791163   -0.15697462   -0.16270935
    5.58333333   -0.15733931   -0.15634346   -0.16402348
    5.66666667   -0.15675388   -0.15570477   -0.16512859
    5.75000000   -0.15615615   -0.15505922   -0.16599105
    5.83333333   -0.15554689   -0.15440761   -0.16657246
    5.91666667   -0.15492686   -0.15375084   -0.16682908
    6.00000000   -0.15429677   -0.15308969   -0.16671122
    6.08333333   -0.15365729   -0.15242471   -0.16616252
    6.16666667   -0.15300911   -0.15175628   -0.16511930
    6.25000000   -0.15235284   -0.15108474   -0.16350978
    6.33333333   -0.15168910   -0.15041059   -0.16125348
    6.41666667   -0.15101848   -0.14973446   -0.15826061
    6.50000000   -0.15034153   -0.14905695   -0.15443151
    6.58333333   -0.14965880   -0.14837848   -0.14965659
    6.66666667   -0.14897081   -0.14769925   -0.14381641
    6.75000000   -0.14827806   -0.14701941   -0.13678217
    6.83333333   -0.14758102   -0.14633921   -0.12841730
    6.91666667   -0.14688017   -0.14565907   -0.11857958
    7.00000000   -0.14617593   -0.14497948   -0.10712438
    7.08333333   -0.14546874   -0.14430079   -0.09390981
    7.16666667   -0.14475900   -0.14362313   -0.07880303
    7.25000000   -0.14404710   -0.14294649   -0.06168823
    7.33333333   -0.14333342   -0.14227095   -0.04247722
    7.41666667   -0.14261833   -0.14159677   -0.02112086
    7.50000000   -0.14190215   -0.14092434    0.00237857
    7.58333333   -0.14118522   -0.14025397    0.02795375
    7.66666667   -0.14046787   -0.13958578    0.05546098
    7.75000000   -0.13975037   -0.13891969    0.08467192
    7.83333333   -0.13903304   -0.13825563    0.11526872
    7.91666667   -0.13831614   -0.13759372    0.14684721
    8.00000000   -0.13759994   -0.13693428    0.17892818
    8.08333333   -0.13688468   -0.13627759    0.21097500
    8.16666667   -0.13617061   -0.13562378    0.24242153
    8.25000000   -0.13545796   -0.13497275    0.27270118
    8.33333333   -0.13474694   -0.13432435    0.30128209
    8.41666667   -0.13403775   -0.13367858    0.32769653
    8.50000000   -0.13333061   -0.13303563    0.35156473
    8.58333333   -0.13262569   -0.13239580    0.37261280
    8.66666667   -0.13192316   -0.13175924    0.39067809
    8.75000000   -0.13122321   -0.13112588    0.40570565
    8.83333333   -0.13052598   -0.13049551    0.41773878
    8.91666667   -0.12983162   -0.12986801    0.42690210
    9.00000000   -0.12914029   -0.12924349    0.43338251
    9.08333333   -0.12845211   -0.12862222    0.43741051
    9.16666667   -0.12776721   -0.12800439    0.43924186
    9.25000000   -0.12708571   -0.12738998    0.43914231
    9.33333333   -0.12640772   -0.12677876    0.43737546
    9.41666667   -0.12573334   -0.12617053    0.43419352
    9.50000000   -0.12506268   -0.12556528    0.42983137
    9.58333333   -0.12439582   -0.12496326    0.42450266
    9.66666667   -0.12373285   -0.12436468    0.41839812
    9.75000000   -0.12307385   -0.12376959    0.41168560
    9.83333333   -0.12241890   -0.12317778    0.40451042
    9.91666667   -0.12176806   -0.12258898    0.39699701
   10.00000000   -0.12112140   -0.12200311    0.38925099
   10.08333333   -0.12047898   -0.12142030    0.38136069
   10.16666667   -0.11984083   -0.12084083    0.37339939
   10.25000000   -0.11920703   -0.12026480    0.36542755
   10.33333333   -0.11857761   -0.11969206    0.35749412
   10.41666667   -0.11795261   -0.11912232    0.34963840
   10.50000000   -0.11733207   -0.11855536    0.34189182
   10.58333333   -0.11671602   -0.11799127    0.33427868
   10.66666667   -0.11610448   -0.11743030    0.32681756
   10.75000000   -0.11549749   -0.11687264    0.31952252
   10.83333333   -0.11489507   -0.11631820    0.31240342
   10.91666667   -0.11429722   -0.11576670    0.30546690
   11.00000000   -0.11370398   -0.11521784    0.29871720
   11.08333333   -0.11311534   -0.11467161    0.29215616
   11.16666667   -0.11253132   -0.11412821    0.28578391
   11.25000000   -0.11195193   -0.11358789    0.27959940
   11.33333333   -0.11137717   -0.11305068    0.27360031
   11.41666667   -0.11080704   -0.11251632    0.26778344
   11.50000000   -0.11024154   -0.11198445    0.26214515
   11.58333333   -0.10968067   -0.11145494    0.25668111
   11.66666667   -0.10912442   -0.11092794    0.25138665
   11.75000000   -0.10857279   -0.11040374    0.24625703
   11.83333333   -0.10802576   -0.10988245    0.24128716
   11.91666667   -0.10748333   -0.10936389    0.23647187
   12.00000000   -0.10694549   -0.10884767    0.23180616
   12.08333333   -0.10641221   -0.10833356    0.22728483
   12.16666667   -0.10588349   -0.10782159    0.22290277
   12.25000000   -0.10535931   -0.10731207    0.21865511
   12.33333333   -0.10483964   -0.10680521    0.21453691
   12.41666667   -0.10432448   -0.10630092    0.21054337
   12.50000000   -0.10381379   -0.10579883    0.20666996
   12.58333333   -0.10330757   -0.10529859    0.20291214
   12.66666667   -0.10280577   -0.10480014    0.19926553
   12.75000000   -0.10230840   -0.10430372    0.19572603
   12.83333333   -0.10181540   -0.10380964    0.19228956
   12.91666667   -0.10132677   -0.10331792    0.18895219
   13.00000000   -0.10084247   -0.10282825    0.18571025
   13.08333333   -0.10036248   -0.10234019    0.18256013
   13.16666667   -0.09988676   -0.10185354    0.17949832
   13.25000000   -0.09941531   -0.10136849    0.17652161
   13.33333333   -0.09894807   -0.10088538    0.17362677
   13.41666667   -0.09848502   -0.10040437    0.17081073
   13.50000000   -0.09802614   -0.09992521    0.16807065
   13.58333333   -0.09757139   -0.09944745    0.16540371
   13.66666667   -0.09712073   -0.09897074    0.16280719
   13.75000000   -0.09667415   -0.09849515    0.16027860
   13.83333333   -0.09623161   -0.09802103    0.15781547
   13.91666667   -0.09579307   -0.09754865    0.15541540
   14.00000000   -0.09535851   -0.09707792    0.15307622
   14.08333333   -0.09492789   -0.09660835    0.15079575
   14.16666667   -0.09450117   -0.09613950    0.14857189
   14.25000000   -0.09407833   -0.09567125    0.14640272
   14.33333333   -0.09365934   -0.09520393    0.14428633
   14.41666667   -0.09324415   -0.09473791    0.14222089
   14.50000000   -0.09283274   -0.09427324    0.14020471
   14.58333333   -0.09242507   -0.09380951    0.13823609
   14.66666667   -0.09202111   -0.09334615    0.13631343
   14.75000000   -0.09162083   -0.09288288    0.13443524
   14.83333333   -0.09122419   -0.09241991    0.13260003
   14.91666667   -0.09083116   -0.09195770    0.13080638
   15.00000000   -0.09044171   -0.09149645    0.12905298
   15.08333333   -0.09005579   -0.09103587    0.12733852
   15.16666667   -0.08967339   -0.09057531    0.12566173
   15.25000000   -0.08929446   -0.09011432    0.12402146
   15.33333333   -0.08891897   -0.08965293    0.12241656
   15.41666667   -0.08854689   -0.08919163    0.12084589
   15.50000000   -0.08817819   -0.08873078    0.11930844
   15.58333333   -0.08781284   -0.08827024    0.11780318
   15.66666667   -0.08745079   -0.08780938    0.11632912
   15.75000000   -0.08709202   -0.08734754    0.11488534
   15.83333333   -0.08673649   -0.08688455    0.11347094
   15.91666667   -0.08638418   -0.08642082    0.11208501
   16.00000000   -0.08603505   -0.08595688    0.11072677
   16.08333333   -0.08568907   -0.08549280    0.10939538
   16.16666667   -0.08534621   -0.08502800    0.10809010
   16.25000000   -0.08500643   -0.08456165    0.10681013
   16.33333333   -0.08466971   -0.08409333    0.10555479
   16.41666667   -0.08433601   -0.08362331    0.10432339
   16.50000000   -0.08400530   -0.08315223    0.10311524
   16.58333333   -0.08367756   -0.08268040    0.10192969
   16.66666667   -0.08335275   -0.08220739    0.10076618
   16.75000000   -0.08303083   -0.08173225    0.09962403
   16.83333333   -0.08271179   -0.08125425    0.09850270
   16.91666667   -0.08239560   -0.08077345    0.09740166
   17.00000000   -0.08208221   -0.08029052    0.09632031
   17.08333333   -0.08177160   -0.07980606    0.09525817
   17.16666667   -0.08146375   -0.07931987    0.09421475
   17.25000000   -0.08115862   -0.07883096    0.09318952
   17.33333333   -0.08085619   -0.07833827    0.09218204
   17.41666667   -0.08055643   -0.07784154    0.09119187
   17.50000000   -0.08025930   -0.07734142    0.09021853
   17.58333333   -0.07996479   -0.07683881    0.08926163
   17.66666667   -0.07967287   -0.07633385    0.08832076
   17.75000000   -0.07938349   -0.07582563    0.08739550
   17.83333333   -0.07909665   -0.07531279    0.08648548
   17.91666667   -0.07881232   -0.07479461    0.08559034
   18.00000000   -0.07853046   -0.07427166    0.08470969
   18.08333333   -0.07825105   -0.07374515    0.08384320
   18.16666667   -0.07797406   -0.07321577    0.08299055
   18.25000000   -0.07769948   -0.07268284    0.08215137
   18.33333333   -0.07742726   -0.07214475    0.08132537
   18.41666667   -0.07715740   -0.07160027    0.08051226
   18.50000000   -0.07688986   -0.07104975    0.07971170
   18.58333333   -0.07662461   -0.07049483    0.07892343
   18.66666667   -0.07636164   -0.06993707    0.07814717
   18.75000000   -0.07610092   -0.06937635    0.07738263
   18.83333333   -0.07584243   -0.06881090    0.07662955
   18.91666667   -0.07558614   -0.06823889    0.07588770
   19.00000000   -0.07533202   -0.06766034    0.07515680
   19.08333333   -0.07508006   -0.06707764    0.07443661
   19.16666667   -0.07483024   -0.06649381    0.07372693
   19.25000000   -0.07458253   -0.06590991    0.07302749
   19.33333333   -0.07433690   -0.06532398    0.07233808
   19.41666667   -0.07409334   -0.06473282    0.07165852
   19.50000000   -0.07385182   -0.06413537    0.07098855
   19.58333333   -0.07361232   -0.06353437    0.07032799
   19.66666667   -0.07337483   -0.06293346    0.06967666
   19.75000000   -0.07313931   -0.06233010    0.06903434
   19.83333333   -0.07290575   -0.06170858    0.06840084
   19.91666667   -0.07267413   -0.06103871    0.06777602
   20.00000000   -0.07244442   -0.06028334    0.06715966
