  -20.00000000   -0.05031596   -0.00886953   -0.07660887
  -19.91666667   -0.05044664   -0.00884199   -0.07678775
  -19.83333333   -0.05057866   -0.00886104   -0.07696797
  -19.75000000   -0.05071205   -0.00892970   -0.07714956
  -19.66666667   -0.05084684   -0.00903846   -0.07733254
  -19.58333333   -0.05098303   -0.00917265   -0.07751691
  -19.50000000   -0.05112066   -0.00932005   -0.07770270
  -19.41666667   -0.05125974   -0.00947452   -0.07788992
  -19.33333333   -0.05140028   -0.00963496   -0.07807859
  -19.25000000   -0.05154232   -0.00980172   -0.07826873
  -19.16666667   -0.05168588   -0.00997373   -0.07846036
  -19.08333333   -0.05183097   -0.01014807   -0.07865349
  -19.00000000   -0.05197763   -0.01032178   -0.07884814
  -18.91666667   -0.05212586   -0.01049365   -0.07904432
  -18.83333333   -0.05227570   -0.01066450   -0.07924207
  -18.75000000   -0.05242718   -0.01083588   -0.07944139
  -18.66666667   -0.05258030   -0.01100838   -0.07964231
  -18.58333333   -0.05273511   -0.01118114   -0.07984485
  -18.50000000   -0.05289162   -0.01135262   -0.08004902
  -18.41666667   -0.05304986   -0.01152193   -0.08025485
  -18.33333333   -0.05320985   -0.01168953   -0.08046236
  -18.25000000   -0.05337163   -0.01185665   -0.08067157
  -18.16666667   -0.05353522   -0.01202416   -0.08088250
  -18.08333333   -0.05370064   -0.01219188   -0.08109517
  -18.00000000   -0.05386793   -0.01235885   -0.08130961
  -17.91666667   -0.05403712   -0.01252423   -0.08152583
  -17.83333333   -0.05420822   -0.01268811   -0.08174386
  -17.75000000   -0.05438129   -0.01285133   -0.08196373
  -17.66666667   -0.05455633   -0.01301478   -0.08218546
  -17.58333333   -0.05473339   -0.01317864   -0.08240907
  -17.50000000   -0.05491249   -0.01334232   -0.08263459
  -17.41666667   -0.05509367   -0.01350506   -0.08286204
  -17.33333333   -0.05527696   -0.01366668   -0.08309144
  -17.25000000   -0.05546239   -0.01382770   -0.08332284
  -17.16666667   -0.05565001   -0.01398891   -0.08355624
  -17.08333333   -0.05583983   -0.01415069   -0.08379168
  -17.00000000   -0.05603190   -0.01431276   -0.08402919
  -16.91666667   -0.05622626   -0.01447448   -0.08426879
  -16.83333333   -0.05642293   -0.01463548   -0.08451051
  -16.75000000   -0.05662196   -0.01479603   -0.08475439
  -16.66666667   -0.05682339   -0.01495677   -0.08500045
  -16.58333333   -0.05702725   -0.01511819   -0.08524872
  -16.50000000   -0.05723358   -0.01528024   -0.08549924
  -16.41666667   -0.05744243   -0.01544242   -0.08575203
  -16.33333333   -0.05765383   -0.01560430   -0.08600712
  -16.25000000   -0.05786783   -0.01576592   -0.08626456
  -16.16666667   -0.05808448   -0.01592776   -0.08652437
  -16.08333333   -0.05830380   -0.01609034   -0.08678659
  -16.00000000   -0.05852585   -0.01625378   -0.08705125
  -15.91666667   -0.05875068   -0.01641776   -0.08731838
  -15.83333333   -0.05897832   -0.01658183   -0.08758804
  -15.75000000   -0.05920884   -0.01674587   -0.08786024
  -15.66666667   -0.05944226   -0.01691018   -0.08813503
  -15.58333333   -0.05967866   -0.01707527   -0.08841245
  -15.50000000   -0.05991806   -0.01724137   -0.08869253
  -15.41666667   -0.06016054   -0.01740833   -0.08897532
  -15.33333333   -0.06040613   -0.01757575   -0.08926087
  -15.25000000   -0.06065489   -0.01774339   -0.08954919
  -15.16666667   -0.06090687   -0.01791141   -0.08984035
  -15.08333333   -0.06116214   -0.01808021   -0.09013439
  -15.00000000   -0.06142075   -0.01825014   -0.09043134
  -14.91666667   -0.06168275   -0.01842117   -0.09073126
  -14.83333333   -0.06194820   -0.01859298   -0.09103420
  -14.75000000   -0.06221717   -0.01876529   -0.09134019
  -14.66666667   -0.06248971   -0.01893810   -0.09164929
  -14.58333333   -0.06276589   -0.01911173   -0.09196155
  -14.50000000   -0.06304577   -0.01928656   -0.09227701
  -14.41666667   -0.06332942   -0.01946267   -0.09259574
  -14.33333333   -0.06361690   -0.01963985   -0.09291778
  -14.25000000   -0.06390828   -0.01981780   -0.09324318
  -14.16666667   -0.06420363   -0.01999642   -0.09357200
  -14.08333333   -0.06450302   -0.02017592   -0.09390431
  -14.00000000   -0.06480652   -0.02035665   -0.09424015
  -13.91666667   -0.06511421   -0.02053880   -0.09457959
  -13.83333333   -0.06542616   -0.02072227   -0.09492269
  -13.75000000   -0.06574245   -0.02090678   -0.09526950
  -13.66666667   -0.06606315   -0.02109215   -0.09562010
  -13.58333333   -0.06638835   -0.02127849   -0.09597455
  -13.50000000   -0.06671812   -0.02146610   -0.09633291
  -13.41666667   -0.06705256   -0.02165523   -0.09669525
  -13.33333333   -0.06739174   -0.02184588   -0.09706165
  -13.25000000   -0.06773575   -0.02203783   -0.09743216
  -13.16666667   -0.06808467   -0.02223085   -0.09780688
  -13.08333333   -0.06843861   -0.02242495   -0.09818587
  -13.00000000   -0.06879765   -0.02262038   -0.09856921
  -12.91666667   -0.06916188   -0.02281740   -0.09895698
  -12.83333333   -0.06953140   -0.02301610   -0.09934927
  -12.75000000   -0.06990630   -0.02321633   -0.09974614
  -12.66666667   -0.07028670   -0.02341786   -0.10014769
  -12.58333333   -0.07067268   -0.02362062   -0.10055401
  -12.50000000   -0.07106436   -0.02382477   -0.10096519
  -12.41666667   -0.07146182   -0.02403057   -0.10138131
  -12.33333333   -0.07186520   -0.02423818   -0.10180249
  -12.25000000   -0.07227459   -0.02444753   -0.10222880
  -12.16666667   -0.07269010   -0.02465841   -0.10266035
  -12.08333333   -0.07311186   -0.02487068   -0.10309725
  -12.00000000   -0.07353997   -0.02508443   -0.10353959
  -11.91666667   -0.07397456   -0.02529988   -0.10398749
  -11.83333333   -0.07441574   -0.02551725   -0.10444106
  -11.75000000   -0.07486364   -0.02573653   -0.10490041
  -11.66666667   -0.07531838   -0.02595756   -0.10536567
  -11.58333333   -0.07578010   -0.02618016   -0.10583695
  -11.50000000   -0.07624892   -0.02640434   -0.10631437
  -11.41666667   -0.07672496   -0.02663029   -0.10679807
  -11.33333333   -0.07720839   -0.02685823   -0.10728818
  -11.25000000   -0.07769931   -0.02708823   -0.10778482
  -11.16666667   -0.07819788   -0.02732018   -0.10828816
  -11.08333333   -0.07870424   -0.02755388   -0.10879832
  -11.00000000   -0.07921852   -0.02778930   -0.10931546
  -10.91666667   -0.07974089   -0.02802655   -0.10983972
  -10.83333333   -0.08027148   -0.02826584   -0.11037128
  -10.75000000   -0.08081045   -0.02850730   -0.11091029
  -10.66666667   -0.08135796   -0.02875088   -0.11145691
  -10.58333333   -0.08191416   -0.02899641   -0.11201133
  -10.50000000   -0.08247920   -0.02924377   -0.11257371
  -10.41666667   -0.08305324   -0.02949304   -0.11314426
  -10.33333333   -0.08363647   -0.02974440   -0.11372315
  -10.25000000   -0.08422903   -0.02999800   -0.11431058
  -10.16666667   -0.08483109   -0.03025386   -0.11490676
  -10.08333333   -0.08544283   -0.03051182   -0.11551191
  -10.00000000   -0.08606441   -0.03077176   -0.11612622
   -9.91666667   -0.08669600   -0.03103366   -0.11674994
   -9.83333333   -0.08733780   -0.03129768   -0.11738329
   -9.75000000   -0.08798996   -0.03156399   -0.11802652
   -9.66666667   -0.08865267   -0.03183264   -0.11867987
   -9.58333333   -0.08932611   -0.03210353   -0.11934361
   -9.50000000   -0.09001045   -0.03237650   -0.12001799
   -9.41666667   -0.09070588   -0.03265149   -0.12070330
   -9.33333333   -0.09141259   -0.03292861   -0.12139984
   -9.25000000   -0.09213074   -0.03320801   -0.12210789
   -9.16666667   -0.09286052   -0.03348978   -0.12282776
   -9.08333333   -0.09360214   -0.03377386   -0.12355978
   -9.00000000   -0.09435574   -0.03406010   -0.12430428
   -8.91666667   -0.09512153   -0.03434839   -0.12506161
   -8.83333333   -0.09589969   -0.03463877   -0.12583214
   -8.75000000   -0.09669037   -0.03493138   -0.12661622
   -8.66666667   -0.09749377   -0.03522632   -0.12741425
   -8.58333333   -0.09831008   -0.03552357   -0.12822665
   -8.50000000   -0.09913943   -0.03582298   -0.12905382
   -8.41666667   -0.09998201   -0.03612442   -0.12989622
   -8.33333333   -0.10083799   -0.03642785   -0.13075430
   -8.25000000   -0.10170750   -0.03673338   -0.13162853
   -8.16666667   -0.10259071   -0.03704111   -0.13251941
   -8.08333333   -0.10348777   -0.03735104   -0.13342748
   -8.00000000   -0.10439880   -0.03766305   -0.13435325
   -7.91666667   -0.10532393   -0.03797695   -0.13529732
   -7.83333333   -0.10626329   -0.03829268   -0.13626025
   -7.75000000   -0.10721697   -0.03861025   -0.13724268
   -7.66666667   -0.10818508   -0.03892976   -0.13824525
   -7.58333333   -0.10916769   -0.03925123   -0.13926863
   -7.50000000   -0.11016487   -0.03957453   -0.14031354
   -7.41666667   -0.11117666   -0.03989947   -0.14138071
   -7.33333333   -0.11220309   -0.04022590   -0.14247093
   -7.25000000   -0.11324417   -0.04055379   -0.14358501
   -7.16666667   -0.11429990   -0.04088318   -0.14472380
   -7.08333333   -0.11537021   -0.04121407   -0.14588820
   -7.00000000   -0.11645506   -0.04154635   -0.14707916
   -6.91666667   -0.11755435   -0.04187979   -0.14829766
   -6.83333333   -0.11866794   -0.04221418   -0.14954474
   -6.75000000   -0.11979567   -0.04254941   -0.15082150
   -6.66666667   -0.12093733   -0.04288544   -0.15212909
   -6.58333333   -0.12209269   -0.04322225   -0.15346871
   -6.50000000   -0.12326144   -0.04355970   -0.15484165
   -6.41666667   -0.12444325   -0.04389754   -0.15624925
   -6.33333333   -0.12563771   -0.04423547   -0.15769292
   -6.25000000   -0.12684437   -0.04457328   -0.15917416
   -6.16666667   -0.12806271   -0.04491084   -0.16069453
   -6.08333333   -0.12929214   -0.04524805   -0.16225570
   -6.00000000   -0.13053200   -0.04558474   -0.16385943
   -5.91666667   -0.13178154   -0.04592059   -0.16550755
   -5.83333333   -0.13303991   -0.04625522   -0.16720201
   -5.75000000   -0.13430620   -0.04658829   -0.16894487
   -5.66666667   -0.13557937   -0.04691954   -0.17073831
   -5.58333333   -0.13685828   -0.04724876   -0.17258459
   -5.50000000   -0.13814166   -0.04757569   -0.17448614
   -5.41666667   -0.13942813   -0.04789993   -0.17644548
   -5.33333333   -0.14071615   -0.04822098   -0.17846527
   -5.25000000   -0.14200404   -0.04853832   -0.18054831
   -5.16666667   -0.14328997   -0.04885153   -0.18269752
   -5.08333333   -0.14457191   -0.04916025   -0.18491594
   -5.00000000   -0.14584768   -0.04946407   -0.18720677
   -4.91666667   -0.14711487   -0.04976244   -0.18957327
   -4.83333333   -0.14837086   -0.05005469   -0.19201880
   -4.75000000   -0.14961282   -0.05034012   -0.19454682
   -4.66666667   -0.15083766   -0.05061807   -0.19716078
   -4.58333333   -0.15204201   -0.05088793   -0.19986409
   -4.50000000   -0.15322225   -0.05114909   -0.20266007
   -4.41666667   -0.15437443   -0.05140079   -0.20555179
   -4.33333333   -0.15549429   -0.05164214   -0.20854196
   -4.25000000   -0.15657724   -0.05187215   -0.21163272
   -4.16666667   -0.15761828   -0.05208986   -0.21482533
   -4.08333333   -0.15861205   -0.05229435   -0.21811980
   -4.00000000   -0.15955277   -0.05248470   -0.22151443
   -3.91666667   -0.16043421   -0.05265986   -0.22500499
   -3.83333333   -0.16124969   -0.05281863   -0.22858389
   -3.75000000   -0.16199202   -0.05295965   -0.23223872
   -3.66666667   -0.16265348   -0.05308158   -0.23595054
   -3.58333333   -0.16322585   -0.05318308   -0.23969130
   -3.50000000   -0.16370029   -0.05326283   -0.24342034
   -3.41666667   -0.16406742   -0.05331941   -0.24707953
   -3.33333333   -0.16431721   -0.05335121   -0.25058641
   -3.25000000   -0.16443904   -0.05335644   -0.25382446
   -3.16666667   -0.16442166   -0.05333327   -0.25662963
   -3.08333333   -0.16425319   -0.05327990   -0.25877093
   -3.00000000   -0.16392114   -0.05319455   -0.25992336
   -2.91666667   -0.16341247   -0.05307536   -0.25962993
   -2.83333333   -0.16271357   -0.05292029   -0.25724955
   -2.75000000   -0.16181040   -0.05272712   -0.25188800
   -2.66666667   -0.16068854   -0.05249359   -0.24231266
   -2.58333333   -0.15933335   -0.05221746   -0.22686253
   -2.50000000   -0.15773016   -0.05189659   -0.20339137
   -2.41666667   -0.15586445   -0.05152884   -0.16933339
   -2.33333333   -0.15372215   -0.05111199   -0.12206645
   -2.25000000   -0.15129004   -0.05064369   -0.05981904
   -2.16666667   -0.14855607   -0.05012161    0.01674513
   -2.08333333   -0.14550992   -0.04954363    0.10271604
   -2.00000000   -0.14214356   -0.04890787    0.18838459
   -1.91666667   -0.13845187   -0.04821277    0.26165696
   -1.83333333   -0.13443339   -0.04745690    0.31291068
   -1.75000000   -0.13009106   -0.04663907    0.33879755
   -1.66666667   -0.12543305   -0.04575843    0.34217386
   -1.58333333   -0.12047349   -0.04481479    0.32915709
   -1.50000000   -0.11523324   -0.04380885    0.30611544
   -1.41666667   -0.10974047   -0.04274232    0.27808108
   -1.33333333   -0.10403106   -0.04161788    0.24843208
   -1.25000000   -0.09814870   -0.04043933    0.21918027
   -1.16666667   -0.09214474   -0.03921188    0.19139282
   -1.08333333   -0.08607747   -0.03794259    0.16554773
   -1.00000000   -0.08001107   -0.03664091    0.14178190
   -0.91666667   -0.07401404   -0.03531895    0.12004830
   -0.83333333   -0.06815719   -0.03399151    0.10020932
   -0.75000000   -0.06251134   -0.03267609    0.08209015
   -0.66666667   -0.05714475   -0.03139290    0.06550778
   -0.58333333   -0.05212053   -0.03016504    0.05028593
   -0.50000000   -0.04749423   -0.02901842    0.03626200
   -0.41666667   -0.04331176   -0.02798119    0.02328958
   -0.33333333   -0.03960772   -0.02708236    0.01123870
   -0.25000000   -0.03640456   -0.02634969   -0.00000519
   -0.16666667   -0.03371215   -0.02580742   -0.01054259
   -0.08333333   -0.03152827   -0.02547424   -0.02046160
    0.00000000   -0.02983948   -0.02536186   -0.02983948
    0.08333333   -0.02862259   -0.02547424   -0.03874413
    0.16666667   -0.02784637   -0.02580742   -0.04723536
    0.25000000   -0.02747350   -0.02634969   -0.05536604
    0.33333333   -0.02746246   -0.02708236   -0.06318313
    0.41666667   -0.02776937   -0.02798119   -0.07072849
    0.50000000   -0.02834965   -0.02901842   -0.07803967
    0.58333333   -0.02915934   -0.03016504   -0.08515048
    0.66666667   -0.03015630   -0.03139290   -0.09209161
    0.75000000   -0.03130096   -0.03267609   -0.09889102
    0.83333333   -0.03255696   -0.03399151   -0.10557439
    0.91666667   -0.03389147   -0.03531895   -0.11216548
    1.00000000   -0.03527535   -0.03664091   -0.11868638
    1.08333333   -0.03668313   -0.03794259   -0.12515783
    1.16666667   -0.03809296   -0.03921188   -0.13159942
    1.25000000   -0.03948636   -0.04043933   -0.13802982
    1.33333333   -0.04084796   -0.04161788   -0.14446694
    1.41666667   -0.04216528   -0.04274232   -0.15092809
    1.50000000   -0.04342838   -0.04380885   -0.15743017
    1.58333333   -0.04462956   -0.04481479   -0.16398974
    1.66666667   -0.04576312   -0.04575843   -0.17062318
    1.75000000   -0.04682505   -0.04663907   -0.17734682
    1.83333333   -0.04781279   -0.04745690   -0.18417699
    1.91666667   -0.04872502   -0.04821277   -0.19113012
    2.00000000   -0.04956143   -0.04890787   -0.19822289
    2.08333333   -0.05032256   -0.04954363   -0.20547220
    2.16666667   -0.05100964   -0.05012161   -0.21289532
    2.25000000   -0.05162443   -0.05064369   -0.22050985
    2.33333333   -0.05216916   -0.05111199   -0.22833384
    2.41666667   -0.05264635   -0.05152884   -0.23638576
    2.50000000   -0.05305878   -0.05189659   -0.24468442
    2.58333333   -0.05340941   -0.05221746   -0.25324901
    2.66666667   -0.05370128   -0.05249359   -0.26209895
    2.75000000   -0.05393751   -0.05272712   -0.27125364
    2.83333333   -0.05412125   -0.05292029   -0.28073230
    2.91666667   -0.05425562   -0.05307536   -0.29055353
    3.00000000   -0.05434367   -0.05319455   -0.30073465
    3.08333333   -0.05438844   -0.05327990   -0.31129108
    3.16666667   -0.05439284   -0.05333327   -0.32223515
    3.25000000   -0.05435971   -0.05335644   -0.33357453
    3.33333333   -0.05429178   -0.05335121   -0.34531037
    3.41666667   -0.05419167   -0.05331941   -0.35743440
    3.50000000   -0.05406188   -0.05326283   -0.36992507
    3.58333333   -0.05390479   -0.05318308   -0.38274267
    3.66666667   -0.05372266   -0.05308158   -0.39582233
    3.75000000   -0.05351766   -0.05295965   -0.40906467
    3.83333333   -0.05329180   -0.05281863   -0.42232368
    3.91666667   -0.05304700   -0.05265986   -0.43539018
    4.00000000   -0.05278507   -0.05248470   -0.44797015
    4.08333333   -0.05250769   -0.05229435   -0.45965703
    4.16666667   -0.05221647   -0.05208986   -0.46989604
    4.25000000   -0.05191288   -0.05187215   -0.47794139
    4.33333333   -0.05159833   -0.05164214   -0.48280620
    4.41666667   -0.05127411   -0.05140079   -0.48321138
    4.50000000   -0.05094143   -0.05114909   -0.47754360
    4.58333333   -0.05060143   -0.05088793   -0.46384447
    4.66666667   -0.05025516   -0.05061807   -0.43986656
    4.75000000   -0.04990359   -0.05034012   -0.40324557
    4.83333333   -0.04954763   -0.05005469   -0.35184420
    4.91666667   -0.04918811   -0.04976244   -0.28429064
    5.00000000   -0.04882581   -0.04946407   -0.20065248
    5.08333333   -0.04846145   -0.04916025   -0.10305612
    5.16666667   -0.04809568   -0.04885153    0.00407272
    5.25000000   -0.04772911   -0.04853832    0.11443542
    5.33333333   -0.04736229   -0.04822098    0.22097026
    5.41666667   -0.04699575   -0.04789993    0.31729118
    5.50000000   -0.04662995   -0.04757569    0.39887122
    5.58333333   -0.04626532   -0.04724876    0.46354588
    5.66666667   -0.04590225   -0.04691954    0.51131522
    5.75000000   -0.04554110   -0.04658829    0.54371426
    5.83333333   -0.04518219   -0.04625522    0.56309141
    5.91666667   -0.04482581   -0.04592059    0.57202446
    6.00000000   -0.04447222   -0.04558474    0.57294547
    6.08333333   -0.04412168   -0.04524805    0.56795370
    6.16666667   -0.04377438   -0.04491084    0.55875905
    6.25000000   -0.04343053   -0.04457328    0.54669878
    6.33333333   -0.04309028   -0.04423547    0.53278842
    6.41666667   -0.04275380   -0.04389754    0.51778148
    6.50000000   -0.04242121   -0.04355970    0.50222598
    6.58333333   -0.04209262   -0.04322225    0.48651353
    6.66666667   -0.04176815   -0.04288544    0.47091834
    6.75000000   -0.04144787   -0.04254941    0.45562759
    6.83333333   -0.04113185   -0.04221418    0.44076522
    6.91666667   -0.04082016   -0.04187979    0.42640921
    7.00000000   -0.04051285   -0.04154635    0.41260427
    7.08333333   -0.04020994   -0.04121407    0.39937191
    7.16666667   -0.03991148   -0.04088318    0.38671717
    7.25000000   -0.03961748   -0.04055379    0.37463352
    7.33333333   -0.03932795   -0.04022590    0.36310701
    7.41666667   -0.03904290   -0.03989947    0.35211868
    7.50000000   -0.03876232   -0.03957453    0.34164635
    7.58333333   -0.03848621   -0.03925123    0.33166633
    7.66666667   -0.03821456   -0.03892976    0.32215422
    7.75000000   -0.03794734   -0.03861025    0.31308543
    7.83333333   -0.03768452   -0.03829268    0.30443596
    7.91666667   -0.03742610   -0.03797695    0.29618251
    8.00000000   -0.03717202   -0.03766305    0.28830262
    8.08333333   -0.03692226   -0.03735104    0.28077503
    8.16666667   -0.03667678   -0.03704111    0.27357940
    8.25000000   -0.03643553   -0.03673338    0.26669680
    8.33333333   -0.03619849   -0.03642785    0.26010917
    8.41666667   -0.03596559   -0.03612442    0.25379957
    8.50000000   -0.03573679   -0.03582298    0.24775232
    8.58333333   -0.03551205   -0.03552357    0.24195253
    8.66666667   -0.03529131   -0.03522632    0.23638626
    8.75000000   -0.03507452   -0.03493138    0.23104068
    8.83333333   -0.03486163   -0.03463877    0.22590360
    8.91666667   -0.03465259   -0.03434839    0.22096362
    9.00000000   -0.03444734   -0.03406010    0.21621026
    9.08333333   -0.03424582   -0.03377386    0.21163354
    9.16666667   -0.03404799   -0.03348978    0.20722415
    9.25000000   -0.03385378   -0.03320801    0.20297351
    9.33333333   -0.03366315   -0.03292861    0.19887344
    9.41666667   -0.03347602   -0.03265149    0.19491628
    9.50000000   -0.03329236   -0.03237650    0.19109500
    9.58333333   -0.03311210   -0.03210353    0.18740285
    9.66666667   -0.03293518   -0.03183264    0.18383352
    9.75000000   -0.03276156   -0.03156399    0.18038119
    9.83333333   -0.03259117   -0.03129768    0.17704030
    9.91666667   -0.03242397   -0.03103366    0.17380558
   10.00000000   -0.03225989   -0.03077176    0.17067222
   10.08333333   -0.03209888   -0.03051182    0.16763557
   10.16666667   -0.03194089   -0.03025386    0.16469125
   10.25000000   -0.03178586   -0.02999800    0.16183523
   10.33333333   -0.03163375   -0.02974440    0.15906362
   10.41666667   -0.03148450   -0.02949304    0.15637274
   10.50000000   -0.03133806   -0.02924377    0.15375920
   10.58333333   -0.03119438   -0.02899641    0.15121971
   10.66666667   -0.03105340   -0.02875088    0.14875118
   10.75000000   -0.03091509   -0.02850730    0.14635074
   10.83333333   -0.03077938   -0.02826584    0.14401560
   10.91666667   -0.03064623   -0.02802655    0.14174312
   11.00000000   -0.03051560   -0.02778930    0.13953088
   11.08333333   -0.03038744   -0.02755388    0.13737649
   11.16666667   -0.03026170   -0.02732018    0.13527770
   11.25000000   -0.03013833   -0.02708823    0.13323243
   11.33333333   -0.03001729   -0.02685823    0.13123864
   11.41666667   -0.02989854   -0.02663029    0.12929440
   11.50000000   -0.02978204   -0.02640434    0.12739792
   11.58333333   -0.02966773   -0.02618016    0.12554745
   11.66666667   -0.02955559   -0.02595756    0.12374130
   11.75000000   -0.02944556   -0.02573653    0.12197794
   11.83333333   -0.02933761   -0.02551725    0.12025586
   11.91666667   -0.02923170   -0.02529988    0.11857358
   12.00000000   -0.02912779   -0.02508443    0.11692979
   12.08333333   -0.02902584   -0.02487068    0.11532316
   12.16666667   -0.02892582   -0.02465841    0.11375241
   12.25000000   -0.02882768   -0.02444753    0.11221640
   12.33333333   -0.02873139   -0.02423818    0.11071395
   12.41666667   -0.02863692   -0.02403057    0.10924396
   12.50000000   -0.02854423   -0.02382477    0.10780542
   12.58333333   -0.02845328   -0.02362062    0.10639731
   12.66666667   -0.02836405   -0.02341786    0.10501865
   12.75000000   -0.02827649   -0.02321633    0.10366855
   12.83333333   -0.02819058   -0.02301610    0.10234612
   12.91666667   -0.02810629   -0.02281740    0.10105049
   13.00000000   -0.02802359   -0.02262038    0.09978088
   13.08333333   -0.02794243   -0.02242495    0.09853650
   13.16666667   -0.02786280   -0.02223085    0.09731658
   13.25000000   -0.02778467   -0.02203783    0.09612043
   13.33333333   -0.02770800   -0.02184588    0.09494735
   13.41666667   -0.02763277   -0.02165523    0.09379665
   13.50000000   -0.02755895   -0.02146610    0.09266773
   13.58333333   -0.02748652   -0.02127849    0.09155995
   13.66666667   -0.02741544   -0.02109215    0.09047270
   13.75000000   -0.02734569   -0.02090678    0.08940545
   13.83333333   -0.02727725   -0.02072227    0.08835763
   13.91666667   -0.02721009   -0.02053880    0.08732869
   14.00000000   -0.02714419   -0.02035665    0.08631816
   14.08333333   -0.02707951   -0.02017592    0.08532552
   14.16666667   -0.02701605   -0.01999642    0.08435029
   14.25000000   -0.02695377   -0.01981780    0.08339204
   14.33333333   -0.02689266   -0.01963985    0.08245031
   14.41666667   -0.02683268   -0.01946267    0.08152465
   14.50000000   -0.02677383   -0.01928656    0.08061469
   14.58333333   -0.02671607   -0.01911173    0.07972001
   14.66666667   -0.02665939   -0.01893810    0.07884022
   14.75000000   -0.02660377   -0.01876529    0.07797496
   14.83333333   -0.02654918   -0.01859298    0.07712387
   14.91666667   -0.02649562   -0.01842117    0.07628658
   15.00000000   -0.02644305   -0.01825014    0.07546278
   15.08333333   -0.02639146   -0.01808021    0.07465214
   15.16666667   -0.02634083   -0.01791141    0.07385432
   15.25000000   -0.02629114   -0.01774339    0.07306905
   15.33333333   -0.02624238   -0.01757575    0.07229601
   15.41666667   -0.02619453   -0.01740833    0.07153492
   15.50000000   -0.02614757   -0.01724137    0.07078551
   15.58333333   -0.02610149   -0.01707527    0.07004750
   15.66666667   -0.02605626   -0.01691018    0.06932062
   15.75000000   -0.02601187   -0.01674587    0.06860465
   15.83333333   -0.02596831   -0.01658183    0.06789932
   15.91666667   -0.02592557   -0.01641776    0.06720438
   16.00000000   -0.02588362   -0.01625378    0.06651964
   16.08333333   -0.02584245   -0.01609034    0.06584483
   16.16666667   -0.02580205   -0.01592776    0.06517978
   16.25000000   -0.02576240   -0.01576592    0.06452423
   16.33333333   -0.02572349   -0.01560430    0.06387801
   16.41666667   -0.02568530   -0.01544242    0.06324091
   16.50000000   -0.02564783   -0.01528024    0.06261273
   16.58333333   -0.02561106   -0.01511819    0.06199329
   16.66666667   -0.02557497   -0.01495677    0.06138241
   16.75000000   -0.02553956   -0.01479603    0.06077990
   16.83333333   -0.02550481   -0.01463548    0.06018559
   16.91666667   -0.02547071   -0.01447448    0.05959933
   17.00000000   -0.02543725   -0.01431276    0.05902094
   17.08333333   -0.02540441   -0.01415069    0.05845025
   17.16666667   -0.02537219   -0.01398891    0.05788714
   17.25000000   -0.02534057   -0.01382770    0.05733142
   17.33333333   -0.02530955   -0.01366668    0.05678296
   17.41666667   -0.02527911   -0.01350506    0.05624163
   17.50000000   -0.02524924   -0.01334232    0.05570728
   17.58333333   -0.02521993   -0.01317864    0.05517976
   17.66666667   -0.02519117   -0.01301478    0.05465897
   17.75000000   -0.02516295   -0.01285133    0.05414475
   17.83333333   -0.02513527   -0.01268811    0.05363699
   17.91666667   -0.02510811   -0.01252423    0.05313558
   18.00000000   -0.02508146   -0.01235885    0.05264037
   18.08333333   -0.02505532   -0.01219188    0.05215127
   18.16666667   -0.02502967   -0.01202416    0.05166816
   18.25000000   -0.02500451   -0.01185665    0.05119092
   18.33333333   -0.02497983   -0.01168953    0.05071946
   18.41666667   -0.02495561   -0.01152193    0.05025366
   18.50000000   -0.02493186   -0.01135262    0.04979342
   18.58333333   -0.02490856   -0.01118114    0.04933864
   18.66666667   -0.02488570   -0.01100838    0.04888924
   18.75000000   -0.02486328   -0.01083588    0.04844509
   18.83333333   -0.02484129   -0.01066450    0.04800613
   18.91666667   -0.02481973   -0.01049365    0.04757226
   19.00000000   -0.02479858   -0.01032178    0.04714337
   19.08333333   -0.02477783   -0.01014807    0.04671940
   19.16666667   -0.02475749   -0.00997373    0.04630026
   19.25000000   -0.02473754   -0.00980172    0.04588585
   19.33333333   -0.02471797   -0.00963496    0.04547611
   19.41666667   -0.02469879   -0.00947452    0.04507096
   19.50000000   -0.02467998   -0.00932005    0.04467031
   19.58333333   -0.02466154   -0.00917265    0.04427409
   19.66666667   -0.02464345   -0.00903846    0.04388223
   19.75000000   -0.02462573   -0.00892970    0.04349465
   19.83333333   -0.02460835   -0.00886104    0.04311128
   19.91666667   -0.02459131   -0.00884199    0.04273207
   20.00000000   -0.02457461   -0.00886953    0.04235693
