  -20.00000000   -0.05164653   -0.00888519   -0.07731865
  -19.91666667   -0.05178109   -0.00885763   -0.07749768
  -19.83333333   -0.05191704   -0.00887673   -0.07767807
  -19.75000000   -0.05205439   -0.00894553   -0.07785982
  -19.66666667   -0.05219316   -0.00905448   -0.07804295
  -19.58333333   -0.05233338   -0.00918892   -0.07822747
  -19.50000000   -0.05247507   -0.00933658   -0.07841341
  -19.41666667   -0.05261824   -0.00949131   -0.07860078
  -19.33333333   -0.05276292   -0.00965203   -0.07878959
  -19.25000000   -0.05290913   -0.00981909   -0.07897987
  -19.16666667   -0.05305690   -0.00999139   -0.07917163
  -19.08333333   -0.05320624   -0.01016603   -0.07936489
  -19.00000000   -0.05335718   -0.01034005   -0.07955967
  -18.91666667   -0.05350975   -0.01051222   -0.07975599
  -18.83333333   -0.05366395   -0.01068336   -0.07995385
  -18.75000000   -0.05381983   -0.01085503   -0.08015330
  -18.66666667   -0.05397741   -0.01102783   -0.08035433
  -18.58333333   -0.05413670   -0.01120089   -0.08055698
  -18.50000000   -0.05429774   -0.01137265   -0.08076126
  -18.41666667   -0.05446056   -0.01154226   -0.08096720
  -18.33333333   -0.05462517   -0.01171014   -0.08117480
  -18.25000000   -0.05479160   -0.01187754   -0.08138410
  -18.16666667   -0.05495990   -0.01204533   -0.08159512
  -18.08333333   -0.05513007   -0.01221334   -0.08180788
  -18.00000000   -0.05530215   -0.01238058   -0.08202240
  -17.91666667   -0.05547618   -0.01254624   -0.08223870
  -17.83333333   -0.05565217   -0.01271039   -0.08245680
  -17.75000000   -0.05583016   -0.01287388   -0.08267674
  -17.66666667   -0.05601018   -0.01303760   -0.08289853
  -17.58333333   -0.05619227   -0.01320173   -0.08312219
  -17.50000000   -0.05637645   -0.01336568   -0.08334776
  -17.41666667   -0.05656275   -0.01352869   -0.08357525
  -17.33333333   -0.05675122   -0.01369057   -0.08380469
  -17.25000000   -0.05694188   -0.01385185   -0.08403612
  -17.16666667   -0.05713477   -0.01401332   -0.08426955
  -17.08333333   -0.05732992   -0.01417536   -0.08450501
  -17.00000000   -0.05752737   -0.01433769   -0.08474253
  -16.91666667   -0.05772716   -0.01449967   -0.08498214
  -16.83333333   -0.05792932   -0.01466093   -0.08522386
  -16.75000000   -0.05813389   -0.01482173   -0.08546774
  -16.66666667   -0.05834092   -0.01498273   -0.08571378
  -16.58333333   -0.05855043   -0.01514440   -0.08596203
  -16.50000000   -0.05876248   -0.01530670   -0.08621251
  -16.41666667   -0.05897709   -0.01546914   -0.08646527
  -16.33333333   -0.05919432   -0.01563128   -0.08672031
  -16.25000000   -0.05941421   -0.01579315   -0.08697770
  -16.16666667   -0.05963680   -0.01595524   -0.08723745
  -16.08333333   -0.05986212   -0.01611807   -0.08749959
  -16.00000000   -0.06009024   -0.01628176   -0.08776417
  -15.91666667   -0.06032120   -0.01644599   -0.08803121
  -15.83333333   -0.06055503   -0.01661031   -0.08830077
  -15.75000000   -0.06079180   -0.01677460   -0.08857286
  -15.66666667   -0.06103155   -0.01693916   -0.08884753
  -15.58333333   -0.06127433   -0.01710450   -0.08912482
  -15.50000000   -0.06152018   -0.01727085   -0.08940476
  -15.41666667   -0.06176917   -0.01743806   -0.08968740
  -15.33333333   -0.06202135   -0.01760573   -0.08997278
  -15.25000000   -0.06227676   -0.01777362   -0.09026093
  -15.16666667   -0.06253547   -0.01794188   -0.09055190
  -15.08333333   -0.06279754   -0.01811094   -0.09084573
  -15.00000000   -0.06306301   -0.01828112   -0.09114248
  -14.91666667   -0.06333194   -0.01845240   -0.09144217
  -14.83333333   -0.06360441   -0.01862446   -0.09174486
  -14.75000000   -0.06388046   -0.01879702   -0.09205060
  -14.66666667   -0.06416016   -0.01897008   -0.09235943
  -14.58333333   -0.06444358   -0.01914396   -0.09267141
  -14.50000000   -0.06473078   -0.01931904   -0.09298657
  -14.41666667   -0.06502181   -0.01949540   -0.09330498
  -14.33333333   -0.06531677   -0.01967283   -0.09362670
  -14.25000000   -0.06561570   -0.01985103   -0.09395175
  -14.16666667   -0.06591868   -0.02002990   -0.09428021
  -14.08333333   -0.06622579   -0.02020965   -0.09461214
  -14.00000000   -0.06653709   -0.02039064   -0.09494758
  -13.91666667   -0.06685265   -0.02057304   -0.09528660
  -13.83333333   -0.06717257   -0.02075677   -0.09562926
  -13.75000000   -0.06749691   -0.02094153   -0.09597562
  -13.66666667   -0.06782575   -0.02112715   -0.09632574
  -13.58333333   -0.06815918   -0.02131375   -0.09667969
  -13.50000000   -0.06849727   -0.02150161   -0.09703753
  -13.41666667   -0.06884011   -0.02169100   -0.09739933
  -13.33333333   -0.06918779   -0.02188190   -0.09776516
  -13.25000000   -0.06954039   -0.02207410   -0.09813509
  -13.16666667   -0.06989800   -0.02226738   -0.09850919
  -13.08333333   -0.07026072   -0.02246174   -0.09888754
  -13.00000000   -0.07062863   -0.02265742   -0.09927022
  -12.91666667   -0.07100184   -0.02285470   -0.09965729
  -12.83333333   -0.07138043   -0.02305366   -0.10004886
  -12.75000000   -0.07176451   -0.02325415   -0.10044498
  -12.66666667   -0.07215417   -0.02345594   -0.10084576
  -12.58333333   -0.07254953   -0.02365896   -0.10125127
  -12.50000000   -0.07295068   -0.02386336   -0.10166161
  -12.41666667   -0.07335772   -0.02406942   -0.10207686
  -12.33333333   -0.07377079   -0.02427730   -0.10249712
  -12.25000000   -0.07418996   -0.02448690   -0.10292249
  -12.16666667   -0.07461537   -0.02469804   -0.10335306
  -12.08333333   -0.07504714   -0.02491057   -0.10378895
  -12.00000000   -0.07548536   -0.02512458   -0.10423024
  -11.91666667   -0.07593017   -0.02534030   -0.10467705
  -11.83333333   -0.07638169   -0.02555792   -0.10512949
  -11.75000000   -0.07684003   -0.02577747   -0.10558766
  -11.66666667   -0.07730533   -0.02599875   -0.10605169
  -11.58333333   -0.07777773   -0.02622162   -0.10652171
  -11.50000000   -0.07825733   -0.02644606   -0.10699782
  -11.41666667   -0.07874428   -0.02667228   -0.10748016
  -11.33333333   -0.07923873   -0.02690048   -0.10796886
  -11.25000000   -0.07974079   -0.02713074   -0.10846404
  -11.16666667   -0.08025062   -0.02736295   -0.10896586
  -11.08333333   -0.08076835   -0.02759692   -0.10947445
  -11.00000000   -0.08129414   -0.02783259   -0.10998995
  -10.91666667   -0.08182812   -0.02807010   -0.11051253
  -10.83333333   -0.08237046   -0.02830966   -0.11104233
  -10.75000000   -0.08292129   -0.02855138   -0.11157952
  -10.66666667   -0.08348078   -0.02879522   -0.11212426
  -10.58333333   -0.08404909   -0.02904101   -0.11267673
  -10.50000000   -0.08462636   -0.02928864   -0.11323708
  -10.41666667   -0.08521277   -0.02953817   -0.11380553
  -10.33333333   -0.08580847   -0.02978978   -0.11438224
  -10.25000000   -0.08641364   -0.03004365   -0.11496741
  -10.16666667   -0.08702843   -0.03029976   -0.11556125
  -10.08333333   -0.08765302   -0.03055799   -0.11616396
  -10.00000000   -0.08828758   -0.03081818   -0.11677576
   -9.91666667   -0.08893229   -0.03108034   -0.11739685
   -9.83333333   -0.08958731   -0.03134462   -0.11802750
   -9.75000000   -0.09025283   -0.03161118   -0.11866790
   -9.66666667   -0.09092901   -0.03188009   -0.11931833
   -9.58333333   -0.09161605   -0.03215123   -0.11997904
   -9.50000000   -0.09231412   -0.03242445   -0.12065027
   -9.41666667   -0.09302339   -0.03269969   -0.12133231
   -9.33333333   -0.09374406   -0.03297706   -0.12202546
   -9.25000000   -0.09447629   -0.03325671   -0.12272998
   -9.16666667   -0.09522028   -0.03353873   -0.12344619
   -9.08333333   -0.09597621   -0.03382306   -0.12417441
   -9.00000000   -0.09674424   -0.03410954   -0.12491495
   -8.91666667   -0.09752457   -0.03439808   -0.12566817
   -8.83333333   -0.09831738   -0.03468870   -0.12643442
   -8.75000000   -0.09912282   -0.03498154   -0.12721406
   -8.66666667   -0.09994108   -0.03527672   -0.12800747
   -8.58333333   -0.10077235   -0.03557421   -0.12881506
   -8.50000000   -0.10161676   -0.03587385   -0.12963723
   -8.41666667   -0.10247449   -0.03617552   -0.13047442
   -8.33333333   -0.10334571   -0.03647918   -0.13132708
   -8.25000000   -0.10423055   -0.03678493   -0.13219566
   -8.16666667   -0.10512917   -0.03709288   -0.13308066
   -8.08333333   -0.10604172   -0.03740304   -0.13398259
   -8.00000000   -0.10696830   -0.03771526   -0.13490197
   -7.91666667   -0.10790906   -0.03802937   -0.13583936
   -7.83333333   -0.10886410   -0.03834530   -0.13679533
   -7.75000000   -0.10983351   -0.03866308   -0.13777050
   -7.66666667   -0.11081740   -0.03898280   -0.13876549
   -7.58333333   -0.11181582   -0.03930446   -0.13978094
   -7.50000000   -0.11282883   -0.03962796   -0.14081757
   -7.41666667   -0.11385649   -0.03995309   -0.14187609
   -7.33333333   -0.11489879   -0.04027970   -0.14295725
   -7.25000000   -0.11595575   -0.04060777   -0.14406185
   -7.16666667   -0.11702734   -0.04093733   -0.14519073
   -7.08333333   -0.11811350   -0.04126839   -0.14634473
   -7.00000000   -0.11921416   -0.04160083   -0.14752479
   -6.91666667   -0.12032922   -0.04193444   -0.14873186
   -6.83333333   -0.12145852   -0.04226898   -0.14996695
   -6.75000000   -0.12260189   -0.04260435   -0.15123112
   -6.66666667   -0.12375911   -0.04294053   -0.15252547
   -6.58333333   -0.12492992   -0.04327747   -0.15385118
   -6.50000000   -0.12611401   -0.04361505   -0.15520948
   -6.41666667   -0.12731102   -0.04395301   -0.15660167
   -6.33333333   -0.12852054   -0.04429105   -0.15802909
   -6.25000000   -0.12974209   -0.04462896   -0.15949320
   -6.16666667   -0.13097513   -0.04496662   -0.16099549
   -6.08333333   -0.13221904   -0.04530392   -0.16253756
   -6.00000000   -0.13347316   -0.04564069   -0.16412110
   -5.91666667   -0.13473670   -0.04597662   -0.16574786
   -5.83333333   -0.13600880   -0.04631131   -0.16741968
   -5.75000000   -0.13728852   -0.04664443   -0.16913855
   -5.66666667   -0.13857480   -0.04697572   -0.17090652
   -5.58333333   -0.13986646   -0.04730498   -0.17272573
   -5.50000000   -0.14116222   -0.04763194   -0.17459849
   -5.41666667   -0.14246065   -0.04795620   -0.17652717
   -5.33333333   -0.14376020   -0.04827724   -0.17851425
   -5.25000000   -0.14505916   -0.04859458   -0.18056238
   -5.16666667   -0.14635564   -0.04890778   -0.18267427
   -5.08333333   -0.14764761   -0.04921647   -0.18485272
   -5.00000000   -0.14893283   -0.04952024   -0.18710070
   -4.91666667   -0.15020887   -0.04981856   -0.18942118
   -4.83333333   -0.15147307   -0.05011075   -0.19181722
   -4.75000000   -0.15272255   -0.05039610   -0.19429193
   -4.66666667   -0.15395418   -0.05067396   -0.19684836
   -4.58333333   -0.15516455   -0.05094372   -0.19948946
   -4.50000000   -0.15634999   -0.05120476   -0.20221808
   -4.41666667   -0.15750651   -0.05145634   -0.20503671
   -4.33333333   -0.15862979   -0.05169755   -0.20794740
   -4.25000000   -0.15971517   -0.05192741   -0.21095159
   -4.16666667   -0.16075762   -0.05214495   -0.21404970
   -4.08333333   -0.16175169   -0.05234926   -0.21724079
   -4.00000000   -0.16269155   -0.05253941   -0.22052210
   -3.91666667   -0.16357089   -0.05271437   -0.22388821
   -3.83333333   -0.16438294   -0.05287292   -0.22733014
   -3.75000000   -0.16512043   -0.05301371   -0.23083395
   -3.66666667   -0.16577555   -0.05313539   -0.23437901
   -3.58333333   -0.16633997   -0.05323663   -0.23793539
   -3.50000000   -0.16680474   -0.05331612   -0.24146040
   -3.41666667   -0.16716034   -0.05337242   -0.24489385
   -3.33333333   -0.16739662   -0.05340392   -0.24815124
   -3.25000000   -0.16750280   -0.05340885   -0.25111440
   -3.16666667   -0.16746746   -0.05338537   -0.25361834
   -3.08333333   -0.16727852   -0.05333168   -0.25543270
   -3.00000000   -0.16692332   -0.05324599   -0.25623594
   -2.91666667   -0.16638854   -0.05312646   -0.25557948
   -2.83333333   -0.16566037   -0.05297104   -0.25283902
   -2.75000000   -0.16472448   -0.05277752   -0.24715077
   -2.66666667   -0.16356616   -0.05254362   -0.23733400
   -2.58333333   -0.16217047   -0.05226711   -0.22181117
   -2.50000000   -0.16052241   -0.05194587   -0.19856127
   -2.41666667   -0.15860711   -0.05157774   -0.16518762
   -2.33333333   -0.15641016   -0.05116050   -0.11925603
   -2.25000000   -0.15391798   -0.05069180   -0.05911936
   -2.16666667   -0.15111818   -0.05016932    0.01465370
   -2.08333333   -0.14800013   -0.04959091    0.09762774
   -2.00000000   -0.14455552   -0.04895473    0.18090865
   -1.91666667   -0.14077901   -0.04825918    0.25316009
   -1.83333333   -0.13666903   -0.04750286    0.30495321
   -1.75000000   -0.13222850   -0.04668455    0.33247808
   -1.66666667   -0.12746569   -0.04580341    0.33787034
   -1.58333333   -0.12239506   -0.04485925    0.32669307
   -1.50000000   -0.11703794   -0.04385275    0.30506400
   -1.41666667   -0.11142320   -0.04278562    0.27799019
   -1.33333333   -0.10558767   -0.04166054    0.24892867
   -1.25000000   -0.09957620   -0.04048130    0.21999334
   -1.16666667   -0.09344149   -0.03925311    0.19234065
   -1.08333333   -0.08724343   -0.03798305    0.16651564
   -1.00000000   -0.08104784   -0.03668057    0.14270160
   -0.91666667   -0.07492500   -0.03535779    0.12088213
   -0.83333333   -0.06894744   -0.03402957    0.10093912
   -0.75000000   -0.06318761   -0.03271343    0.08270987
   -0.66666667   -0.05771520   -0.03142964    0.06601859
   -0.58333333   -0.05259448   -0.03020133    0.05069317
   -0.50000000   -0.04788185   -0.02905447    0.03657323
   -0.41666667   -0.04362365   -0.02801721    0.02351341
   -0.33333333   -0.03985462   -0.02711853    0.01138402
   -0.25000000   -0.03659690   -0.02638613    0.00007042
   -0.16666667   -0.03385985   -0.02584417   -0.01052823
   -0.08333333   -0.03164040   -0.02551122   -0.02050049
    0.00000000   -0.02992413   -0.02539892   -0.02992413
    0.08333333   -0.02868676   -0.02551122   -0.03886751
    0.16666667   -0.02789596   -0.02584417   -0.04739093
    0.25000000   -0.02751331   -0.02638613   -0.05554769
    0.33333333   -0.02749627   -0.02711853   -0.06338512
    0.41666667   -0.02780008   -0.02801721   -0.07094542
    0.50000000   -0.02837934   -0.02905447   -0.07826641
    0.58333333   -0.02918948   -0.03020133   -0.08538215
    0.66666667   -0.03018781   -0.03142964   -0.09232350
    0.75000000   -0.03133436   -0.03271343   -0.09911857
    0.83333333   -0.03259247   -0.03402957   -0.10579316
    0.91666667   -0.03392909   -0.03535779   -0.11237106
    1.00000000   -0.03531494   -0.03668057   -0.11887441
    1.08333333   -0.03672447   -0.03798305   -0.12532393
    1.16666667   -0.03813578   -0.03925311   -0.13173916
    1.25000000   -0.03953038   -0.04048130   -0.13813871
    1.33333333   -0.04089293   -0.04166054   -0.14454034
    1.41666667   -0.04221096   -0.04278562   -0.15096123
    1.50000000   -0.04347456   -0.04385275   -0.15741808
    1.58333333   -0.04467608   -0.04485925   -0.16392724
    1.66666667   -0.04580985   -0.04580341   -0.17050483
    1.75000000   -0.04687189   -0.04668455   -0.17716688
    1.83333333   -0.04785968   -0.04750286   -0.18392938
    1.91666667   -0.04877193   -0.04825918   -0.19080838
    2.00000000   -0.04960834   -0.04895473   -0.19782015
    2.08333333   -0.05036948   -0.04959091   -0.20498110
    2.16666667   -0.05105659   -0.05016932   -0.21230801
    2.25000000   -0.05167145   -0.05069180   -0.21981791
    2.33333333   -0.05221628   -0.05116050   -0.22752824
    2.41666667   -0.05269361   -0.05157774   -0.23545682
    2.50000000   -0.05310622   -0.05194587   -0.24362177
    2.58333333   -0.05345707   -0.05226711   -0.25204153
    2.66666667   -0.05374921   -0.05254362   -0.26073479
    2.75000000   -0.05398575   -0.05277752   -0.26972015
    2.83333333   -0.05416982   -0.05297104   -0.27901607
    2.91666667   -0.05430454   -0.05312646   -0.28864045
    3.00000000   -0.05439298   -0.05324599   -0.29861000
    3.08333333   -0.05443814   -0.05333168   -0.30893967
    3.16666667   -0.05444295   -0.05338537   -0.31964164
    3.25000000   -0.05441023   -0.05340885   -0.33072383
    3.33333333   -0.05434271   -0.05340392   -0.34218824
    3.41666667   -0.05424300   -0.05337242   -0.35402841
    3.50000000   -0.05411360   -0.05331612   -0.36622587
    3.58333333   -0.05395689   -0.05323663   -0.37874585
    3.66666667   -0.05377514   -0.05313539   -0.39153107
    3.75000000   -0.05357047   -0.05301371   -0.40449336
    3.83333333   -0.05334494   -0.05287292   -0.41750302
    3.91666667   -0.05310043   -0.05271437   -0.43037409
    4.00000000   -0.05283877   -0.05253941   -0.44284521
    4.08333333   -0.05256163   -0.05234926   -0.45455499
    4.16666667   -0.05227062   -0.05214495   -0.46501018
    4.25000000   -0.05196722   -0.05192741   -0.47354703
    4.33333333   -0.05165282   -0.05169755   -0.47928509
    4.41666667   -0.05132872   -0.05145634   -0.48107803
    4.50000000   -0.05099614   -0.05120476   -0.47746865
    4.58333333   -0.05065621   -0.05094372   -0.46666490
    4.66666667   -0.05030998   -0.05067396   -0.44656581
    4.75000000   -0.04995843   -0.05039610   -0.41487916
    4.83333333   -0.04960245   -0.05011075   -0.36938479
    4.91666667   -0.04924290   -0.04981856   -0.30838076
    5.00000000   -0.04888054   -0.04952024   -0.23129478
    5.08333333   -0.04851610   -0.04921647   -0.13933611
    5.16666667   -0.04815023   -0.04890778   -0.03591825
    5.25000000   -0.04778355   -0.04859458    0.07345937
    5.33333333   -0.04741660   -0.04827724    0.18202063
    5.41666667   -0.04704992   -0.04795620    0.28303328
    5.50000000   -0.04668396   -0.04763194    0.37113288
    5.58333333   -0.04631916   -0.04730498    0.44313271
    5.66666667   -0.04595591   -0.04697572    0.49812409
    5.75000000   -0.04559456   -0.04664443    0.53701493
    5.83333333   -0.04523545   -0.04631131    0.56183237
    5.91666667   -0.04487888   -0.04597662    0.57507522
    6.00000000   -0.04452509   -0.04564069    0.57924915
    6.08333333   -0.04417434   -0.04530392    0.57660157
    6.16666667   -0.04382684   -0.04496662    0.56901222
    6.25000000   -0.04348278   -0.04462896    0.55797984
    6.33333333   -0.04314233   -0.04429105    0.54465952
    6.41666667   -0.04280565   -0.04395301    0.52991871
    6.50000000   -0.04247286   -0.04361505    0.51439501
    6.58333333   -0.04214409   -0.04327747    0.49854868
    6.66666667   -0.04181943   -0.04294053    0.48270561
    6.75000000   -0.04149898   -0.04260435    0.46709127
    6.83333333   -0.04118279   -0.04226898    0.45185772
    6.91666667   -0.04087095   -0.04193444    0.43710328
    7.00000000   -0.04056349   -0.04160083    0.42288727
    7.08333333   -0.04026045   -0.04126839    0.40924152
    7.16666667   -0.03996186   -0.04093733    0.39617822
    7.25000000   -0.03966775   -0.04060777    0.38369574
    7.33333333   -0.03937812   -0.04027970    0.37178329
    7.41666667   -0.03909298   -0.03995309    0.36042392
    7.50000000   -0.03881233   -0.03962796    0.34959653
    7.58333333   -0.03853617   -0.03930446    0.33927793
    7.66666667   -0.03826447   -0.03898280    0.32944377
    7.75000000   -0.03799722   -0.03866308    0.32006919
    7.83333333   -0.03773440   -0.03834530    0.31112973
    7.91666667   -0.03747597   -0.03802937    0.30260152
    8.00000000   -0.03722192   -0.03771526    0.29446140
    8.08333333   -0.03697219   -0.03740304    0.28668743
    8.16666667   -0.03672676   -0.03709288    0.27925851
    8.25000000   -0.03648559   -0.03678493    0.27215500
    8.33333333   -0.03624863   -0.03647918    0.26535812
    8.41666667   -0.03601583   -0.03617552    0.25885024
    8.50000000   -0.03578715   -0.03587385    0.25261502
    8.58333333   -0.03556255   -0.03557421    0.24663694
    8.66666667   -0.03534196   -0.03527672    0.24090147
    8.75000000   -0.03512534   -0.03498154    0.23539522
    8.83333333   -0.03491264   -0.03468870    0.23010548
    8.91666667   -0.03470379   -0.03439808    0.22502034
    9.00000000   -0.03449876   -0.03410954    0.22012887
    9.08333333   -0.03429748   -0.03382306    0.21542067
    9.16666667   -0.03409990   -0.03353873    0.21088602
    9.25000000   -0.03390596   -0.03325671    0.20651595
    9.33333333   -0.03371561   -0.03297706    0.20230194
    9.41666667   -0.03352878   -0.03269969    0.19823602
    9.50000000   -0.03334543   -0.03242445    0.19431083
    9.58333333   -0.03316550   -0.03215123    0.19051936
    9.66666667   -0.03298893   -0.03188009    0.18685503
    9.75000000   -0.03281567   -0.03161118    0.18331177
    9.83333333   -0.03264566   -0.03134462    0.17988378
    9.91666667   -0.03247884   -0.03108034    0.17656560
   10.00000000   -0.03231516   -0.03081818    0.17335221
   10.08333333   -0.03215457   -0.03055799    0.17023877
   10.16666667   -0.03199701   -0.03029976    0.16722072
   10.25000000   -0.03184243   -0.03004365    0.16429388
   10.33333333   -0.03169078   -0.02978978    0.16145419
   10.41666667   -0.03154200   -0.02953817    0.15869784
   10.50000000   -0.03139604   -0.02928864    0.15602131
   10.58333333   -0.03125286   -0.02904101    0.15342118
   10.66666667   -0.03111239   -0.02879522    0.15089423
   10.75000000   -0.03097460   -0.02855138    0.14843749
   10.83333333   -0.03083942   -0.02830966    0.14604806
   10.91666667   -0.03070682   -0.02807010    0.14372322
   11.00000000   -0.03057675   -0.02783259    0.14146044
   11.08333333   -0.03044915   -0.02759692    0.13925725
   11.16666667   -0.03032399   -0.02736295    0.13711131
   11.25000000   -0.03020121   -0.02713074    0.13502048
   11.33333333   -0.03008077   -0.02690048    0.13298264
   11.41666667   -0.02996263   -0.02667228    0.13099578
   11.50000000   -0.02984675   -0.02644606    0.12905807
   11.58333333   -0.02973307   -0.02622162    0.12716767
   11.66666667   -0.02962157   -0.02599875    0.12532286
   11.75000000   -0.02951219   -0.02577747    0.12352204
   11.83333333   -0.02940490   -0.02555792    0.12176364
   11.91666667   -0.02929965   -0.02534030    0.12004616
   12.00000000   -0.02919641   -0.02512458    0.11836823
   12.08333333   -0.02909515   -0.02491057    0.11672846
   12.16666667   -0.02899581   -0.02469804    0.11512555
   12.25000000   -0.02889837   -0.02448690    0.11355830
   12.33333333   -0.02880279   -0.02427730    0.11202552
   12.41666667   -0.02870903   -0.02406942    0.11052605
   12.50000000   -0.02861705   -0.02386336    0.10905886
   12.58333333   -0.02852683   -0.02365896    0.10762290
   12.66666667   -0.02843833   -0.02345594    0.10621714
   12.75000000   -0.02835152   -0.02325415    0.10484069
   12.83333333   -0.02826636   -0.02305366    0.10349260
   12.91666667   -0.02818282   -0.02285470    0.10217200
   13.00000000   -0.02810087   -0.02265742    0.10087808
   13.08333333   -0.02802048   -0.02246174    0.09961002
   13.16666667   -0.02794162   -0.02226738    0.09836702
   13.25000000   -0.02786426   -0.02207410    0.09714838
   13.33333333   -0.02778837   -0.02188190    0.09595338
   13.41666667   -0.02771392   -0.02169100    0.09478131
   13.50000000   -0.02764089   -0.02150161    0.09363153
   13.58333333   -0.02756925   -0.02131375    0.09250341
   13.66666667   -0.02749897   -0.02112715    0.09139632
   13.75000000   -0.02743002   -0.02094153    0.09030970
   13.83333333   -0.02736239   -0.02075677    0.08924296
   13.91666667   -0.02729603   -0.02057304    0.08819556
   14.00000000   -0.02723094   -0.02039064    0.08716698
   14.08333333   -0.02716709   -0.02020965    0.08615672
   14.16666667   -0.02710444   -0.02002990    0.08516427
   14.25000000   -0.02704299   -0.01985103    0.08418919
   14.33333333   -0.02698270   -0.01967283    0.08323100
   14.41666667   -0.02692355   -0.01949540    0.08228925
   14.50000000   -0.02686553   -0.01931904    0.08136355
   14.58333333   -0.02680861   -0.01914396    0.08045348
   14.66666667   -0.02675277   -0.01897008    0.07955863
   14.75000000   -0.02669799   -0.01879702    0.07867863
   14.83333333   -0.02664424   -0.01862446    0.07781311
   14.91666667   -0.02659152   -0.01845240    0.07696169
   15.00000000   -0.02653980   -0.01828112    0.07612407
   15.08333333   -0.02648906   -0.01811094    0.07529988
   15.16666667   -0.02643928   -0.01794188    0.07448879
   15.25000000   -0.02639044   -0.01777362    0.07369052
   15.33333333   -0.02634254   -0.01760573    0.07290475
   15.41666667   -0.02629554   -0.01743806    0.07213117
   15.50000000   -0.02624944   -0.01727085    0.07136952
   15.58333333   -0.02620421   -0.01710450    0.07061952
   15.66666667   -0.02615984   -0.01693916    0.06988088
   15.75000000   -0.02611631   -0.01677460    0.06915337
   15.83333333   -0.02607361   -0.01661031    0.06843673
   15.91666667   -0.02603173   -0.01644599    0.06773069
   16.00000000   -0.02599064   -0.01628176    0.06703506
   16.08333333   -0.02595033   -0.01611807    0.06634957
   16.16666667   -0.02591079   -0.01595524    0.06567402
   16.25000000   -0.02587201   -0.01579315    0.06500818
   16.33333333   -0.02583396   -0.01563128    0.06435185
   16.41666667   -0.02579664   -0.01546914    0.06370483
   16.50000000   -0.02576004   -0.01530670    0.06306690
   16.58333333   -0.02572413   -0.01514440    0.06243788
   16.66666667   -0.02568891   -0.01498273    0.06181761
   16.75000000   -0.02565436   -0.01482173    0.06120585
   16.83333333   -0.02562048   -0.01466093    0.06060247
   16.91666667   -0.02558724   -0.01449967    0.06000729
   17.00000000   -0.02555464   -0.01433769    0.05942012
   17.08333333   -0.02552267   -0.01417536    0.05884082
   17.16666667   -0.02549132   -0.01401332    0.05826924
   17.25000000   -0.02546056   -0.01385185    0.05770519
   17.33333333   -0.02543040   -0.01369057    0.05714854
   17.41666667   -0.02540082   -0.01352869    0.05659916
   17.50000000   -0.02537181   -0.01336568    0.05605688
   17.58333333   -0.02534337   -0.01320173    0.05552157
   17.66666667   -0.02531547   -0.01303760    0.05499311
   17.75000000   -0.02528812   -0.01287388    0.05447135
   17.83333333   -0.02526129   -0.01271039    0.05395617
   17.91666667   -0.02523499   -0.01254624    0.05344745
   18.00000000   -0.02520920   -0.01238058    0.05294506
   18.08333333   -0.02518391   -0.01221334    0.05244887
   18.16666667   -0.02515912   -0.01204533    0.05195880
   18.25000000   -0.02513481   -0.01187754    0.05147470
   18.33333333   -0.02511098   -0.01171014    0.05099648
   18.41666667   -0.02508762   -0.01154226    0.05052404
   18.50000000   -0.02506472   -0.01137265    0.05005724
   18.58333333   -0.02504227   -0.01120089    0.04959601
   18.66666667   -0.02502026   -0.01102783    0.04914026
   18.75000000   -0.02499869   -0.01085503    0.04868985
   18.83333333   -0.02497755   -0.01068336    0.04824472
   18.91666667   -0.02495683   -0.01051222    0.04780477
   19.00000000   -0.02493652   -0.01034005    0.04736989
   19.08333333   -0.02491662   -0.01016603    0.04694001
   19.16666667   -0.02489712   -0.00999139    0.04651506
   19.25000000   -0.02487801   -0.00981909    0.04609492
   19.33333333   -0.02485928   -0.00965203    0.04567952
   19.41666667   -0.02484093   -0.00949131    0.04526880
   19.50000000   -0.02482296   -0.00933658    0.04486265
   19.58333333   -0.02480535   -0.00918892    0.04446101
   19.66666667   -0.02478810   -0.00905448    0.04406381
   19.75000000   -0.02477120   -0.00894553    0.04367096
   19.83333333   -0.02475465   -0.00887673    0.04328239
   19.91666667   -0.02473844   -0.00885763    0.04289805
   20.00000000   -0.02472256   -0.00888519    0.04251785
