  -20.00000000    0.00011401    0.01248637    0.00846721
  -19.91666667    0.00011601    0.01258326    0.00847776
  -19.83333333    0.00011787    0.01265407    0.00848835
  -19.75000000    0.00011959    0.01270717    0.00849901
  -19.66666667    0.00012116    0.01275034    0.00850971
  -19.58333333    0.00012259    0.01278904    0.00852047
  -19.50000000    0.00012387    0.01282626    0.00853129
  -19.41666667    0.00012499    0.01286331    0.00854216
  -19.33333333    0.00012596    0.01290087    0.00855309
  -19.25000000    0.00012676    0.01293963    0.00856408
  -19.16666667    0.00012740    0.01298025    0.00857512
  -19.08333333    0.00012787    0.01302309    0.00858622
  -19.00000000    0.00012816    0.01306803    0.00859737
  -18.91666667    0.00012827    0.01311459    0.00860859
  -18.83333333    0.00012820    0.01316237    0.00861986
  -18.75000000    0.00012795    0.01321122    0.00863119
  -18.66666667    0.00012750    0.01326125    0.00864258
  -18.58333333    0.00012686    0.01331259    0.00865403
  -18.50000000    0.00012601    0.01336512    0.00866554
  -18.41666667    0.00012496    0.01341856    0.00867711
  -18.33333333    0.00012370    0.01347258    0.00868874
  -18.25000000    0.00012222    0.01352704    0.00870044
  -18.16666667    0.00012052    0.01358202    0.00871219
  -18.08333333    0.00011859    0.01363764    0.00872400
  -18.00000000    0.00011644    0.01369391    0.00873588
  -17.91666667    0.00011404    0.01375069    0.00874782
  -17.83333333    0.00011140    0.01380775    0.00875982
  -17.75000000    0.00010851    0.01386496    0.00877189
  -17.66666667    0.00010537    0.01392237    0.00878402
  -17.58333333    0.00010196    0.01398009    0.00879621
  -17.50000000    0.00009829    0.01403820    0.00880847
  -17.41666667    0.00009434    0.01409665    0.00882079
  -17.33333333    0.00009011    0.01415526    0.00883318
  -17.25000000    0.00008560    0.01421393    0.00884563
  -17.16666667    0.00008079    0.01427264    0.00885815
  -17.08333333    0.00007568    0.01433151    0.00887073
  -17.00000000    0.00007027    0.01439064    0.00888338
  -16.91666667    0.00006453    0.01445002    0.00889610
  -16.83333333    0.00005848    0.01450955    0.00890889
  -16.75000000    0.00005209    0.01456910    0.00892175
  -16.66666667    0.00004537    0.01462866    0.00893467
  -16.58333333    0.00003830    0.01468829    0.00894766
  -16.50000000    0.00003087    0.01474811    0.00896072
  -16.41666667    0.00002309    0.01480813    0.00897385
  -16.33333333    0.00001493    0.01486831    0.00898705
  -16.25000000    0.00000639    0.01492854    0.00900032
  -16.16666667   -0.00000254    0.01498876    0.00901366
  -16.08333333   -0.00001187    0.01504903    0.00902708
  -16.00000000   -0.00002160    0.01510943    0.00904056
  -15.91666667   -0.00003175    0.01517002    0.00905411
  -15.83333333   -0.00004233    0.01523077    0.00906774
  -15.75000000   -0.00005335    0.01529161    0.00908144
  -15.66666667   -0.00006481    0.01535246    0.00909521
  -15.58333333   -0.00007673    0.01541334    0.00910906
  -15.50000000   -0.00008912    0.01547432    0.00912298
  -15.41666667   -0.00010199    0.01553548    0.00913697
  -15.33333333   -0.00011535    0.01559682    0.00915104
  -15.25000000   -0.00012922    0.01565828    0.00916518
  -15.16666667   -0.00014359    0.01571978    0.00917940
  -15.08333333   -0.00015850    0.01578132    0.00919369
  -15.00000000   -0.00017394    0.01584294    0.00920805
  -14.91666667   -0.00018993    0.01590472    0.00922250
  -14.83333333   -0.00020649    0.01596669    0.00923702
  -14.75000000   -0.00022363    0.01602881    0.00925161
  -14.66666667   -0.00024135    0.01609101    0.00926628
  -14.58333333   -0.00025968    0.01615326    0.00928103
  -14.50000000   -0.00027863    0.01621558    0.00929586
  -14.41666667   -0.00029821    0.01627805    0.00931077
  -14.33333333   -0.00031844    0.01634072    0.00932575
  -14.25000000   -0.00033933    0.01640356    0.00934081
  -14.16666667   -0.00036090    0.01646651    0.00935595
  -14.08333333   -0.00038317    0.01652953    0.00937116
  -14.00000000   -0.00040614    0.01659263    0.00938646
  -13.91666667   -0.00042984    0.01665586    0.00940183
  -13.83333333   -0.00045428    0.01671928    0.00941728
  -13.75000000   -0.00047949    0.01678290    0.00943282
  -13.66666667   -0.00050547    0.01684666    0.00944843
  -13.58333333   -0.00053225    0.01691051    0.00946412
  -13.50000000   -0.00055984    0.01697444    0.00947989
  -13.41666667   -0.00058826    0.01703850    0.00949574
  -13.33333333   -0.00061754    0.01710273    0.00951167
  -13.25000000   -0.00064769    0.01716717    0.00952768
  -13.16666667   -0.00067873    0.01723178    0.00954377
  -13.08333333   -0.00071068    0.01729651    0.00955994
  -13.00000000   -0.00074357    0.01736133    0.00957619
  -12.91666667   -0.00077741    0.01742626    0.00959252
  -12.83333333   -0.00081222    0.01749135    0.00960893
  -12.75000000   -0.00084804    0.01755666    0.00962541
  -12.66666667   -0.00088487    0.01762214    0.00964198
  -12.58333333   -0.00092275    0.01768777    0.00965863
  -12.50000000   -0.00096170    0.01775350    0.00967535
  -12.41666667   -0.00100174    0.01781934    0.00969216
  -12.33333333   -0.00104290    0.01788533    0.00970904
  -12.25000000   -0.00108520    0.01795151    0.00972600
  -12.16666667   -0.00112866    0.01801789    0.00974304
  -12.08333333   -0.00117332    0.01808443    0.00976016
  -12.00000000   -0.00121920    0.01815108    0.00977735
  -11.91666667   -0.00126633    0.01821784    0.00979462
  -11.83333333   -0.00131474    0.01828472    0.00981197
  -11.75000000   -0.00136444    0.01835179    0.00982939
  -11.66666667   -0.00141548    0.01841905    0.00984689
  -11.58333333   -0.00146789    0.01848647    0.00986446
  -11.50000000   -0.00152168    0.01855402    0.00988210
  -11.41666667   -0.00157690    0.01862167    0.00989982
  -11.33333333   -0.00163357    0.01868943    0.00991761
  -11.25000000   -0.00169172    0.01875735    0.00993547
  -11.16666667   -0.00175139    0.01882544    0.00995340
  -11.08333333   -0.00181262    0.01889371    0.00997140
  -11.00000000   -0.00187542    0.01896210    0.00998946
  -10.91666667   -0.00193984    0.01903058    0.01000759
  -10.83333333   -0.00200592    0.01909916    0.01002579
  -10.75000000   -0.00207368    0.01916786    0.01004405
  -10.66666667   -0.00214316    0.01923671    0.01006237
  -10.58333333   -0.00221441    0.01930573    0.01008076
  -10.50000000   -0.00228744    0.01937486    0.01009920
  -10.41666667   -0.00236231    0.01944408    0.01011770
  -10.33333333   -0.00243905    0.01951335    0.01013625
  -10.25000000   -0.00251770    0.01958272    0.01015486
  -10.16666667   -0.00259829    0.01965221    0.01017351
  -10.08333333   -0.00268088    0.01972183    0.01019222
  -10.00000000   -0.00276548    0.01979155    0.01021097
   -9.91666667   -0.00285216    0.01986134    0.01022976
   -9.83333333   -0.00294094    0.01993116    0.01024860
   -9.75000000   -0.00303187    0.02000101    0.01026747
   -9.66666667   -0.00312499    0.02007094    0.01028638
   -9.58333333   -0.00322034    0.02014096    0.01030531
   -9.50000000   -0.00331797    0.02021105    0.01032428
   -9.41666667   -0.00341791    0.02028117    0.01034327
   -9.33333333   -0.00352022    0.02035129    0.01036228
   -9.25000000   -0.00362493    0.02042138    0.01038130
   -9.16666667   -0.00373208    0.02049148    0.01040034
   -9.08333333   -0.00384173    0.02056161    0.01041938
   -9.00000000   -0.00395391    0.02063176    0.01043843
   -8.91666667   -0.00406867    0.02070189    0.01045747
   -8.83333333   -0.00418605    0.02077195    0.01047651
   -8.75000000   -0.00430610    0.02084193    0.01049553
   -8.66666667   -0.00442886    0.02091182    0.01051453
   -8.58333333   -0.00455438    0.02098166    0.01053350
   -8.50000000   -0.00468269    0.02105144    0.01055244
   -8.41666667   -0.00481385    0.02112113    0.01057134
   -8.33333333   -0.00494789    0.02119067    0.01059020
   -8.25000000   -0.00508486    0.02126003    0.01060899
   -8.16666667   -0.00522480    0.02132920    0.01062773
   -8.08333333   -0.00536776    0.02139820    0.01064639
   -8.00000000   -0.00551376    0.02146703    0.01066497
   -7.91666667   -0.00566286    0.02153566    0.01068345
   -7.83333333   -0.00581508    0.02160404    0.01070184
   -7.75000000   -0.00597048    0.02167212    0.01072011
   -7.66666667   -0.00612909    0.02173987    0.01073826
   -7.58333333   -0.00629093    0.02180729    0.01075627
   -7.50000000   -0.00645606    0.02187438    0.01077414
   -7.41666667   -0.00662449    0.02194113    0.01079184
   -7.33333333   -0.00679625    0.02200747    0.01080936
   -7.25000000   -0.00697139    0.02207335    0.01082670
   -7.16666667   -0.00714992    0.02213871    0.01084382
   -7.08333333   -0.00733186    0.02220355    0.01086072
   -7.00000000   -0.00751724    0.02226785    0.01087738
   -6.91666667   -0.00770608    0.02233159    0.01089378
   -6.83333333   -0.00789839    0.02239471    0.01090990
   -6.75000000   -0.00809417    0.02245714    0.01092572
   -6.66666667   -0.00829345    0.02251881    0.01094122
   -6.58333333   -0.00849622    0.02257968    0.01095637
   -6.50000000   -0.00870248    0.02263974    0.01097115
   -6.41666667   -0.00891223    0.02269894    0.01098553
   -6.33333333   -0.00912545    0.02275722    0.01099949
   -6.25000000   -0.00934213    0.02281451    0.01101299
   -6.16666667   -0.00956225    0.02287069    0.01102601
   -6.08333333   -0.00978577    0.02292572    0.01103852
   -6.00000000   -0.01001266    0.02297953    0.01105047
   -5.91666667   -0.01024288    0.02303208    0.01106183
   -5.83333333   -0.01047636    0.02308331    0.01107257
   -5.75000000   -0.01071306    0.02313309    0.01108264
   -5.66666667   -0.01095289    0.02318130    0.01109200
   -5.58333333   -0.01119577    0.02322785    0.01110060
   -5.50000000   -0.01144161    0.02327266    0.01110840
   -5.41666667   -0.01169030    0.02331563    0.01111534
   -5.33333333   -0.01194172    0.02335668    0.01112136
   -5.25000000   -0.01219572    0.02339566    0.01112641
   -5.16666667   -0.01245216    0.02343243    0.01113043
   -5.08333333   -0.01271085    0.02346682    0.01113334
   -5.00000000   -0.01297161    0.02349870    0.01113508
   -4.91666667   -0.01323420    0.02352795    0.01113558
   -4.83333333   -0.01349839    0.02355442    0.01113474
   -4.75000000   -0.01376390    0.02357793    0.01113250
   -4.66666667   -0.01403044    0.02359827    0.01112875
   -4.58333333   -0.01429764    0.02361523    0.01112340
   -4.50000000   -0.01456514    0.02362858    0.01111635
   -4.41666667   -0.01483250    0.02363813    0.01110749
   -4.33333333   -0.01509924    0.02364366    0.01109670
   -4.25000000   -0.01536484    0.02364493    0.01108385
   -4.16666667   -0.01562867    0.02364164    0.01106881
   -4.08333333   -0.01589006    0.02363347    0.01105143
   -4.00000000   -0.01614825    0.02362009    0.01103157
   -3.91666667   -0.01640237    0.02360119    0.01100905
   -3.83333333   -0.01665142    0.02357644    0.01098370
   -3.75000000   -0.01689431    0.02354547    0.01095534
   -3.66666667   -0.01712974    0.02350785    0.01092375
   -3.58333333   -0.01735628    0.02346312    0.01088873
   -3.50000000   -0.01757226    0.02341078    0.01085003
   -3.41666667   -0.01777576    0.02335033    0.01080741
   -3.33333333   -0.01796460    0.02328125    0.01076060
   -3.25000000   -0.01813622    0.02320298    0.01070930
   -3.16666667   -0.01828769    0.02311488    0.01065321
   -3.08333333   -0.01841558    0.02301624    0.01059198
   -3.00000000   -0.01851592    0.02290631    0.01052526
   -2.91666667   -0.01858405    0.02278431    0.01045265
   -2.83333333   -0.01861454    0.02264941    0.01037373
   -2.75000000   -0.01860100    0.02250072    0.01028804
   -2.66666667   -0.01853595    0.02233728    0.01019510
   -2.58333333   -0.01841060    0.02215800    0.01009437
   -2.50000000   -0.01821462    0.02196173    0.00998527
   -2.41666667   -0.01793591    0.02174724    0.00986720
   -2.33333333   -0.01756032    0.02151323    0.00973947
   -2.25000000   -0.01707142    0.02125832    0.00960136
   -2.16666667   -0.01645024    0.02098102    0.00945210
   -2.08333333   -0.01567524    0.02067971    0.00929084
   -2.00000000   -0.01472235    0.02035263    0.00911666
   -1.91666667   -0.01356554    0.01999792    0.00892860
   -1.83333333   -0.01217789    0.01961365    0.00872558
   -1.75000000   -0.01053365    0.01919777    0.00850650
   -1.66666667   -0.00861169    0.01874812    0.00827012
   -1.58333333   -0.00640061    0.01826243    0.00801517
   -1.50000000   -0.00390574    0.01773830    0.00774029
   -1.41666667   -0.00115785    0.01717327    0.00744403
   -1.33333333    0.00177809    0.01656486    0.00712490
   -1.25000000    0.00479660    0.01591061    0.00678135
   -1.16666667    0.00775184    0.01520810    0.00641185
   -1.08333333    0.01046830    0.01445503    0.00601486
   -1.00000000    0.01276338    0.01364928    0.00558894
   -0.91666667    0.01447805    0.01278901    0.00513282
   -0.83333333    0.01550676    0.01187288    0.00464553
   -0.75000000    0.01581582    0.01090015    0.00412656
   -0.66666667    0.01544398    0.00987091    0.00357606
   -0.58333333    0.01448652    0.00878619    0.00299521
   -0.50000000    0.01307064    0.00764816    0.00238660
   -0.41666667    0.01133094    0.00646031    0.00175477
   -0.33333333    0.00939135    0.00522763    0.00110697
   -0.25000000    0.00735493    0.00395663    0.00045407
   -0.16666667    0.00530081    0.00265533   -0.00018829
   -0.08333333    0.00328548    0.00133303   -0.00079830
    0.00000000    0.00134642    0.00000000    0.00134642
    0.08333333   -0.00049370   -0.00133303    0.00179382
    0.16666667   -0.00222308   -0.00265533    0.00209104
    0.25000000   -0.00383749   -0.00395663    0.00217752
    0.33333333   -0.00533771   -0.00522763    0.00198266
    0.41666667   -0.00672770   -0.00646031    0.00142952
    0.50000000   -0.00801329   -0.00764816    0.00044194
    0.58333333   -0.00920119   -0.00878619   -0.00104439
    0.66666667   -0.01029850   -0.00987091   -0.00306804
    0.75000000   -0.01131226   -0.01090015   -0.00562777
    0.83333333   -0.01224924   -0.01187288   -0.00867304
    0.91666667   -0.01311580   -0.01278901   -0.01210359
    1.00000000   -0.01391786   -0.01364928   -0.01578033
    1.08333333   -0.01466082   -0.01445503   -0.01954572
    1.16666667   -0.01534963   -0.01520810   -0.02324737
    1.25000000   -0.01598877   -0.01591061   -0.02675821
    1.33333333   -0.01658230   -0.01656486   -0.02998807
    1.41666667   -0.01713387   -0.01717327   -0.03288611
    1.50000000   -0.01764680   -0.01773830   -0.03543605
    1.58333333   -0.01812406   -0.01826243   -0.03764763
    1.66666667   -0.01856836   -0.01874812   -0.03954757
    1.75000000   -0.01898211   -0.01919777   -0.04117171
    1.83333333   -0.01936754   -0.01961365   -0.04255909
    1.91666667   -0.01972663   -0.01999792   -0.04374814
    2.00000000   -0.02006120   -0.02035263   -0.04477443
    2.08333333   -0.02037289   -0.02067971   -0.04566959
    2.16666667   -0.02066321   -0.02098102   -0.04646100
    2.25000000   -0.02093353   -0.02125832   -0.04717197
    2.33333333   -0.02118511   -0.02151323   -0.04782209
    2.41666667   -0.02141909   -0.02174724   -0.04842768
    2.50000000   -0.02163653   -0.02196173   -0.04900234
    2.58333333   -0.02183840   -0.02215800   -0.04955734
    2.66666667   -0.02202561   -0.02233728   -0.05010207
    2.75000000   -0.02219899   -0.02250072   -0.05064436
    2.83333333   -0.02235930   -0.02264941   -0.05119078
    2.91666667   -0.02250727   -0.02278431   -0.05174694
    3.00000000   -0.02264354   -0.02290631   -0.05231761
    3.08333333   -0.02276876   -0.02301624   -0.05290696
    3.16666667   -0.02288348   -0.02311488   -0.05351867
    3.25000000   -0.02298827   -0.02320298   -0.05415602
    3.33333333   -0.02308362   -0.02328125   -0.05482203
    3.41666667   -0.02317001   -0.02335033   -0.05551953
    3.50000000   -0.02324789   -0.02341078   -0.05625119
    3.58333333   -0.02331768   -0.02346312   -0.05701960
    3.66666667   -0.02337978   -0.02350785   -0.05782733
    3.75000000   -0.02343456   -0.02354547   -0.05867693
    3.83333333   -0.02348239   -0.02357644   -0.05957102
    3.91666667   -0.02352359   -0.02360119   -0.06051225
    4.00000000   -0.02355849   -0.02362009   -0.06150341
    4.08333333   -0.02358739   -0.02363347   -0.06254738
    4.16666667   -0.02361057   -0.02364164   -0.06364721
    4.25000000   -0.02362832   -0.02364493   -0.06480611
    4.33333333   -0.02364088   -0.02364366   -0.06602748
    4.41666667   -0.02364850   -0.02363813   -0.06731493
    4.50000000   -0.02365143   -0.02362858   -0.06867232
    4.58333333   -0.02364988   -0.02361523   -0.07010375
    4.66666667   -0.02364408   -0.02359827   -0.07161357
    4.75000000   -0.02363422   -0.02357793   -0.07320646
    4.83333333   -0.02362050   -0.02355442   -0.07488737
    4.91666667   -0.02360310   -0.02352795   -0.07666156
    5.00000000   -0.02358221   -0.02349870   -0.07853462
    5.08333333   -0.02355800   -0.02346682   -0.08051246
    5.16666667   -0.02353063   -0.02343243   -0.08260129
    5.25000000   -0.02350025   -0.02339566   -0.08480764
    5.33333333   -0.02346702   -0.02335668   -0.08713830
    5.41666667   -0.02343108   -0.02331563   -0.08960024
    5.50000000   -0.02339256   -0.02327266   -0.09220063
    5.58333333   -0.02335161   -0.02322785   -0.09494662
    5.66666667   -0.02330833   -0.02318130   -0.09784524
    5.75000000   -0.02326286   -0.02313309   -0.10090325
    5.83333333   -0.02321531   -0.02308331   -0.10412674
    5.91666667   -0.02316579   -0.02303208   -0.10752081
    6.00000000   -0.02311441   -0.02297953   -0.11108921
    6.08333333   -0.02306127   -0.02292572   -0.11483351
    6.16666667   -0.02300647   -0.02287069   -0.11875243
    6.25000000   -0.02295009   -0.02281451   -0.12284090
    6.33333333   -0.02289224   -0.02275722   -0.12708868
    6.41666667   -0.02283299   -0.02269894   -0.13147892
    6.50000000   -0.02277244   -0.02263974   -0.13598647
    6.58333333   -0.02271065   -0.02257968   -0.14057558
    6.66666667   -0.02264770   -0.02251881   -0.14519773
    6.75000000   -0.02258367   -0.02245714   -0.14978917
    6.83333333   -0.02251863   -0.02239471   -0.15426839
    6.91666667   -0.02245264   -0.02233159   -0.15853416
    7.00000000   -0.02238577   -0.02226785   -0.16246439
    7.08333333   -0.02231808   -0.02220355   -0.16591631
    7.16666667   -0.02224963   -0.02213871   -0.16872900
    7.25000000   -0.02218046   -0.02207335   -0.17072894
    7.33333333   -0.02211065   -0.02200747   -0.17173885
    7.41666667   -0.02204023   -0.02194113   -0.17159048
    7.50000000   -0.02196927   -0.02187438   -0.17014021
    7.58333333   -0.02189780   -0.02180729   -0.16728617
    7.66666667   -0.02182587   -0.02173987   -0.16298416
    7.75000000   -0.02175352   -0.02167212   -0.15725920
    7.83333333   -0.02168080   -0.02160404   -0.15021015
    7.91666667   -0.02160775   -0.02153566   -0.14200523
    8.00000000   -0.02153439   -0.02146703   -0.13286861
    8.08333333   -0.02146078   -0.02139820   -0.12306093
    8.16666667   -0.02138694   -0.02132920   -0.11285579
    8.25000000   -0.02131292   -0.02126003   -0.10251837
    8.33333333   -0.02123872   -0.02119067   -0.09228656
    8.41666667   -0.02116440   -0.02112113   -0.08235933
    8.50000000   -0.02108998   -0.02105144   -0.07289130
    8.58333333   -0.02101548   -0.02098166   -0.06399185
    8.66666667   -0.02094094   -0.02091182   -0.05572926
    8.75000000   -0.02086637   -0.02084193   -0.04813709
    8.83333333   -0.02079180   -0.02077195   -0.04122076
    8.91666667   -0.02071725   -0.02070189   -0.03496483
    9.00000000   -0.02064276   -0.02063176   -0.02933947
    9.08333333   -0.02056832   -0.02056161   -0.02430531
    9.16666667   -0.02049398   -0.02049148   -0.01981776
    9.25000000   -0.02041973   -0.02042138   -0.01583031
    9.33333333   -0.02034561   -0.02035129   -0.01229639
    9.41666667   -0.02027163   -0.02028117   -0.00917109
    9.50000000   -0.02019781   -0.02021105   -0.00641214
    9.58333333   -0.02012415   -0.02014096   -0.00398026
    9.66666667   -0.02005068   -0.02007094   -0.00183953
    9.75000000   -0.01997741   -0.02000101    0.00004254
    9.83333333   -0.01990435   -0.01993116    0.00169527
    9.91666667   -0.01983152   -0.01986134    0.00314484
   10.00000000   -0.01975892   -0.01979155    0.00441455
   10.08333333   -0.01968657   -0.01972183    0.00552515
   10.16666667   -0.01961448   -0.01965221    0.00649499
   10.25000000   -0.01954265   -0.01958272    0.00734027
   10.33333333   -0.01947110   -0.01951335    0.00807536
   10.41666667   -0.01939984   -0.01944408    0.00871293
   10.50000000   -0.01932887   -0.01937486    0.00926413
   10.58333333   -0.01925820   -0.01930573    0.00973883
   10.66666667   -0.01918784   -0.01923671    0.01014575
   10.75000000   -0.01911779   -0.01916786    0.01049256
   10.83333333   -0.01904807   -0.01909916    0.01078607
   10.91666667   -0.01897868   -0.01903058    0.01103229
   11.00000000   -0.01890962   -0.01896210    0.01123652
   11.08333333   -0.01884090   -0.01889371    0.01140347
   11.16666667   -0.01877252   -0.01882544    0.01153731
   11.25000000   -0.01870449   -0.01875735    0.01164173
   11.33333333   -0.01863681   -0.01868943    0.01172003
   11.41666667   -0.01856949   -0.01862167    0.01177511
   11.50000000   -0.01850253   -0.01855402    0.01180957
   11.58333333   -0.01843593   -0.01848647    0.01182572
   11.66666667   -0.01836970   -0.01841905    0.01182560
   11.75000000   -0.01830383   -0.01835179    0.01181106
   11.83333333   -0.01823834   -0.01828472    0.01178373
   11.91666667   -0.01817322   -0.01821784    0.01174507
   12.00000000   -0.01810848   -0.01815108    0.01169638
   12.08333333   -0.01804411   -0.01808443    0.01163882
   12.16666667   -0.01798012   -0.01801789    0.01157345
   12.25000000   -0.01791651   -0.01795151    0.01150120
   12.33333333   -0.01785328   -0.01788533    0.01142290
   12.41666667   -0.01779043   -0.01781934    0.01133930
   12.50000000   -0.01772797   -0.01775350    0.01125108
   12.58333333   -0.01766589   -0.01768777    0.01115884
   12.66666667   -0.01760419   -0.01762214    0.01106312
   12.75000000   -0.01754287   -0.01755666    0.01096441
   12.83333333   -0.01748194   -0.01749135    0.01086314
   12.91666667   -0.01742140   -0.01742626    0.01075971
   13.00000000   -0.01736123   -0.01736133    0.01065448
   13.08333333   -0.01730145   -0.01729651    0.01054774
   13.16666667   -0.01724205   -0.01723178    0.01043980
   13.25000000   -0.01718304   -0.01716717    0.01033091
   13.33333333   -0.01712440   -0.01710273    0.01022128
   13.41666667   -0.01706615   -0.01703850    0.01011114
   13.50000000   -0.01700828   -0.01697444    0.01000067
   13.58333333   -0.01695078   -0.01691051    0.00989002
   13.66666667   -0.01689367   -0.01684666    0.00977935
   13.75000000   -0.01683693   -0.01678290    0.00966880
   13.83333333   -0.01678056   -0.01671928    0.00955847
   13.91666667   -0.01672457   -0.01665586    0.00944848
   14.00000000   -0.01666896   -0.01659263    0.00933892
   14.08333333   -0.01661372   -0.01652953    0.00922987
   14.16666667   -0.01655884   -0.01646651    0.00912141
   14.25000000   -0.01650434   -0.01640356    0.00901361
   14.33333333   -0.01645020   -0.01634072    0.00890651
   14.41666667   -0.01639642   -0.01627805    0.00880019
   14.50000000   -0.01634302   -0.01621558    0.00869467
   14.58333333   -0.01628997   -0.01615326    0.00859000
   14.66666667   -0.01623728   -0.01609101    0.00848622
   14.75000000   -0.01618495   -0.01602881    0.00838335
   14.83333333   -0.01613298   -0.01596669    0.00828142
   14.91666667   -0.01608137   -0.01590472    0.00818045
   15.00000000   -0.01603010   -0.01584294    0.00808046
   15.08333333   -0.01597919   -0.01578132    0.00798146
   15.16666667   -0.01592862   -0.01571978    0.00788347
   15.25000000   -0.01587841   -0.01565828    0.00778649
   15.33333333   -0.01582853   -0.01559682    0.00769054
   15.41666667   -0.01577900   -0.01553548    0.00759561
   15.50000000   -0.01572981   -0.01547432    0.00750172
   15.58333333   -0.01568096   -0.01541334    0.00740885
   15.66666667   -0.01563244   -0.01535246    0.00731703
   15.75000000   -0.01558426   -0.01529161    0.00722623
   15.83333333   -0.01553641   -0.01523077    0.00713646
   15.91666667   -0.01548889   -0.01517002    0.00704772
   16.00000000   -0.01544170   -0.01510943    0.00696000
   16.08333333   -0.01539483   -0.01504903    0.00687329
   16.16666667   -0.01534829   -0.01498876    0.00678760
   16.25000000   -0.01530207   -0.01492854    0.00670290
   16.33333333   -0.01525617   -0.01486831    0.00661920
   16.41666667   -0.01521058   -0.01480813    0.00653649
   16.50000000   -0.01516531   -0.01474811    0.00645475
   16.58333333   -0.01512035   -0.01468829    0.00637398
   16.66666667   -0.01507570   -0.01462866    0.00629417
   16.75000000   -0.01503135   -0.01456910    0.00621531
   16.83333333   -0.01498731   -0.01450955    0.00613739
   16.91666667   -0.01494358   -0.01445002    0.00606039
   17.00000000   -0.01490015   -0.01439064    0.00598432
   17.08333333   -0.01485701   -0.01433151    0.00590915
   17.16666667   -0.01481417   -0.01427264    0.00583488
   17.25000000   -0.01477163   -0.01421393    0.00576149
   17.33333333   -0.01472938   -0.01415526    0.00568898
   17.41666667   -0.01468742   -0.01409665    0.00561733
   17.50000000   -0.01464574   -0.01403820    0.00554653
   17.58333333   -0.01460435   -0.01398009    0.00547657
   17.66666667   -0.01456325   -0.01392237    0.00540745
   17.75000000   -0.01452243   -0.01386496    0.00533914
   17.83333333   -0.01448188   -0.01380775    0.00527164
   17.91666667   -0.01444161   -0.01375069    0.00520493
   18.00000000   -0.01440162   -0.01369391    0.00513902
   18.08333333   -0.01436190   -0.01363764    0.00507387
   18.16666667   -0.01432245   -0.01358202    0.00500949
   18.25000000   -0.01428326   -0.01352704    0.00494587
   18.33333333   -0.01424435   -0.01347258    0.00488298
   18.41666667   -0.01420570   -0.01341856    0.00482083
   18.50000000   -0.01416730   -0.01336512    0.00475940
   18.58333333   -0.01412917   -0.01331259    0.00469868
   18.66666667   -0.01409130   -0.01326125    0.00463867
   18.75000000   -0.01405368   -0.01321122    0.00457934
   18.83333333   -0.01401632   -0.01316237    0.00452069
   18.91666667   -0.01397921   -0.01311459    0.00446272
   19.00000000   -0.01394234   -0.01306803    0.00440541
   19.08333333   -0.01390573   -0.01302309    0.00434874
   19.16666667   -0.01386936   -0.01298025    0.00429272
   19.25000000   -0.01383323   -0.01293963    0.00423734
   19.33333333   -0.01379735   -0.01290087    0.00418257
   19.41666667   -0.01376171   -0.01286331    0.00412842
   19.50000000   -0.01372630   -0.01282626    0.00407488
   19.58333333   -0.01369113   -0.01278904    0.00402193
   19.66666667   -0.01365619   -0.01275034    0.00396957
   19.75000000   -0.01362148   -0.01270717    0.00391779
   19.83333333   -0.01358701   -0.01265407    0.00386658
   19.91666667   -0.01355276   -0.01258326    0.00381593
   20.00000000   -0.01351874   -0.01248637    0.00376583
