  -20.00000000   -0.14337913   -0.00563217   -0.11639360
  -19.91666667   -0.14358459   -0.00540882   -0.11650989
  -19.83333333   -0.14379138   -0.00524890   -0.11662708
  -19.75000000   -0.14399952   -0.00515795   -0.11674520
  -19.66666667   -0.14420900   -0.00512480   -0.11686424
  -19.58333333   -0.14441985   -0.00513107   -0.11698422
  -19.50000000   -0.14463208   -0.00516099   -0.11710515
  -19.41666667   -0.14484569   -0.00520633   -0.11722705
  -19.33333333   -0.14506070   -0.00526517   -0.11734991
  -19.25000000   -0.14527713   -0.00533745   -0.11747376
  -19.16666667   -0.14549498   -0.00542123   -0.11759862
  -19.08333333   -0.14571426   -0.00551229   -0.11772447
  -19.00000000   -0.14593499   -0.00560637   -0.11785136
  -18.91666667   -0.14615719   -0.00570148   -0.11797928
  -18.83333333   -0.14638085   -0.00579830   -0.11810824
  -18.75000000   -0.14660600   -0.00589847   -0.11823827
  -18.66666667   -0.14683266   -0.00600249   -0.11836937
  -18.58333333   -0.14706082   -0.00610897   -0.11850156
  -18.50000000   -0.14729051   -0.00621570   -0.11863485
  -18.41666667   -0.14752173   -0.00632132   -0.11876926
  -18.33333333   -0.14775451   -0.00642623   -0.11890480
  -18.25000000   -0.14798885   -0.00653183   -0.11904149
  -18.16666667   -0.14822477   -0.00663911   -0.11917933
  -18.08333333   -0.14846228   -0.00674770   -0.11931835
  -18.00000000   -0.14870140   -0.00685622   -0.11945856
  -17.91666667   -0.14894213   -0.00696351   -0.11959998
  -17.83333333   -0.14918450   -0.00706953   -0.11974261
  -17.75000000   -0.14942851   -0.00717530   -0.11988649
  -17.66666667   -0.14967419   -0.00728186   -0.12003163
  -17.58333333   -0.14992154   -0.00738939   -0.12017803
  -17.50000000   -0.15017058   -0.00749704   -0.12032572
  -17.41666667   -0.15042133   -0.00760377   -0.12047472
  -17.33333333   -0.15067378   -0.00770926   -0.12062504
  -17.25000000   -0.15092798   -0.00781412   -0.12077671
  -17.16666667   -0.15118393   -0.00791933   -0.12092973
  -17.08333333   -0.15144163   -0.00802533   -0.12108414
  -17.00000000   -0.15170112   -0.00813169   -0.12123994
  -16.91666667   -0.15196240   -0.00823755   -0.12139716
  -16.83333333   -0.15222549   -0.00834239   -0.12155582
  -16.75000000   -0.15249040   -0.00844650   -0.12171594
  -16.66666667   -0.15275716   -0.00855067   -0.12187753
  -16.58333333   -0.15302576   -0.00865549   -0.12204063
  -16.50000000   -0.15329624   -0.00876086   -0.12220524
  -16.41666667   -0.15356861   -0.00886612   -0.12237140
  -16.33333333   -0.15384287   -0.00897066   -0.12253912
  -16.25000000   -0.15411906   -0.00907449   -0.12270844
  -16.16666667   -0.15439718   -0.00917820   -0.12287936
  -16.08333333   -0.15467725   -0.00928243   -0.12305191
  -16.00000000   -0.15495929   -0.00938732   -0.12322613
  -15.91666667   -0.15524331   -0.00949241   -0.12340203
  -15.83333333   -0.15552934   -0.00959711   -0.12357964
  -15.75000000   -0.15581738   -0.00970121   -0.12375898
  -15.66666667   -0.15610745   -0.00980508   -0.12394008
  -15.58333333   -0.15639957   -0.00990934   -0.12412297
  -15.50000000   -0.15669376   -0.01001428   -0.12430767
  -15.41666667   -0.15699004   -0.01011968   -0.12449421
  -15.33333333   -0.15728841   -0.01022498   -0.12468262
  -15.25000000   -0.15758891   -0.01032985   -0.12487293
  -15.16666667   -0.15789153   -0.01043446   -0.12506517
  -15.08333333   -0.15819632   -0.01053932   -0.12525937
  -15.00000000   -0.15850326   -0.01064484   -0.12545556
  -14.91666667   -0.15881240   -0.01075097   -0.12565377
  -14.83333333   -0.15912375   -0.01085728   -0.12585403
  -14.75000000   -0.15943731   -0.01096335   -0.12605638
  -14.66666667   -0.15975311   -0.01106918   -0.12626085
  -14.58333333   -0.16007117   -0.01117515   -0.12646747
  -14.50000000   -0.16039150   -0.01128170   -0.12667628
  -14.41666667   -0.16071413   -0.01138895   -0.12688731
  -14.33333333   -0.16103907   -0.01149660   -0.12710061
  -14.25000000   -0.16136633   -0.01160422   -0.12731620
  -14.16666667   -0.16169593   -0.01171166   -0.12753413
  -14.08333333   -0.16202791   -0.01181915   -0.12775444
  -14.00000000   -0.16236225   -0.01192713   -0.12797717
  -13.91666667   -0.16269900   -0.01203583   -0.12820235
  -13.83333333   -0.16303816   -0.01214508   -0.12843003
  -13.75000000   -0.16337976   -0.01225450   -0.12866026
  -13.66666667   -0.16372380   -0.01236383   -0.12889307
  -13.58333333   -0.16407031   -0.01247317   -0.12912851
  -13.50000000   -0.16441931   -0.01258288   -0.12936663
  -13.41666667   -0.16477080   -0.01269327   -0.12960747
  -13.33333333   -0.16512482   -0.01280431   -0.12985109
  -13.25000000   -0.16548137   -0.01291569   -0.13009753
  -13.16666667   -0.16584048   -0.01302708   -0.13034684
  -13.08333333   -0.16620215   -0.01313846   -0.13059908
  -13.00000000   -0.16656641   -0.01325011   -0.13085430
  -12.91666667   -0.16693328   -0.01336235   -0.13111255
  -12.83333333   -0.16730276   -0.01347527   -0.13137389
  -12.75000000   -0.16767488   -0.01358865   -0.13163838
  -12.66666667   -0.16804965   -0.01370216   -0.13190607
  -12.58333333   -0.16842708   -0.01381566   -0.13217702
  -12.50000000   -0.16880720   -0.01392932   -0.13245131
  -12.41666667   -0.16919001   -0.01404345   -0.13272898
  -12.33333333   -0.16957554   -0.01415824   -0.13301011
  -12.25000000   -0.16996379   -0.01427355   -0.13329476
  -12.16666667   -0.17035478   -0.01438908   -0.13358300
  -12.08333333   -0.17074853   -0.01450461   -0.13387491
  -12.00000000   -0.17114505   -0.01462020   -0.13417055
  -11.91666667   -0.17154434   -0.01473613   -0.13446999
  -11.83333333   -0.17194643   -0.01485261   -0.13477333
  -11.75000000   -0.17235132   -0.01496962   -0.13508062
  -11.66666667   -0.17275902   -0.01508691   -0.13539195
  -11.58333333   -0.17316956   -0.01520420   -0.13570742
  -11.50000000   -0.17358293   -0.01532146   -0.13602709
  -11.41666667   -0.17399914   -0.01543889   -0.13635106
  -11.33333333   -0.17441821   -0.01555671   -0.13667942
  -11.25000000   -0.17484015   -0.01567501   -0.13701225
  -11.16666667   -0.17526495   -0.01579357   -0.13734967
  -11.08333333   -0.17569263   -0.01591213   -0.13769176
  -11.00000000   -0.17612320   -0.01603054   -0.13803861
  -10.91666667   -0.17655665   -0.01614893   -0.13839035
  -10.83333333   -0.17699299   -0.01626751   -0.13874708
  -10.75000000   -0.17743222   -0.01638640   -0.13910889
  -10.66666667   -0.17787435   -0.01650550   -0.13947591
  -10.58333333   -0.17831938   -0.01662452   -0.13984826
  -10.50000000   -0.17876729   -0.01674327   -0.14022605
  -10.41666667   -0.17921810   -0.01686176   -0.14060940
  -10.33333333   -0.17967180   -0.01698017   -0.14099845
  -10.25000000   -0.18012838   -0.01709867   -0.14139333
  -10.16666667   -0.18058783   -0.01721719   -0.14179417
  -10.08333333   -0.18105015   -0.01733551   -0.14220111
  -10.00000000   -0.18151532   -0.01745336   -0.14261429
   -9.91666667   -0.18198334   -0.01757068   -0.14303387
   -9.83333333   -0.18245419   -0.01768758   -0.14346000
   -9.75000000   -0.18292785   -0.01780423   -0.14389283
   -9.66666667   -0.18340430   -0.01792062   -0.14433253
   -9.58333333   -0.18388353   -0.01803656   -0.14477928
   -9.50000000   -0.18436550   -0.01815178   -0.14523324
   -9.41666667   -0.18485019   -0.01826610   -0.14569459
   -9.33333333   -0.18533757   -0.01837957   -0.14616352
   -9.25000000   -0.18582761   -0.01849233   -0.14664023
   -9.16666667   -0.18632027   -0.01860442   -0.14712490
   -9.08333333   -0.18681552   -0.01871567   -0.14761776
   -9.00000000   -0.18731330   -0.01882580   -0.14811901
   -8.91666667   -0.18781357   -0.01893458   -0.14862887
   -8.83333333   -0.18831629   -0.01904195   -0.14914758
   -8.75000000   -0.18882138   -0.01914800   -0.14967536
   -8.66666667   -0.18932879   -0.01925278   -0.15021246
   -8.58333333   -0.18983847   -0.01935616   -0.15075914
   -8.50000000   -0.19035033   -0.01945786   -0.15131564
   -8.41666667   -0.19086429   -0.01955758   -0.15188226
   -8.33333333   -0.19138028   -0.01965518   -0.15245927
   -8.25000000   -0.19189819   -0.01975065   -0.15304696
   -8.16666667   -0.19241794   -0.01984402   -0.15364562
   -8.08333333   -0.19293943   -0.01993520   -0.15425559
   -8.00000000   -0.19346252   -0.02002390   -0.15487716
   -7.91666667   -0.19398712   -0.02010977   -0.15551069
   -7.83333333   -0.19451307   -0.02019256   -0.15615652
   -7.75000000   -0.19504025   -0.02027217   -0.15681502
   -7.66666667   -0.19556850   -0.02034858   -0.15748654
   -7.58333333   -0.19609765   -0.02042168   -0.15817149
   -7.50000000   -0.19662754   -0.02049119   -0.15887026
   -7.41666667   -0.19715796   -0.02055670   -0.15958327
   -7.33333333   -0.19768872   -0.02061785   -0.16031095
   -7.25000000   -0.19821961   -0.02067443   -0.16105374
   -7.16666667   -0.19875037   -0.02072633   -0.16181211
   -7.08333333   -0.19928077   -0.02077340   -0.16258653
   -7.00000000   -0.19981052   -0.02081534   -0.16337750
   -6.91666667   -0.20033934   -0.02085168   -0.16418554
   -6.83333333   -0.20086690   -0.02088195   -0.16501115
   -6.75000000   -0.20139287   -0.02090579   -0.16585491
   -6.66666667   -0.20191689   -0.02092298   -0.16671736
   -6.58333333   -0.20243854   -0.02093328   -0.16759907
   -6.50000000   -0.20295741   -0.02093633   -0.16850067
   -6.41666667   -0.20347305   -0.02093160   -0.16942274
   -6.33333333   -0.20398493   -0.02091850   -0.17036591
   -6.25000000   -0.20449255   -0.02089648   -0.17133084
   -6.16666667   -0.20499531   -0.02086517   -0.17231817
   -6.08333333   -0.20549257   -0.02082421   -0.17332856
   -6.00000000   -0.20598368   -0.02077312   -0.17436268
   -5.91666667   -0.20646788   -0.02071128   -0.17542121
   -5.83333333   -0.20694439   -0.02063794   -0.17650482
   -5.75000000   -0.20741233   -0.02055238   -0.17761417
   -5.66666667   -0.20787077   -0.02045398   -0.17874993
   -5.58333333   -0.20831868   -0.02034221   -0.17991270
   -5.50000000   -0.20875497   -0.02021645   -0.18110311
   -5.41666667   -0.20917842   -0.02007592   -0.18232170
   -5.33333333   -0.20958773   -0.01991967   -0.18356894
   -5.25000000   -0.20998146   -0.01974676   -0.18484525
   -5.16666667   -0.21035806   -0.01955630   -0.18615093
   -5.08333333   -0.21071582   -0.01934750   -0.18748610
   -5.00000000   -0.21105289   -0.01911952   -0.18885078
   -4.91666667   -0.21136724   -0.01887136   -0.19024468
   -4.83333333   -0.21165666   -0.01860186   -0.19166726
   -4.75000000   -0.21191871   -0.01830976   -0.19311765
   -4.66666667   -0.21215074   -0.01799386   -0.19459447
   -4.58333333   -0.21234982   -0.01765304   -0.19609582
   -4.50000000   -0.21251277   -0.01728615   -0.19761908
   -4.41666667   -0.21263606   -0.01689193   -0.19916076
   -4.33333333   -0.21271585   -0.01646890   -0.20071623
   -4.25000000   -0.21274790   -0.01601546   -0.20227954
   -4.16666667   -0.21272754   -0.01553003   -0.20384294
   -4.08333333   -0.21264965   -0.01501107   -0.20539654
   -4.00000000   -0.21250859   -0.01445710   -0.20692768
   -3.91666667   -0.21229813   -0.01386648   -0.20842022
   -3.83333333   -0.21201144   -0.01323740   -0.20985361
   -3.75000000   -0.21164098   -0.01256788   -0.21120164
   -3.66666667   -0.21117845   -0.01185590   -0.21243094
   -3.58333333   -0.21061469   -0.01109953   -0.21349886
   -3.50000000   -0.20993964   -0.01029685   -0.21435085
   -3.41666667   -0.20914221   -0.00944591   -0.21491690
   -3.33333333   -0.20821022   -0.00854455   -0.21510693
   -3.25000000   -0.20713027   -0.00759046   -0.21480457
   -3.16666667   -0.20588768   -0.00658129   -0.21385902
   -3.08333333   -0.20446635   -0.00551477   -0.21207412
   -3.00000000   -0.20284869   -0.00438875   -0.20919392
   -2.91666667   -0.20101553   -0.00320106   -0.20488350
   -2.83333333   -0.19894602   -0.00194949   -0.19870399
   -2.75000000   -0.19661763   -0.00063169   -0.19008062
   -2.66666667   -0.19400604    0.00075466   -0.17826329
   -2.58333333   -0.19108525    0.00221168   -0.16228160
   -2.50000000   -0.18782762    0.00374123   -0.14090143
   -2.41666667   -0.18420404    0.00534496   -0.11260039
   -2.33333333   -0.18018417    0.00702438   -0.07560128
   -2.25000000   -0.17573690    0.00878089   -0.02803495
   -2.16666667   -0.17083083    0.01061560    0.03165858
   -2.08333333   -0.16543504    0.01252916    0.10397095
   -2.00000000   -0.15952012    0.01452153    0.18720485
   -1.91666667   -0.15305930    0.01659200    0.27634947
   -1.83333333   -0.14603003    0.01873917    0.36283567
   -1.75000000   -0.13841567    0.02096098    0.43618448
   -1.66666667   -0.13020763    0.02325445    0.48744352
   -1.58333333   -0.12140753    0.02561538    0.51247904
   -1.50000000   -0.11202955    0.02803804    0.51285919
   -1.41666667   -0.10210285    0.03051499    0.49407773
   -1.33333333   -0.09167358    0.03303705    0.46283696
   -1.25000000   -0.08080654    0.03559320    0.42505425
   -1.16666667   -0.06958607    0.03817032    0.38505655
   -1.08333333   -0.05811595    0.04075276    0.34560020
   -1.00000000   -0.04651786    0.04332195    0.30823013
   -0.91666667   -0.03492866    0.04585615    0.27367705
   -0.83333333   -0.02349605    0.04833057    0.24217348
   -0.75000000   -0.01237302    0.05071768    0.21367153
   -0.66666667   -0.00171138    0.05298740    0.18798005
   -0.58333333    0.00834516    0.05510735    0.16484617
   -0.50000000    0.01766759    0.05704322    0.14400117
   -0.41666667    0.02614753    0.05875958    0.12518463
   -0.33333333    0.03370159    0.06022148    0.10815601
   -0.25000000    0.04027408    0.06139649    0.09269916
   -0.16666667    0.04583776    0.06225695    0.07862294
   -0.08333333    0.05039280    0.06278191    0.06575989
    0.00000000    0.05396415    0.06295837    0.05396415
    0.08333333    0.05659776    0.06278191    0.04310890
    0.16666667    0.05835623    0.06225695    0.03308406
    0.25000000    0.05931413    0.06139649    0.02379396
    0.33333333    0.05955358    0.06022148    0.01515535
    0.41666667    0.05916021    0.05875958    0.00709568
    0.50000000    0.05821976    0.05704322   -0.00044849
    0.58333333    0.05681542    0.05510735   -0.00753271
    0.66666667    0.05502583    0.05298740   -0.01420584
    0.75000000    0.05292370    0.05071768   -0.02051094
    0.83333333    0.05057502    0.04833057   -0.02648611
    0.91666667    0.04803870    0.04585615   -0.03216515
    1.00000000    0.04536657    0.04332195   -0.03757815
    1.08333333    0.04260361    0.04075276   -0.04275203
    1.16666667    0.03978836    0.03817032   -0.04771088
    1.25000000    0.03695342    0.03559320   -0.05247643
    1.33333333    0.03412608    0.03303705   -0.05706827
    1.41666667    0.03132881    0.03051499   -0.06150417
    1.50000000    0.02857993    0.02803804   -0.06580031
    1.58333333    0.02589406    0.02561538   -0.06997145
    1.66666667    0.02328272    0.02325445   -0.07403114
    1.75000000    0.02075468    0.02096098   -0.07799188
    1.83333333    0.01831646    0.01873917   -0.08186520
    1.91666667    0.01597265    0.01659200   -0.08566182
    2.00000000    0.01372620    0.01452153   -0.08939178
    2.08333333    0.01157874    0.01252916   -0.09306443
    2.16666667    0.00953080    0.01061560   -0.09668865
    2.25000000    0.00758202    0.00878089   -0.10027278
    2.33333333    0.00573128    0.00702438   -0.10382482
    2.41666667    0.00397690    0.00534496   -0.10735240
    2.50000000    0.00231673    0.00374123   -0.11086284
    2.58333333    0.00074827    0.00221168   -0.11436325
    2.66666667   -0.00073126    0.00075466   -0.11786053
    2.75000000   -0.00212483   -0.00063169   -0.12136141
    2.83333333   -0.00343556   -0.00194949   -0.12487255
    2.91666667   -0.00466666   -0.00320106   -0.12840050
    3.00000000   -0.00582137   -0.00438875   -0.13195177
    3.08333333   -0.00690296   -0.00551477   -0.13553288
    3.16666667   -0.00791471   -0.00658129   -0.13915037
    3.25000000   -0.00885984   -0.00759046   -0.14281081
    3.33333333   -0.00974152   -0.00854455   -0.14652091
    3.41666667   -0.01056289   -0.00944591   -0.15028748
    3.50000000   -0.01132697   -0.01029685   -0.15411744
    3.58333333   -0.01203674   -0.01109953   -0.15801797
    3.66666667   -0.01269508   -0.01185590   -0.16199643
    3.75000000   -0.01330475   -0.01256788   -0.16606041
    3.83333333   -0.01386846   -0.01323740   -0.17021781
    3.91666667   -0.01438880   -0.01386648   -0.17447685
    4.00000000   -0.01486826   -0.01445710   -0.17884607
    4.08333333   -0.01530924   -0.01501107   -0.18333444
    4.16666667   -0.01571404   -0.01553003   -0.18795130
    4.25000000   -0.01608488   -0.01601546   -0.19270655
    4.33333333   -0.01642385   -0.01646890   -0.19761050
    4.41666667   -0.01673297   -0.01689193   -0.20267402
    4.50000000   -0.01701419   -0.01728615   -0.20790864
    4.58333333   -0.01726934   -0.01765304   -0.21332644
    4.66666667   -0.01750018   -0.01799386   -0.21894017
    4.75000000   -0.01770838   -0.01830976   -0.22476339
    4.83333333   -0.01789553   -0.01860186   -0.23081029
    4.91666667   -0.01806315   -0.01887136   -0.23709587
    5.00000000   -0.01821267   -0.01911952   -0.24363606
    5.08333333   -0.01834548   -0.01934750   -0.25044750
    5.16666667   -0.01846286   -0.01955630   -0.25754770
    5.25000000   -0.01856604   -0.01974676   -0.26495515
    5.33333333   -0.01865619   -0.01991967   -0.27268907
    5.41666667   -0.01873442   -0.02007592   -0.28076947
    5.50000000   -0.01880176   -0.02021645   -0.28921724
    5.58333333   -0.01885921   -0.02034221   -0.29805378
    5.66666667   -0.01890769   -0.02045398   -0.30730094
    5.75000000   -0.01894809   -0.02055238   -0.31698098
    5.83333333   -0.01898123   -0.02063794   -0.32711597
    5.91666667   -0.01900789   -0.02071128   -0.33772750
    6.00000000   -0.01902881   -0.02077312   -0.34883640
    6.08333333   -0.01904467   -0.02082421   -0.36046165
    6.16666667   -0.01905613   -0.02086517   -0.37261971
    6.25000000   -0.01906379   -0.02089648   -0.38532368
    6.33333333   -0.01906821   -0.02091850   -0.39858148
    6.41666667   -0.01906995   -0.02093160   -0.41239443
    6.50000000   -0.01906948   -0.02093633   -0.42675549
    6.58333333   -0.01906727   -0.02093328   -0.44164635
    6.66666667   -0.01906376   -0.02092298   -0.45703482
    6.75000000   -0.01905936   -0.02090579   -0.47287186
    6.83333333   -0.01905443   -0.02088195   -0.48908738
    6.91666667   -0.01904932   -0.02085168   -0.50558643
    7.00000000   -0.01904435   -0.02081534   -0.52224531
    7.08333333   -0.01903983   -0.02077340   -0.53890693
    7.16666667   -0.01903602   -0.02072633   -0.55537733
    7.25000000   -0.01903318   -0.02067443   -0.57142331
    7.33333333   -0.01903154   -0.02061785   -0.58677076
    7.41666667   -0.01903131   -0.02055670   -0.60110639
    7.50000000   -0.01903269   -0.02049119   -0.61408257
    7.58333333   -0.01903585   -0.02042168   -0.62532558
    7.66666667   -0.01904094   -0.02034858   -0.63444926
    7.75000000   -0.01904813   -0.02027217   -0.64107312
    7.83333333   -0.01905753   -0.02019256   -0.64484403
    7.91666667   -0.01906925   -0.02010977   -0.64546105
    8.00000000   -0.01908341   -0.02002390   -0.64270013
    8.08333333   -0.01910010   -0.01993520   -0.63643613
    8.16666667   -0.01911939   -0.01984402   -0.62665869
    8.25000000   -0.01914134   -0.01975065   -0.61348023
    8.33333333   -0.01916603   -0.01965518   -0.59713245
    8.41666667   -0.01919350   -0.01955758   -0.57795335
    8.50000000   -0.01922378   -0.01945786   -0.55636609
    8.58333333   -0.01925691   -0.01935616   -0.53284983
    8.66666667   -0.01929292   -0.01925278   -0.50791001
    8.75000000   -0.01933183   -0.01914800   -0.48205031
    8.83333333   -0.01937363   -0.01904195   -0.45574600
    8.91666667   -0.01941835   -0.01893458   -0.42942577
    9.00000000   -0.01946597   -0.01882580   -0.40346028
    9.08333333   -0.01951649   -0.01871567   -0.37815444
    9.16666667   -0.01956990   -0.01860442   -0.35374764
    9.25000000   -0.01962618   -0.01849233   -0.33041807
    9.33333333   -0.01968531   -0.01837957   -0.30828729
    9.41666667   -0.01974728   -0.01826610   -0.28742872
    9.50000000   -0.01981204   -0.01815178   -0.26787658
    9.58333333   -0.01987958   -0.01803656   -0.24963240
    9.66666667   -0.01994986   -0.01792062   -0.23267312
    9.75000000   -0.02002284   -0.01780423   -0.21695809
    9.83333333   -0.02009849   -0.01768758   -0.20243327
    9.91666667   -0.02017676   -0.01757068   -0.18903630
   10.00000000   -0.02025761   -0.01745336   -0.17670047
   10.08333333   -0.02034100   -0.01733551   -0.16535648
   10.16666667   -0.02042689   -0.01721719   -0.15493503
   10.25000000   -0.02051522   -0.01709867   -0.14536857
   10.33333333   -0.02060595   -0.01698017   -0.13659165
   10.41666667   -0.02069903   -0.01686176   -0.12854204
   10.50000000   -0.02079441   -0.01674327   -0.12116130
   10.58333333   -0.02089203   -0.01662452   -0.11439452
   10.66666667   -0.02099186   -0.01650550   -0.10819067
   10.75000000   -0.02109384   -0.01638640   -0.10250272
   10.83333333   -0.02119790   -0.01626751   -0.09728709
   10.91666667   -0.02130402   -0.01614893   -0.09250377
   11.00000000   -0.02141212   -0.01603054   -0.08811622
   11.08333333   -0.02152216   -0.01591213   -0.08409084
   11.16666667   -0.02163409   -0.01579357   -0.08039692
   11.25000000   -0.02174785   -0.01567501   -0.07700656
   11.33333333   -0.02186340   -0.01555671   -0.07389418
   11.41666667   -0.02198068   -0.01543889   -0.07103644
   11.50000000   -0.02209964   -0.01532146   -0.06841220
   11.58333333   -0.02222023   -0.01520420   -0.06600205
   11.66666667   -0.02234240   -0.01508691   -0.06378833
   11.75000000   -0.02246609   -0.01496962   -0.06175501
   11.83333333   -0.02259127   -0.01485261   -0.05988739
   11.91666667   -0.02271788   -0.01473613   -0.05817206
   12.00000000   -0.02284586   -0.01462020   -0.05659685
   12.08333333   -0.02297519   -0.01450461   -0.05515058
   12.16666667   -0.02310580   -0.01438908   -0.05382304
   12.25000000   -0.02323765   -0.01427355   -0.05260495
   12.33333333   -0.02337070   -0.01415824   -0.05148776
   12.41666667   -0.02350490   -0.01404345   -0.05046367
   12.50000000   -0.02364020   -0.01392932   -0.04952554
   12.58333333   -0.02377657   -0.01381566   -0.04866681
   12.66666667   -0.02391396   -0.01370216   -0.04788146
   12.75000000   -0.02405232   -0.01358865   -0.04716401
   12.83333333   -0.02419162   -0.01347527   -0.04650936
   12.91666667   -0.02433182   -0.01336235   -0.04591286
   13.00000000   -0.02447287   -0.01325011   -0.04537023
   13.08333333   -0.02461474   -0.01313846   -0.04487753
   13.16666667   -0.02475738   -0.01302708   -0.04443112
   13.25000000   -0.02490077   -0.01291569   -0.04402765
   13.33333333   -0.02504487   -0.01280431   -0.04366405
   13.41666667   -0.02518963   -0.01269327   -0.04333744
   13.50000000   -0.02533502   -0.01258288   -0.04304521
   13.58333333   -0.02548102   -0.01247317   -0.04278492
   13.66666667   -0.02562758   -0.01236383   -0.04255432
   13.75000000   -0.02577467   -0.01225450   -0.04235132
   13.83333333   -0.02592226   -0.01214508   -0.04217399
   13.91666667   -0.02607033   -0.01203583   -0.04202055
   14.00000000   -0.02621883   -0.01192713   -0.04188934
   14.08333333   -0.02636773   -0.01181915   -0.04177882
   14.16666667   -0.02651702   -0.01171166   -0.04168757
   14.25000000   -0.02666666   -0.01160422   -0.04161425
   14.33333333   -0.02681663   -0.01149660   -0.04155764
   14.41666667   -0.02696689   -0.01138895   -0.04151658
   14.50000000   -0.02711742   -0.01128170   -0.04149002
   14.58333333   -0.02726819   -0.01117515   -0.04147696
   14.66666667   -0.02741918   -0.01106918   -0.04147648
   14.75000000   -0.02757037   -0.01096335   -0.04148771
   14.83333333   -0.02772173   -0.01085728   -0.04150986
   14.91666667   -0.02787323   -0.01075097   -0.04154217
   15.00000000   -0.02802486   -0.01064484   -0.04158394
   15.08333333   -0.02817660   -0.01053932   -0.04163453
   15.16666667   -0.02832842   -0.01043446   -0.04169333
   15.25000000   -0.02848030   -0.01032985   -0.04175976
   15.33333333   -0.02863221   -0.01022498   -0.04183330
   15.41666667   -0.02878416   -0.01011968   -0.04191344
   15.50000000   -0.02893610   -0.01001428   -0.04199972
   15.58333333   -0.02908803   -0.00990934   -0.04209172
   15.66666667   -0.02923993   -0.00980508   -0.04218901
   15.75000000   -0.02939177   -0.00970121   -0.04229123
   15.83333333   -0.02954355   -0.00959711   -0.04239800
   15.91666667   -0.02969524   -0.00949241   -0.04250900
   16.00000000   -0.02984683   -0.00938732   -0.04262392
   16.08333333   -0.02999831   -0.00928243   -0.04274246
   16.16666667   -0.03014965   -0.00917820   -0.04286434
   16.25000000   -0.03030085   -0.00907449   -0.04298931
   16.33333333   -0.03045190   -0.00897066   -0.04311713
   16.41666667   -0.03060276   -0.00886612   -0.04324756
   16.50000000   -0.03075345   -0.00876086   -0.04338040
   16.58333333   -0.03090393   -0.00865549   -0.04351544
   16.66666667   -0.03105420   -0.00855067   -0.04365249
   16.75000000   -0.03120425   -0.00844650   -0.04379139
   16.83333333   -0.03135407   -0.00834239   -0.04393196
   16.91666667   -0.03150364   -0.00823755   -0.04407404
   17.00000000   -0.03165295   -0.00813169   -0.04421750
   17.08333333   -0.03180200   -0.00802533   -0.04436219
   17.16666667   -0.03195076   -0.00791933   -0.04450798
   17.25000000   -0.03209925   -0.00781412   -0.04465476
   17.33333333   -0.03224743   -0.00770926   -0.04480241
   17.41666667   -0.03239531   -0.00760377   -0.04495081
   17.50000000   -0.03254288   -0.00749704   -0.04509989
   17.58333333   -0.03269012   -0.00738939   -0.04524953
   17.66666667   -0.03283703   -0.00728186   -0.04539964
   17.75000000   -0.03298361   -0.00717530   -0.04555016
   17.83333333   -0.03312983   -0.00706953   -0.04570099
   17.91666667   -0.03327571   -0.00696351   -0.04585206
   18.00000000   -0.03342122   -0.00685622   -0.04600331
   18.08333333   -0.03356637   -0.00674770   -0.04615467
   18.16666667   -0.03371114   -0.00663911   -0.04630607
   18.25000000   -0.03385553   -0.00653183   -0.04645747
   18.33333333   -0.03399954   -0.00642623   -0.04660880
   18.41666667   -0.03414315   -0.00632132   -0.04676002
   18.50000000   -0.03428637   -0.00621570   -0.04691108
   18.58333333   -0.03442919   -0.00610897   -0.04706194
   18.66666667   -0.03457160   -0.00600249   -0.04721255
   18.75000000   -0.03471359   -0.00589847   -0.04736288
   18.83333333   -0.03485517   -0.00579830   -0.04751288
   18.91666667   -0.03499633   -0.00570148   -0.04766253
   19.00000000   -0.03513706   -0.00560637   -0.04781179
   19.08333333   -0.03527736   -0.00551229   -0.04796064
   19.16666667   -0.03541723   -0.00542123   -0.04810904
   19.25000000   -0.03555666   -0.00533745   -0.04825697
   19.33333333   -0.03569566   -0.00526517   -0.04840441
   19.41666667   -0.03583420   -0.00520633   -0.04855133
   19.50000000   -0.03597230   -0.00516099   -0.04869771
   19.58333333   -0.03610996   -0.00513107   -0.04884353
   19.66666667   -0.03624715   -0.00512480   -0.04898877
   19.75000000   -0.03638390   -0.00515795   -0.04913343
   19.83333333   -0.03652018   -0.00524890   -0.04927747
   19.91666667   -0.03665601   -0.00540882   -0.04942089
   20.00000000   -0.03679137   -0.00563217   -0.04956368
