  -20.00000000    0.03444912    0.05481062    0.03644333
  -19.91666667    0.03466656    0.05550921    0.03651417
  -19.83333333    0.03488558    0.05613512    0.03658567
  -19.75000000    0.03510621    0.05671863    0.03665784
  -19.66666667    0.03532847    0.05728452    0.03673069
  -19.58333333    0.03555236    0.05784593    0.03680424
  -19.50000000    0.03577792    0.05840533    0.03687848
  -19.41666667    0.03600515    0.05896012    0.03695344
  -19.33333333    0.03623407    0.05950828    0.03702912
  -19.25000000    0.03646470    0.06005080    0.03710554
  -19.16666667    0.03669706    0.06059032    0.03718269
  -19.08333333    0.03693116    0.06112848    0.03726060
  -19.00000000    0.03716703    0.06166444    0.03733927
  -18.91666667    0.03740468    0.06219583    0.03741872
  -18.83333333    0.03764413    0.06272076    0.03749896
  -18.75000000    0.03788539    0.06323923    0.03758000
  -18.66666667    0.03812850    0.06375277    0.03766185
  -18.58333333    0.03837345    0.06426282    0.03774452
  -18.50000000    0.03862029    0.06476949    0.03782802
  -18.41666667    0.03886902    0.06527158    0.03791238
  -18.33333333    0.03911966    0.06576779    0.03799760
  -18.25000000    0.03937224    0.06625789    0.03808369
  -18.16666667    0.03962677    0.06674288    0.03817067
  -18.08333333    0.03988327    0.06722411    0.03825855
  -18.00000000    0.04014178    0.06770214    0.03834735
  -17.91666667    0.04040230    0.06817645    0.03843708
  -17.83333333    0.04066486    0.06864609    0.03852775
  -17.75000000    0.04092948    0.06911065    0.03861939
  -17.66666667    0.04119618    0.06957072    0.03871200
  -17.58333333    0.04146498    0.07002743    0.03880559
  -17.50000000    0.04173591    0.07048154    0.03890020
  -17.41666667    0.04200899    0.07093295    0.03899583
  -17.33333333    0.04228424    0.07138097    0.03909250
  -17.25000000    0.04256168    0.07182508    0.03919023
  -17.16666667    0.04284135    0.07226555    0.03928903
  -17.08333333    0.04312324    0.07270324    0.03938892
  -17.00000000    0.04340741    0.07313895    0.03948992
  -16.91666667    0.04369386    0.07357288    0.03959206
  -16.83333333    0.04398262    0.07400456    0.03969533
  -16.75000000    0.04427373    0.07443346    0.03979978
  -16.66666667    0.04456720    0.07485955    0.03990541
  -16.58333333    0.04486305    0.07528345    0.04001225
  -16.50000000    0.04516131    0.07570593    0.04012032
  -16.41666667    0.04546202    0.07612736    0.04022964
  -16.33333333    0.04576518    0.07654749    0.04034022
  -16.25000000    0.04607084    0.07696582    0.04045211
  -16.16666667    0.04637902    0.07738215    0.04056530
  -16.08333333    0.04668974    0.07779684    0.04067984
  -16.00000000    0.04700303    0.07821056    0.04079574
  -15.91666667    0.04731892    0.07862379    0.04091303
  -15.83333333    0.04763743    0.07903649    0.04103173
  -15.75000000    0.04795860    0.07944823    0.04115186
  -15.66666667    0.04828245    0.07985870    0.04127346
  -15.58333333    0.04860902    0.08026804    0.04139656
  -15.50000000    0.04893831    0.08067679    0.04152117
  -15.41666667    0.04927038    0.08108548    0.04164733
  -15.33333333    0.04960525    0.08149423    0.04177507
  -15.25000000    0.04994294    0.08190273    0.04190441
  -15.16666667    0.05028349    0.08231061    0.04203539
  -15.08333333    0.05062693    0.08271785    0.04216803
  -15.00000000    0.05097328    0.08312483    0.04230238
  -14.91666667    0.05132259    0.08353207    0.04243845
  -14.83333333    0.05167487    0.08393982    0.04257630
  -14.75000000    0.05203016    0.08434790    0.04271594
  -14.66666667    0.05238849    0.08475596    0.04285742
  -14.58333333    0.05274990    0.08516383    0.04300077
  -14.50000000    0.05311441    0.08557175    0.04314604
  -14.41666667    0.05348206    0.08598018    0.04329325
  -14.33333333    0.05385288    0.08638945    0.04344245
  -14.25000000    0.05422690    0.08679953    0.04359367
  -14.16666667    0.05460415    0.08721010    0.04374697
  -14.08333333    0.05498468    0.08762093    0.04390238
  -14.00000000    0.05536850    0.08803209    0.04405995
  -13.91666667    0.05575566    0.08844397    0.04421972
  -13.83333333    0.05614619    0.08885694    0.04438174
  -13.75000000    0.05654012    0.08927109    0.04454605
  -13.66666667    0.05693748    0.08968619    0.04471271
  -13.58333333    0.05733832    0.09010196    0.04488177
  -13.50000000    0.05774266    0.09051835    0.04505327
  -13.41666667    0.05815054    0.09093564    0.04522728
  -13.33333333    0.05856199    0.09135421    0.04540385
  -13.25000000    0.05897705    0.09177425    0.04558302
  -13.16666667    0.05939575    0.09219563    0.04576487
  -13.08333333    0.05981813    0.09261805    0.04594946
  -13.00000000    0.06024422    0.09304139    0.04613684
  -12.91666667    0.06067406    0.09346581    0.04632708
  -12.83333333    0.06110768    0.09389165    0.04652025
  -12.75000000    0.06154512    0.09431918    0.04671640
  -12.66666667    0.06198640    0.09474835    0.04691562
  -12.58333333    0.06243158    0.09517893    0.04711798
  -12.50000000    0.06288067    0.09561072    0.04732355
  -12.41666667    0.06333371    0.09604375    0.04753241
  -12.33333333    0.06379075    0.09647833    0.04774464
  -12.25000000    0.06425181    0.09691474    0.04796032
  -12.16666667    0.06471692    0.09735306    0.04817953
  -12.08333333    0.06518613    0.09779310    0.04840237
  -12.00000000    0.06565945    0.09823461    0.04862892
  -11.91666667    0.06613694    0.09867756    0.04885928
  -11.83333333    0.06661861    0.09912215    0.04909354
  -11.75000000    0.06710450    0.09956869    0.04933182
  -11.66666667    0.06759465    0.10001731    0.04957420
  -11.58333333    0.06808908    0.10046791    0.04982080
  -11.50000000    0.06858782    0.10092026    0.05007173
  -11.41666667    0.06909091    0.10137422    0.05032710
  -11.33333333    0.06959838    0.10182991    0.05058704
  -11.25000000    0.07011024    0.10228761    0.05085167
  -11.16666667    0.07062653    0.10274752    0.05112111
  -11.08333333    0.07114728    0.10320961    0.05139551
  -11.00000000    0.07167251    0.10367368    0.05167500
  -10.91666667    0.07220225    0.10413954    0.05195971
  -10.83333333    0.07273653    0.10460721    0.05224981
  -10.75000000    0.07327535    0.10507692    0.05254545
  -10.66666667    0.07381875    0.10554890    0.05284678
  -10.58333333    0.07436675    0.10602320    0.05315398
  -10.50000000    0.07491935    0.10649965    0.05346722
  -10.41666667    0.07547659    0.10697805    0.05378667
  -10.33333333    0.07603848    0.10745833    0.05411254
  -10.25000000    0.07660503    0.10794064    0.05444501
  -10.16666667    0.07717624    0.10842523    0.05478428
  -10.08333333    0.07775215    0.10891219    0.05513058
  -10.00000000    0.07833274    0.10940142    0.05548412
   -9.91666667    0.07891802    0.10989271    0.05584513
   -9.83333333    0.07950801    0.11038592    0.05621385
   -9.75000000    0.08010270    0.11088111    0.05659054
   -9.66666667    0.08070209    0.11137851    0.05697546
   -9.58333333    0.08130617    0.11187825    0.05736888
   -9.50000000    0.08191494    0.11238030    0.05777109
   -9.41666667    0.08252839    0.11288444    0.05818239
   -9.33333333    0.08314651    0.11339049    0.05860310
   -9.25000000    0.08376927    0.11389843    0.05903354
   -9.16666667    0.08439666    0.11440841    0.05947405
   -9.08333333    0.08502866    0.11492060    0.05992500
   -9.00000000    0.08566524    0.11543501    0.06038677
   -8.91666667    0.08630636    0.11595146    0.06085975
   -8.83333333    0.08695200    0.11646972    0.06134436
   -8.75000000    0.08760211    0.11698969    0.06184104
   -8.66666667    0.08825665    0.11751144    0.06235024
   -8.58333333    0.08891558    0.11803513    0.06287246
   -8.50000000    0.08957883    0.11856080    0.06340819
   -8.41666667    0.09024635    0.11908831    0.06395799
   -8.33333333    0.09091808    0.11961740    0.06452240
   -8.25000000    0.09159395    0.12014788    0.06510204
   -8.16666667    0.09227388    0.12067975    0.06569751
   -8.08333333    0.09295780    0.12121311    0.06630951
   -8.00000000    0.09364561    0.12174802    0.06693871
   -7.91666667    0.09433723    0.12228436    0.06758588
   -7.83333333    0.09503256    0.12282185    0.06825178
   -7.75000000    0.09573150    0.12336024    0.06893726
   -7.66666667    0.09643394    0.12389941    0.06964320
   -7.58333333    0.09713975    0.12443938    0.07037053
   -7.50000000    0.09784881    0.12498019    0.07112025
   -7.41666667    0.09856101    0.12552174    0.07189342
   -7.33333333    0.09927619    0.12606373    0.07269116
   -7.25000000    0.09999422    0.12660584    0.07351469
   -7.16666667    0.10071494    0.12714781    0.07436526
   -7.08333333    0.10143819    0.12768957    0.07524424
   -7.00000000    0.10216382    0.12823110    0.07615311
   -6.91666667    0.10289166    0.12877225    0.07709341
   -6.83333333    0.10362152    0.12931274    0.07806681
   -6.75000000    0.10435322    0.12985212    0.07907510
   -6.66666667    0.10508658    0.13039002    0.08012021
   -6.58333333    0.10582138    0.13092622    0.08120420
   -6.50000000    0.10655745    0.13146057    0.08232928
   -6.41666667    0.10729457    0.13199288    0.08349786
   -6.33333333    0.10803253    0.13252278    0.08471250
   -6.25000000    0.10877111    0.13304976    0.08597601
   -6.16666667    0.10951010    0.13357325    0.08729139
   -6.08333333    0.11024926    0.13409284    0.08866190
   -6.00000000    0.11098839    0.13460822    0.09009110
   -5.91666667    0.11172726    0.13511906    0.09158284
   -5.83333333    0.11246562    0.13562487    0.09314130
   -5.75000000    0.11320327    0.13612500    0.09477107
   -5.66666667    0.11393996    0.13661868    0.09647714
   -5.58333333    0.11467549    0.13710524    0.09826496
   -5.50000000    0.11540962    0.13758409    0.10014054
   -5.41666667    0.11614214    0.13805469    0.10211045
   -5.33333333    0.11687284    0.13851636    0.10418194
   -5.25000000    0.11760151    0.13896820    0.10636300
   -5.16666667    0.11832794    0.13940918    0.10866248
   -5.08333333    0.11905195    0.13983827    0.11109015
   -5.00000000    0.11977334    0.14025451    0.11365691
   -4.91666667    0.12049193    0.14065699    0.11637485
   -4.83333333    0.12120756    0.14104469    0.11925747
   -4.75000000    0.12192005    0.14141638    0.12231992
   -4.66666667    0.12262924    0.14177060    0.12557917
   -4.58333333    0.12333498    0.14210584    0.12905429
   -4.50000000    0.12403709    0.14242057    0.13276688
   -4.41666667    0.12473542    0.14271335    0.13674132
   -4.33333333    0.12542978    0.14298261    0.14100529
   -4.25000000    0.12611999    0.14322654    0.14559043
   -4.16666667    0.12680581    0.14344310    0.15053277
   -4.08333333    0.12748697    0.14363002    0.15587366
   -4.00000000    0.12816316    0.14378501    0.16166077
   -3.91666667    0.12883396    0.14390575    0.16794899
   -3.83333333    0.12949889    0.14398982    0.17480200
   -3.75000000    0.13015731    0.14403455    0.18229372
   -3.66666667    0.13080844    0.14403692    0.19051032
   -3.58333333    0.13145128    0.14399361    0.19955249
   -3.50000000    0.13208459    0.14390111    0.20953801
   -3.41666667    0.13270683    0.14375586    0.22060498
   -3.33333333    0.13331606    0.14355408    0.23291519
   -3.25000000    0.13390992    0.14329174    0.24665757
   -3.16666667    0.13448548    0.14296433    0.26205181
   -3.08333333    0.13503918    0.14256694    0.27935047
   -3.00000000    0.13556670    0.14209429    0.29883818
   -2.91666667    0.13606279    0.14154087    0.32082519
   -2.83333333    0.13652119    0.14090093    0.34562849
   -2.75000000    0.13693440    0.14016830    0.37353024
   -2.66666667    0.13729353    0.13933626    0.40469697
   -2.58333333    0.13758810    0.13839751    0.43903085
   -2.50000000    0.13780584    0.13734418    0.47591699
   -2.41666667    0.13793244    0.13616798    0.51383471
   -2.33333333    0.13795141    0.13486023    0.54984792
   -2.25000000    0.13784380    0.13341171    0.57914648
   -2.16666667    0.13758811    0.13181254    0.59510627
   -2.08333333    0.13716008    0.13005209    0.59058781
   -2.00000000    0.13653268    0.12811898    0.56079889
   -1.91666667    0.13567611    0.12600127    0.50648403
   -1.83333333    0.13455795    0.12368650    0.43476274
   -1.75000000    0.13314341    0.12116168    0.35628788
   -1.66666667    0.13139587    0.11841319    0.28085252
   -1.58333333    0.12927750    0.11542675    0.21463554
   -1.50000000    0.12675020    0.11218745    0.16001142
   -1.41666667    0.12377675    0.10868008    0.11676677
   -1.33333333    0.12032219    0.10488933    0.08343101
   -1.25000000    0.11635540    0.10080007    0.05817531
   -1.16666667    0.11185089    0.09639753    0.03927020
   -1.08333333    0.10679050    0.09166752    0.02525719
   -1.00000000    0.10116517    0.08659693    0.01497547
   -0.91666667    0.09497644    0.08117448    0.00752918
   -0.83333333    0.08823759    0.07539169    0.00223779
   -0.75000000    0.08097434    0.06924392   -0.00141190
   -0.66666667    0.07322484    0.06273140   -0.00380604
   -0.58333333    0.06503912    0.05586033   -0.00523545
   -0.50000000    0.05647775    0.04864403   -0.00591967
   -0.41666667    0.04760998    0.04110427   -0.00602504
   -0.33333333    0.03851132    0.03327239   -0.00567800
   -0.25000000    0.02926089    0.02519005   -0.00497505
   -0.16666667    0.01993862    0.01690899   -0.00398998
   -0.08333333    0.01062259    0.00848989   -0.00277937
    0.00000000    0.00138661    0.00000000    0.00138661
    0.08333333   -0.00770174   -0.00848989   -0.00015507
    0.16666667   -0.01658259   -0.01690899   -0.00182035
    0.25000000   -0.02520470   -0.02519005   -0.00359004
    0.33333333   -0.03352593   -0.03327239   -0.00544985
    0.41666667   -0.04151317   -0.04110427   -0.00738933
    0.50000000   -0.04914198   -0.04864403   -0.00940115
    0.58333333   -0.05639591   -0.05586033   -0.01148053
    0.66666667   -0.06326567   -0.06273140   -0.01362474
    0.75000000   -0.06974812   -0.06924392   -0.01583285
    0.83333333   -0.07584538   -0.07539169   -0.01810537
    0.91666667   -0.08156379   -0.08117448   -0.02044418
    1.00000000   -0.08691306   -0.08659693   -0.02285227
    1.08333333   -0.09190544   -0.09166752   -0.02533374
    1.16666667   -0.09655504   -0.09639753   -0.02789371
    1.25000000   -0.10087722   -0.10080007   -0.03053826
    1.33333333   -0.10488805   -0.10488933   -0.03327448
    1.41666667   -0.10860395   -0.10868008   -0.03611043
    1.50000000   -0.11204136   -0.11218745   -0.03905524
    1.58333333   -0.11521646   -0.11542675   -0.04211915
    1.66666667   -0.11814501   -0.11841319   -0.04531358
    1.75000000   -0.12084222   -0.12116168   -0.04865127
    1.83333333   -0.12332264   -0.12368650   -0.05214638
    1.91666667   -0.12560009   -0.12600127   -0.05581469
    2.00000000   -0.12768769   -0.12811898   -0.05967374
    2.08333333   -0.12959778   -0.13005209   -0.06374311
    2.16666667   -0.13134196   -0.13181254   -0.06804464
    2.25000000   -0.13293112   -0.13341171   -0.07260273
    2.33333333   -0.13437543   -0.13486023   -0.07744475
    2.41666667   -0.13568441   -0.13616798   -0.08260142
    2.50000000   -0.13686694   -0.13734418   -0.08810727
    2.58333333   -0.13793130   -0.13839751   -0.09400128
    2.66666667   -0.13888521   -0.13933626   -0.10032752
    2.75000000   -0.13973587   -0.14016830   -0.10713588
    2.83333333   -0.14048998   -0.14090093   -0.11448308
    2.91666667   -0.14115381   -0.14154087   -0.12243373
    3.00000000   -0.14173318   -0.14209429   -0.13106147
    3.08333333   -0.14223354   -0.14256694   -0.14045065
    3.16666667   -0.14265997   -0.14296433   -0.15069792
    3.25000000   -0.14301720   -0.14329174   -0.16191424
    3.33333333   -0.14330967   -0.14355408   -0.17422730
    3.41666667   -0.14354152   -0.14375586   -0.18778420
    3.50000000   -0.14371662   -0.14390111   -0.20275430
    3.58333333   -0.14383861   -0.14399361   -0.21933290
    3.66666667   -0.14391089   -0.14403692   -0.23774475
    3.75000000   -0.14393663   -0.14403455   -0.25824765
    3.83333333   -0.14391882   -0.14398982   -0.28113631
    3.91666667   -0.14386026   -0.14390575   -0.30674486
    4.00000000   -0.14376360   -0.14378501   -0.33544750
    4.08333333   -0.14363128   -0.14363002   -0.36765624
    4.16666667   -0.14346565   -0.14344310   -0.40381123
    4.25000000   -0.14326887   -0.14322654   -0.44436259
    4.33333333   -0.14304301   -0.14298261   -0.48973341
    4.41666667   -0.14279000   -0.14271335   -0.54026000
    4.50000000   -0.14251165   -0.14242057   -0.59609750
    4.58333333   -0.14220968   -0.14210584   -0.65707739
    4.66666667   -0.14188571   -0.14177060   -0.72251602
    4.75000000   -0.14154124   -0.14141638   -0.79098112
    4.83333333   -0.14117772   -0.14104469   -0.86005206
    4.91666667   -0.14079650   -0.14065699   -0.92616847
    5.00000000   -0.14039884   -0.14025451   -0.98470249
    5.08333333   -0.13998595   -0.13983827   -1.03040019
    5.16666667   -0.13955897   -0.13940918   -1.05825627
    5.25000000   -0.13911894   -0.13896820   -1.06465622
    5.33333333   -0.13866690   -0.13851636   -1.04838074
    5.41666667   -0.13820378   -0.13805469   -1.01100795
    5.50000000   -0.13773048   -0.13758409   -0.95649322
    5.58333333   -0.13724784   -0.13710524   -0.89013539
    5.66666667   -0.13675668   -0.13661868   -0.81739850
    5.75000000   -0.13625772   -0.13612500   -0.74301329
    5.83333333   -0.13575169   -0.13562487   -0.67053628
    5.91666667   -0.13523926   -0.13511906   -0.60229901
    6.00000000   -0.13472105   -0.13460822   -0.53959085
    6.08333333   -0.13419765   -0.13409284   -0.48292900
    6.16666667   -0.13366964   -0.13357325   -0.43231465
    6.25000000   -0.13313754   -0.13304976   -0.38743863
    6.33333333   -0.13260184   -0.13252278   -0.34783084
    6.41666667   -0.13206302   -0.13199288   -0.31295650
    6.50000000   -0.13152152   -0.13146057   -0.28227504
    6.58333333   -0.13097775   -0.13092622   -0.25527452
    6.66666667   -0.13043210   -0.13039002   -0.23148734
    6.75000000   -0.12988495   -0.12985212   -0.21049602
    6.83333333   -0.12933664   -0.12931274   -0.19193415
    6.91666667   -0.12878750   -0.12877225   -0.17548288
    7.00000000   -0.12823784   -0.12823110   -0.16086623
    7.08333333   -0.12768793   -0.12768957   -0.14784668
    7.16666667   -0.12713806   -0.12714781   -0.13621989
    7.25000000   -0.12658847   -0.12660584   -0.12581007
    7.33333333   -0.12603941   -0.12606373   -0.11646620
    7.41666667   -0.12549110   -0.12552174   -0.10805831
    7.50000000   -0.12494375   -0.12498019   -0.10047420
    7.58333333   -0.12439755   -0.12443938   -0.09361709
    7.66666667   -0.12385269   -0.12389941   -0.08740323
    7.75000000   -0.12330934   -0.12336024   -0.08175987
    7.83333333   -0.12276766   -0.12282185   -0.07662383
    7.91666667   -0.12222780   -0.12228436   -0.07194005
    8.00000000   -0.12168990   -0.12174802   -0.06766035
    8.08333333   -0.12115409   -0.12121311   -0.06374261
    8.16666667   -0.12062048   -0.12067975   -0.06014974
    8.25000000   -0.12008920   -0.12014788   -0.05684924
    8.33333333   -0.11956035   -0.11961740   -0.05381230
    8.41666667   -0.11903402   -0.11908831   -0.05101347
    8.50000000   -0.11851030   -0.11856080   -0.04843025
    8.58333333   -0.11798928   -0.11803513   -0.04604258
    8.66666667   -0.11747103   -0.11751144   -0.04383261
    8.75000000   -0.11695562   -0.11698969   -0.04178446
    8.83333333   -0.11644312   -0.11646972   -0.03988387
    8.91666667   -0.11593358   -0.11595146   -0.03811807
    9.00000000   -0.11542706   -0.11543501   -0.03647564
    9.08333333   -0.11492361   -0.11492060   -0.03494627
    9.16666667   -0.11442326   -0.11440841   -0.03352066
    9.25000000   -0.11392607   -0.11389843   -0.03219046
    9.33333333   -0.11343206   -0.11339049   -0.03094808
    9.41666667   -0.11294127   -0.11288444   -0.02978663
    9.50000000   -0.11245373   -0.11238030   -0.02869991
    9.58333333   -0.11196946   -0.11187825   -0.02768224
    9.66666667   -0.11148847   -0.11137851   -0.02672847
    9.75000000   -0.11101080   -0.11088111   -0.02583391
    9.83333333   -0.11053645   -0.11038592   -0.02499426
    9.91666667   -0.11006544   -0.10989271   -0.02420559
   10.00000000   -0.10959778   -0.10940142   -0.02346433
   10.08333333   -0.10913348   -0.10891219   -0.02276717
   10.16666667   -0.10867253   -0.10842523   -0.02211110
   10.25000000   -0.10821495   -0.10794064   -0.02149334
   10.33333333   -0.10776074   -0.10745833   -0.02091133
   10.41666667   -0.10730989   -0.10697805   -0.02036272
   10.50000000   -0.10686240   -0.10649965   -0.01984534
   10.58333333   -0.10641828   -0.10602320   -0.01935719
   10.66666667   -0.10597750   -0.10554890   -0.01889641
   10.75000000   -0.10554007   -0.10507692   -0.01846128
   10.83333333   -0.10510598   -0.10460721   -0.01805022
   10.91666667   -0.10467521   -0.10413954   -0.01766175
   11.00000000   -0.10424777   -0.10367368   -0.01729452
   11.08333333   -0.10382363   -0.10320961   -0.01694724
   11.16666667   -0.10340278   -0.10274752   -0.01661873
   11.25000000   -0.10298520   -0.10228761   -0.01630791
   11.33333333   -0.10257090   -0.10182991   -0.01601374
   11.41666667   -0.10215983   -0.10137422   -0.01573527
   11.50000000   -0.10175200   -0.10092026   -0.01547161
   11.58333333   -0.10134738   -0.10046791   -0.01522193
   11.66666667   -0.10094595   -0.10001731   -0.01498545
   11.75000000   -0.10054771   -0.09956869   -0.01476144
   11.83333333   -0.10015262   -0.09912215   -0.01454923
   11.91666667   -0.09976066   -0.09867756   -0.01434817
   12.00000000   -0.09937182   -0.09823461   -0.01415767
   12.08333333   -0.09898609   -0.09779310   -0.01397717
   12.16666667   -0.09860342   -0.09735306   -0.01380614
   12.25000000   -0.09822381   -0.09691474   -0.01364410
   12.33333333   -0.09784724   -0.09647833   -0.01349056
   12.41666667   -0.09747367   -0.09604375   -0.01334510
   12.50000000   -0.09710310   -0.09561072   -0.01320731
   12.58333333   -0.09673549   -0.09517893   -0.01307681
   12.66666667   -0.09637082   -0.09474835   -0.01295321
   12.75000000   -0.09600907   -0.09431918   -0.01283619
   12.83333333   -0.09565022   -0.09389165   -0.01272541
   12.91666667   -0.09529424   -0.09346581   -0.01262058
   13.00000000   -0.09494112   -0.09304139   -0.01252140
   13.08333333   -0.09459083   -0.09261805   -0.01242760
   13.16666667   -0.09424333   -0.09219563   -0.01233893
   13.25000000   -0.09389862   -0.09177425   -0.01225513
   13.33333333   -0.09355666   -0.09135421   -0.01217598
   13.41666667   -0.09321744   -0.09093564   -0.01210126
   13.50000000   -0.09288093   -0.09051835   -0.01203076
   13.58333333   -0.09254710   -0.09010196   -0.01196429
   13.66666667   -0.09221593   -0.08968619   -0.01190165
   13.75000000   -0.09188741   -0.08927109   -0.01184269
   13.83333333   -0.09156150   -0.08885694   -0.01178722
   13.91666667   -0.09123818   -0.08844397   -0.01173508
   14.00000000   -0.09091743   -0.08803209   -0.01168614
   14.08333333   -0.09059923   -0.08762093   -0.01164024
   14.16666667   -0.09028354   -0.08721010   -0.01159724
   14.25000000   -0.08997036   -0.08679953   -0.01155703
   14.33333333   -0.08965965   -0.08638945   -0.01151947
   14.41666667   -0.08935140   -0.08598018   -0.01148446
   14.50000000   -0.08904557   -0.08557175   -0.01145187
   14.58333333   -0.08874215   -0.08516383   -0.01142160
   14.66666667   -0.08844112   -0.08475596   -0.01139355
   14.75000000   -0.08814245   -0.08434790   -0.01136763
   14.83333333   -0.08784612   -0.08393982   -0.01134373
   14.91666667   -0.08755211   -0.08353207   -0.01132179
   15.00000000   -0.08726039   -0.08312483   -0.01130170
   15.08333333   -0.08697095   -0.08271785   -0.01128340
   15.16666667   -0.08668376   -0.08231061   -0.01126681
   15.25000000   -0.08639880   -0.08190273   -0.01125185
   15.33333333   -0.08611605   -0.08149423   -0.01123845
   15.41666667   -0.08583549   -0.08108548   -0.01122655
   15.50000000   -0.08555709   -0.08067679   -0.01121609
   15.58333333   -0.08528085   -0.08026804   -0.01120700
   15.66666667   -0.08500672   -0.07985870   -0.01119923
   15.75000000   -0.08473471   -0.07944823   -0.01119273
   15.83333333   -0.08446477   -0.07903649   -0.01118743
   15.91666667   -0.08419690   -0.07862379   -0.01118329
   16.00000000   -0.08393108   -0.07821056   -0.01118026
   16.08333333   -0.08366728   -0.07779684   -0.01117830
   16.16666667   -0.08340549   -0.07738215   -0.01117736
   16.25000000   -0.08314568   -0.07696582   -0.01117739
   16.33333333   -0.08288783   -0.07654749   -0.01117837
   16.41666667   -0.08263194   -0.07612736   -0.01118024
   16.50000000   -0.08237797   -0.07570593   -0.01118297
   16.58333333   -0.08212591   -0.07528345   -0.01118653
   16.66666667   -0.08187574   -0.07485955   -0.01119088
   16.75000000   -0.08162744   -0.07443346   -0.01119599
   16.83333333   -0.08138100   -0.07400456   -0.01120183
   16.91666667   -0.08113639   -0.07357288   -0.01120836
   17.00000000   -0.08089360   -0.07313895   -0.01121556
   17.08333333   -0.08065261   -0.07270324   -0.01122340
   17.16666667   -0.08041341   -0.07226555   -0.01123186
   17.25000000   -0.08017596   -0.07182508   -0.01124090
   17.33333333   -0.07994027   -0.07138097   -0.01125051
   17.41666667   -0.07970631   -0.07093295   -0.01126065
   17.50000000   -0.07947406   -0.07048154   -0.01127132
   17.58333333   -0.07924351   -0.07002743   -0.01128247
   17.66666667   -0.07901464   -0.06957072   -0.01129411
   17.75000000   -0.07878744   -0.06911065   -0.01130619
   17.83333333   -0.07856188   -0.06864609   -0.01131871
   17.91666667   -0.07833796   -0.06817645   -0.01133165
   18.00000000   -0.07811565   -0.06770214   -0.01134499
   18.08333333   -0.07789494   -0.06722411   -0.01135870
   18.16666667   -0.07767583   -0.06674288   -0.01137278
   18.25000000   -0.07745828   -0.06625789   -0.01138721
   18.33333333   -0.07724228   -0.06576779   -0.01140198
   18.41666667   -0.07702783   -0.06527158   -0.01141706
   18.50000000   -0.07681490   -0.06476949   -0.01143244
   18.58333333   -0.07660348   -0.06426282   -0.01144812
   18.66666667   -0.07639357   -0.06375277   -0.01146408
   18.75000000   -0.07618513   -0.06323923   -0.01148030
   18.83333333   -0.07597815   -0.06272076   -0.01149677
   18.91666667   -0.07577264   -0.06219583   -0.01151349
   19.00000000   -0.07556856   -0.06166444   -0.01153043
   19.08333333   -0.07536591   -0.06112848   -0.01154760
   19.16666667   -0.07516467   -0.06059032   -0.01156497
   19.25000000   -0.07496483   -0.06005080   -0.01158254
   19.33333333   -0.07476637   -0.05950828   -0.01160030
   19.41666667   -0.07456929   -0.05896012   -0.01161824
   19.50000000   -0.07437357   -0.05840533   -0.01163636
   19.58333333   -0.07417919   -0.05784593   -0.01165463
   19.66666667   -0.07398615   -0.05728452   -0.01167306
   19.75000000   -0.07379443   -0.05671863   -0.01169163
   19.83333333   -0.07360402   -0.05613512   -0.01171034
   19.91666667   -0.07341491   -0.05550921   -0.01172919
   20.00000000   -0.07322708   -0.05481062   -0.01174815
