  -20.00000000   -0.05115167   -0.00889257   -0.07674749
  -19.91666667   -0.05128238   -0.00886483   -0.07692447
  -19.83333333   -0.05141444   -0.00888377   -0.07710279
  -19.75000000   -0.05154786   -0.00895242   -0.07728246
  -19.66666667   -0.05168267   -0.00906125   -0.07746350
  -19.58333333   -0.05181887   -0.00919560   -0.07764591
  -19.50000000   -0.05195650   -0.00934320   -0.07782974
  -19.41666667   -0.05209557   -0.00949791   -0.07801498
  -19.33333333   -0.05223610   -0.00965862   -0.07820165
  -19.25000000   -0.05237811   -0.00982569   -0.07838978
  -19.16666667   -0.05252163   -0.00999802   -0.07857937
  -19.08333333   -0.05266668   -0.01017272   -0.07877045
  -19.00000000   -0.05281328   -0.01034680   -0.07896304
  -18.91666667   -0.05296145   -0.01051904   -0.07915714
  -18.83333333   -0.05311122   -0.01069028   -0.07935279
  -18.75000000   -0.05326261   -0.01086205   -0.07955000
  -18.66666667   -0.05341564   -0.01103496   -0.07974879
  -18.58333333   -0.05357033   -0.01120814   -0.07994917
  -18.50000000   -0.05372673   -0.01138003   -0.08015118
  -18.41666667   -0.05388484   -0.01154976   -0.08035483
  -18.33333333   -0.05404468   -0.01171778   -0.08056013
  -18.25000000   -0.05420631   -0.01188532   -0.08076712
  -18.16666667   -0.05436973   -0.01205326   -0.08097580
  -18.08333333   -0.05453497   -0.01222142   -0.08118621
  -18.00000000   -0.05470206   -0.01238882   -0.08139837
  -17.91666667   -0.05487104   -0.01255464   -0.08161230
  -17.83333333   -0.05504192   -0.01271894   -0.08182801
  -17.75000000   -0.05521474   -0.01288260   -0.08204554
  -17.66666667   -0.05538954   -0.01304649   -0.08226491
  -17.58333333   -0.05556632   -0.01321079   -0.08248614
  -17.50000000   -0.05574514   -0.01337490   -0.08270925
  -17.41666667   -0.05592602   -0.01353809   -0.08293428
  -17.33333333   -0.05610899   -0.01370014   -0.08316124
  -17.25000000   -0.05629410   -0.01386160   -0.08339017
  -17.16666667   -0.05648136   -0.01402325   -0.08362109
  -17.08333333   -0.05667081   -0.01418548   -0.08385402
  -17.00000000   -0.05686249   -0.01434799   -0.08408900
  -16.91666667   -0.05705644   -0.01451015   -0.08432605
  -16.83333333   -0.05725269   -0.01467160   -0.08456519
  -16.75000000   -0.05745127   -0.01483259   -0.08480647
  -16.66666667   -0.05765223   -0.01499377   -0.08504990
  -16.58333333   -0.05785560   -0.01515564   -0.08529552
  -16.50000000   -0.05806143   -0.01531814   -0.08554337
  -16.41666667   -0.05826975   -0.01548077   -0.08579346
  -16.33333333   -0.05848060   -0.01564310   -0.08604583
  -16.25000000   -0.05869402   -0.01580517   -0.08630051
  -16.16666667   -0.05891006   -0.01596746   -0.08655755
  -16.08333333   -0.05912876   -0.01613048   -0.08681696
  -16.00000000   -0.05935016   -0.01629438   -0.08707879
  -15.91666667   -0.05957431   -0.01645881   -0.08734307
  -15.83333333   -0.05980126   -0.01662334   -0.08760984
  -15.75000000   -0.06003104   -0.01678783   -0.08787913
  -15.66666667   -0.06026371   -0.01695260   -0.08815098
  -15.58333333   -0.06049932   -0.01711815   -0.08842544
  -15.50000000   -0.06073791   -0.01728471   -0.08870252
  -15.41666667   -0.06097954   -0.01745214   -0.08898228
  -15.33333333   -0.06122426   -0.01762002   -0.08926477
  -15.25000000   -0.06147211   -0.01778813   -0.08955000
  -15.16666667   -0.06172315   -0.01795660   -0.08983804
  -15.08333333   -0.06197745   -0.01812588   -0.09012893
  -15.00000000   -0.06223505   -0.01829627   -0.09042270
  -14.91666667   -0.06249600   -0.01846777   -0.09071940
  -14.83333333   -0.06276038   -0.01864006   -0.09101909
  -14.75000000   -0.06302823   -0.01881284   -0.09132180
  -14.66666667   -0.06329962   -0.01898613   -0.09162758
  -14.58333333   -0.06357461   -0.01916024   -0.09193649
  -14.50000000   -0.06385326   -0.01933555   -0.09224856
  -14.41666667   -0.06413563   -0.01951214   -0.09256386
  -14.33333333   -0.06442179   -0.01968980   -0.09288244
  -14.25000000   -0.06471182   -0.01986824   -0.09320435
  -14.16666667   -0.06500576   -0.02004735   -0.09352964
  -14.08333333   -0.06530371   -0.02022734   -0.09385838
  -14.00000000   -0.06560571   -0.02040856   -0.09419061
  -13.91666667   -0.06591186   -0.02059121   -0.09452639
  -13.83333333   -0.06622221   -0.02077518   -0.09486580
  -13.75000000   -0.06653686   -0.02096018   -0.09520888
  -13.66666667   -0.06685586   -0.02114606   -0.09555570
  -13.58333333   -0.06717931   -0.02133290   -0.09590634
  -13.50000000   -0.06750728   -0.02152101   -0.09626083
  -13.41666667   -0.06783986   -0.02171065   -0.09661927
  -13.33333333   -0.06817712   -0.02190181   -0.09698172
  -13.25000000   -0.06851915   -0.02209427   -0.09734825
  -13.16666667   -0.06886604   -0.02228781   -0.09771892
  -13.08333333   -0.06921787   -0.02248243   -0.09809383
  -13.00000000   -0.06957475   -0.02267837   -0.09847303
  -12.91666667   -0.06993674   -0.02287592   -0.09885662
  -12.83333333   -0.07030397   -0.02307514   -0.09924467
  -12.75000000   -0.07067651   -0.02327590   -0.09963726
  -12.66666667   -0.07105446   -0.02347796   -0.10003448
  -12.58333333   -0.07143794   -0.02368125   -0.10043641
  -12.50000000   -0.07182702   -0.02388594   -0.10084315
  -12.41666667   -0.07222183   -0.02409228   -0.10125477
  -12.33333333   -0.07262246   -0.02430043   -0.10167139
  -12.25000000   -0.07302903   -0.02451032   -0.10209310
  -12.16666667   -0.07344164   -0.02472174   -0.10251998
  -12.08333333   -0.07386040   -0.02493456   -0.10295215
  -12.00000000   -0.07428543   -0.02514885   -0.10338971
  -11.91666667   -0.07471685   -0.02536486   -0.10383276
  -11.83333333   -0.07515477   -0.02558278   -0.10428143
  -11.75000000   -0.07559931   -0.02580262   -0.10473581
  -11.66666667   -0.07605060   -0.02602420   -0.10519602
  -11.58333333   -0.07650876   -0.02624737   -0.10566220
  -11.50000000   -0.07697392   -0.02647211   -0.10613445
  -11.41666667   -0.07744620   -0.02669863   -0.10661291
  -11.33333333   -0.07792575   -0.02692714   -0.10709771
  -11.25000000   -0.07841269   -0.02715771   -0.10758897
  -11.16666667   -0.07890717   -0.02739023   -0.10808685
  -11.08333333   -0.07940931   -0.02762451   -0.10859148
  -11.00000000   -0.07991927   -0.02786050   -0.10910301
  -10.91666667   -0.08043718   -0.02809833   -0.10962159
  -10.83333333   -0.08096320   -0.02833820   -0.11014739
  -10.75000000   -0.08149746   -0.02858025   -0.11068054
  -10.66666667   -0.08204012   -0.02882441   -0.11122123
  -10.58333333   -0.08259134   -0.02907053   -0.11176964
  -10.50000000   -0.08315127   -0.02931848   -0.11232592
  -10.41666667   -0.08372006   -0.02956834   -0.11289027
  -10.33333333   -0.08429788   -0.02982029   -0.11346288
  -10.25000000   -0.08488488   -0.03007449   -0.11404393
  -10.16666667   -0.08548123   -0.03033094   -0.11463364
  -10.08333333   -0.08608711   -0.03058950   -0.11523221
  -10.00000000   -0.08670267   -0.03085003   -0.11583986
   -9.91666667   -0.08732807   -0.03111253   -0.11645680
   -9.83333333   -0.08796351   -0.03137715   -0.11708328
   -9.75000000   -0.08860914   -0.03164406   -0.11771952
   -9.66666667   -0.08926515   -0.03191331   -0.11836577
   -9.58333333   -0.08993170   -0.03218480   -0.11902230
   -9.50000000   -0.09060897   -0.03245837   -0.11968936
   -9.41666667   -0.09129714   -0.03273396   -0.12036724
   -9.33333333   -0.09199640   -0.03301168   -0.12105621
   -9.25000000   -0.09270690   -0.03329168   -0.12175657
   -9.16666667   -0.09342884   -0.03357405   -0.12246863
   -9.08333333   -0.09416240   -0.03385874   -0.12319272
   -9.00000000   -0.09490774   -0.03414557   -0.12392914
   -8.91666667   -0.09566505   -0.03443446   -0.12467825
   -8.83333333   -0.09643451   -0.03472544   -0.12544042
   -8.75000000   -0.09721628   -0.03501864   -0.12621600
   -8.66666667   -0.09801054   -0.03531417   -0.12700539
   -8.58333333   -0.09881747   -0.03561201   -0.12780899
   -8.50000000   -0.09963722   -0.03591202   -0.12862721
   -8.41666667   -0.10046996   -0.03621404   -0.12946049
   -8.33333333   -0.10131585   -0.03651805   -0.13030930
   -8.25000000   -0.10217504   -0.03682416   -0.13117408
   -8.16666667   -0.10304767   -0.03713247   -0.13205534
   -8.08333333   -0.10393391   -0.03744297   -0.13295362
   -8.00000000   -0.10483386   -0.03775554   -0.13386941
   -7.91666667   -0.10574766   -0.03807001   -0.13480331
   -7.83333333   -0.10667542   -0.03838628   -0.13575588
   -7.75000000   -0.10761725   -0.03870440   -0.13672775
   -7.66666667   -0.10857324   -0.03902446   -0.13771956
   -7.58333333   -0.10954346   -0.03934646   -0.13873197
   -7.50000000   -0.11052799   -0.03967029   -0.13976570
   -7.41666667   -0.11152686   -0.03999575   -0.14082147
   -7.33333333   -0.11254011   -0.04032269   -0.14190006
   -7.25000000   -0.11356775   -0.04065108   -0.14300228
   -7.16666667   -0.11460977   -0.04098095   -0.14412897
   -7.08333333   -0.11566612   -0.04131232   -0.14528103
   -7.00000000   -0.11673674   -0.04164507   -0.14645940
   -6.91666667   -0.11782154   -0.04197897   -0.14766506
   -6.83333333   -0.11892039   -0.04231380   -0.14889903
   -6.75000000   -0.12003315   -0.04264946   -0.15016241
   -6.66666667   -0.12115960   -0.04298590   -0.15145635
   -6.58333333   -0.12229950   -0.04332311   -0.15278204
   -6.50000000   -0.12345259   -0.04366094   -0.15414077
   -6.41666667   -0.12461852   -0.04399914   -0.15553386
   -6.33333333   -0.12579691   -0.04433741   -0.15696273
   -6.25000000   -0.12698731   -0.04467554   -0.15842887
   -6.16666667   -0.12818923   -0.04501340   -0.15993385
   -6.08333333   -0.12940209   -0.04535089   -0.16147931
   -6.00000000   -0.13062524   -0.04568783   -0.16306702
   -5.91666667   -0.13185796   -0.04602391   -0.16469883
   -5.83333333   -0.13309943   -0.04635874   -0.16637666
   -5.75000000   -0.13434877   -0.04669198   -0.16810261
   -5.66666667   -0.13560496   -0.04702337   -0.16987884
   -5.58333333   -0.13686688   -0.04735270   -0.17170763
   -5.50000000   -0.13813333   -0.04767971   -0.17359142
   -5.41666667   -0.13940294   -0.04800399   -0.17553276
   -5.33333333   -0.14067422   -0.04832504   -0.17753432
   -5.25000000   -0.14194555   -0.04864235   -0.17959896
   -5.16666667   -0.14321513   -0.04895549   -0.18172962
   -5.08333333   -0.14448099   -0.04926409   -0.18392941
   -5.00000000   -0.14574101   -0.04956774   -0.18620158
   -4.91666667   -0.14699285   -0.04986590   -0.18854949
   -4.83333333   -0.14823395   -0.05015789   -0.19097660
   -4.75000000   -0.14946155   -0.05044300   -0.19348651
   -4.66666667   -0.15067265   -0.05072058   -0.19608284
   -4.58333333   -0.15186395   -0.05099001   -0.19876918
   -4.50000000   -0.15303193   -0.05125068   -0.20154913
   -4.41666667   -0.15417273   -0.05150182   -0.20442607
   -4.33333333   -0.15528219   -0.05174255   -0.20740310
   -4.25000000   -0.15635581   -0.05197187   -0.21048285
   -4.16666667   -0.15738872   -0.05218881   -0.21366721
   -4.08333333   -0.15837568   -0.05239246   -0.21695693
   -4.00000000   -0.15931102   -0.05258188   -0.22035131
   -3.91666667   -0.16018864   -0.05275604   -0.22384735
   -3.83333333   -0.16100199   -0.05291371   -0.22743898
   -3.75000000   -0.16174402   -0.05305354   -0.23111579
   -3.66666667   -0.16240715   -0.05317418   -0.23486137
   -3.58333333   -0.16298329   -0.05327430   -0.23865091
   -3.50000000   -0.16346376   -0.05335256   -0.24244793
   -3.41666667   -0.16383930   -0.05340754   -0.24619971
   -3.33333333   -0.16410004   -0.05343762   -0.24983081
   -3.25000000   -0.16423549   -0.05344102   -0.25323388
   -3.16666667   -0.16423452   -0.05341590   -0.25625675
   -3.08333333   -0.16408537   -0.05336045   -0.25868393
   -3.00000000   -0.16377566   -0.05327289   -0.26021035
   -2.91666667   -0.16329242   -0.05315135   -0.26040439
   -2.83333333   -0.16262211   -0.05299379   -0.25865630
   -2.75000000   -0.16175069   -0.05279798   -0.25410849
   -2.66666667   -0.16066376   -0.05256165   -0.24556667
   -2.58333333   -0.15934660   -0.05228257   -0.23139965
   -2.50000000   -0.15778443   -0.05195859   -0.20945992
   -2.41666667   -0.15596255   -0.05158758   -0.17710691
   -2.33333333   -0.15386665   -0.05116728   -0.13150558
   -2.25000000   -0.15148316   -0.05069535   -0.07046951
   -2.16666667   -0.14879959   -0.05016947    0.00593768
   -2.08333333   -0.14580509   -0.04958749    0.09336619
   -2.00000000   -0.14249099   -0.04894755    0.18218493
   -1.91666667   -0.13885139   -0.04824807    0.25958623
   -1.83333333   -0.13488399   -0.04748764    0.31474053
   -1.75000000   -0.13059072   -0.04666503    0.34334649
   -1.66666667   -0.12597870   -0.04577941    0.34800824
   -1.58333333   -0.12106092   -0.04483058    0.33513977
   -1.50000000   -0.11585707   -0.04381925    0.31157348
   -1.41666667   -0.11039416   -0.04274710    0.28272561
   -1.33333333   -0.10470699   -0.04161685    0.25221283
   -1.25000000   -0.09883828   -0.04043229    0.22216658
   -1.16666667   -0.09283861   -0.03919864    0.19369964
   -1.08333333   -0.08676577   -0.03792302    0.16729689
   -1.00000000   -0.08068373   -0.03661493    0.14308474
   -0.91666667   -0.07466118   -0.03528657    0.12099975
   -0.83333333   -0.06876947   -0.03395287    0.10088742
   -0.75000000   -0.06308037   -0.03263148    0.08255777
   -0.66666667   -0.05766341   -0.03134278    0.06581502
   -0.58333333   -0.05258330   -0.03011006    0.05047248
   -0.50000000   -0.04789736   -0.02895939    0.03635924
   -0.41666667   -0.04365334   -0.02791903    0.02332232
   -0.33333333   -0.03988775   -0.02701797    0.01122655
   -0.25000000   -0.03662475   -0.02628388   -0.00004668
   -0.16666667   -0.03387578   -0.02574083   -0.01060108
   -0.08333333   -0.03163989   -0.02540730   -0.02052730
    0.00000000   -0.02990460   -0.02529481   -0.02990460
    0.08333333   -0.02864734   -0.02540730   -0.03880246
    0.16666667   -0.02783723   -0.02574083   -0.04728198
    0.25000000   -0.02743697   -0.02628388   -0.05539706
    0.33333333   -0.02740484   -0.02701797   -0.06319548
    0.41666667   -0.02769658   -0.02791903   -0.07071978
    0.50000000   -0.02826708   -0.02895939   -0.07800805
    0.58333333   -0.02907177   -0.03011006   -0.08509459
    0.66666667   -0.03006787   -0.03134278   -0.09201046
    0.75000000   -0.03121514   -0.03263148   -0.09878396
    0.83333333   -0.03247658   -0.03395287   -0.10544106
    0.91666667   -0.03381878   -0.03528657   -0.11200580
    1.00000000   -0.03521203   -0.03661493   -0.11850051
    1.08333333   -0.03663042   -0.03792302   -0.12494616
    1.16666667   -0.03805165   -0.03919864   -0.13136257
    1.25000000   -0.03945689   -0.04043229   -0.13776865
    1.33333333   -0.04083049   -0.04161685   -0.14418254
    1.41666667   -0.04215971   -0.04274710   -0.15062182
    1.50000000   -0.04343442   -0.04381925   -0.15710367
    1.58333333   -0.04464678   -0.04483058   -0.16364496
    1.66666667   -0.04579098   -0.04577941   -0.17026242
    1.75000000   -0.04686291   -0.04666503   -0.17697277
    1.83333333   -0.04785998   -0.04748764   -0.18379281
    1.91666667   -0.04878081   -0.04824807   -0.19073949
    2.00000000   -0.04962510   -0.04894755   -0.19783008
    2.08333333   -0.05039337   -0.04958749   -0.20508218
    2.16666667   -0.05108687   -0.05016947   -0.21251390
    2.25000000   -0.05170739   -0.05069535   -0.22014377
    2.33333333   -0.05225715   -0.05116728   -0.22799097
    2.41666667   -0.05273874   -0.05158758   -0.23607528
    2.50000000   -0.05315496   -0.05195859   -0.24441705
    2.58333333   -0.05350879   -0.05228257   -0.25303729
    2.66666667   -0.05380333   -0.05256165   -0.26195760
    2.75000000   -0.05404174   -0.05279798   -0.27119990
    2.83333333   -0.05422720   -0.05299379   -0.28078647
    2.91666667   -0.05436285   -0.05315135   -0.29073951
    3.00000000   -0.05445181   -0.05327289   -0.30108064
    3.08333333   -0.05449712   -0.05336045   -0.31183041
    3.16666667   -0.05450175   -0.05341590   -0.32300729
    3.25000000   -0.05446857   -0.05344102   -0.33462628
    3.33333333   -0.05440034   -0.05343762   -0.34669730
    3.41666667   -0.05429969   -0.05340754   -0.35922256
    3.50000000   -0.05416917   -0.05335256   -0.37219300
    3.58333333   -0.05401118   -0.05327430   -0.38558376
    3.66666667   -0.05382801   -0.05317418   -0.39934752
    3.75000000   -0.05362183   -0.05305354   -0.41340542
    3.83333333   -0.05339469   -0.05291371   -0.42763509
    3.91666667   -0.05314853   -0.05275604   -0.44185401
    4.00000000   -0.05288517   -0.05258188   -0.45579709
    4.08333333   -0.05260631   -0.05239246   -0.46908724
    4.16666667   -0.05231357   -0.05218881   -0.48119628
    4.25000000   -0.05200844   -0.05197187   -0.49139588
    4.33333333   -0.05169234   -0.05174255   -0.49869702
    4.41666667   -0.05136657   -0.05150182   -0.50178224
    4.50000000   -0.05103236   -0.05125068   -0.49893957
    4.58333333   -0.05069084   -0.05099001   -0.48801952
    4.66666667   -0.05034309   -0.05072058   -0.46645586
    4.75000000   -0.04999007   -0.05044300   -0.43141211
    4.83333333   -0.04963270   -0.05015789   -0.38013597
    4.91666667   -0.04927183   -0.04986590   -0.31058211
    5.00000000   -0.04890823   -0.04956774   -0.22227274
    5.08333333   -0.04854262   -0.04926409   -0.11718410
    5.16666667   -0.04817567   -0.04895549   -0.00022218
    5.25000000   -0.04780798   -0.04864235    0.12117442
    5.33333333   -0.04744012   -0.04832504    0.23842220
    5.41666667   -0.04707261   -0.04800399    0.34371470
    5.50000000   -0.04670591   -0.04767971    0.43162876
    5.58333333   -0.04634045   -0.04735270    0.49977715
    5.66666667   -0.04597663   -0.04702337    0.54848189
    5.75000000   -0.04561480   -0.04669198    0.57988621
    5.83333333   -0.04525528   -0.04635874    0.59699743
    5.91666667   -0.04489838   -0.04602391    0.60296051
    6.00000000   -0.04454435   -0.04568783    0.60063011
    6.08333333   -0.04419344   -0.04535089    0.59238697
    6.16666667   -0.04384585   -0.04501340    0.58010927
    6.25000000   -0.04350178   -0.04467554    0.56522168
    6.33333333   -0.04316139   -0.04433741    0.54877429
    6.41666667   -0.04282483   -0.04399914    0.53152303
    6.50000000   -0.04249224   -0.04366094    0.51400042
    6.58333333   -0.04216373   -0.04332311    0.49657384
    6.66666667   -0.04183940   -0.04298590    0.47949009
    6.75000000   -0.04151933   -0.04264946    0.46290888
    6.83333333   -0.04120359   -0.04231380    0.44692839
    6.91666667   -0.04089225   -0.04197897    0.43160330
    7.00000000   -0.04058534   -0.04164507    0.41695766
    7.08333333   -0.04028291   -0.04131232    0.40299503
    7.16666667   -0.03998497   -0.04098095    0.38970494
    7.25000000   -0.03969156   -0.04065108    0.37706752
    7.33333333   -0.03940268   -0.04032269    0.36505745
    7.41666667   -0.03911833   -0.03999575    0.35364607
    7.50000000   -0.03883851   -0.03967029    0.34280290
    7.58333333   -0.03856321   -0.03934646    0.33249722
    7.66666667   -0.03829241   -0.03902446    0.32269859
    7.75000000   -0.03802610   -0.03870440    0.31337726
    7.83333333   -0.03776424   -0.03838628    0.30450483
    7.91666667   -0.03750681   -0.03807001    0.29605425
    8.00000000   -0.03725378   -0.03775554    0.28799978
    8.08333333   -0.03700511   -0.03744297    0.28031739
    8.16666667   -0.03676075   -0.03713247    0.27298431
    8.25000000   -0.03652068   -0.03682416    0.26597954
    8.33333333   -0.03628483   -0.03651805    0.25928322
    8.41666667   -0.03605317   -0.03621404    0.25287683
    8.50000000   -0.03582565   -0.03591202    0.24674332
    8.58333333   -0.03560222   -0.03561201    0.24086662
    8.66666667   -0.03538281   -0.03531417    0.23523174
    8.75000000   -0.03516740   -0.03501864    0.22982495
    8.83333333   -0.03495591   -0.03472544    0.22463323
    8.91666667   -0.03474829   -0.03443446    0.21964451
    9.00000000   -0.03454449   -0.03414557    0.21484767
    9.08333333   -0.03434446   -0.03385874    0.21023219
    9.16666667   -0.03414812   -0.03357405    0.20578825
    9.25000000   -0.03395544   -0.03329168    0.20150687
    9.33333333   -0.03376635   -0.03301168    0.19737947
    9.41666667   -0.03358080   -0.03273396    0.19339805
    9.50000000   -0.03339872   -0.03245837    0.18955528
    9.58333333   -0.03322006   -0.03218480    0.18584415
    9.66666667   -0.03304477   -0.03191331    0.18225809
    9.75000000   -0.03287278   -0.03164406    0.17879107
    9.83333333   -0.03270405   -0.03137715    0.17543734
    9.91666667   -0.03253851   -0.03111253    0.17219145
   10.00000000   -0.03237611   -0.03085003    0.16904844
   10.08333333   -0.03221680   -0.03058950    0.16600351
   10.16666667   -0.03206051   -0.03033094    0.16305216
   10.25000000   -0.03190720   -0.03007449    0.16019025
   10.33333333   -0.03175682   -0.02982029    0.15741377
   10.41666667   -0.03160930   -0.02956834    0.15471895
   10.50000000   -0.03146460   -0.02931848    0.15210233
   10.58333333   -0.03132267   -0.02907053    0.14956054
   10.66666667   -0.03118346   -0.02882441    0.14709040
   10.75000000   -0.03104690   -0.02858025    0.14468900
   10.83333333   -0.03091297   -0.02833820    0.14235347
   10.91666667   -0.03078160   -0.02809833    0.14008114
   11.00000000   -0.03065275   -0.02786050    0.13786953
   11.08333333   -0.03052637   -0.02762451    0.13571621
   11.16666667   -0.03040242   -0.02739023    0.13361888
   11.25000000   -0.03028084   -0.02715771    0.13157544
   11.33333333   -0.03016160   -0.02692714    0.12958382
   11.41666667   -0.03004464   -0.02669863    0.12764203
   11.50000000   -0.02992994   -0.02647211    0.12574828
   11.58333333   -0.02981743   -0.02624737    0.12390078
   11.66666667   -0.02970708   -0.02602420    0.12209783
   11.75000000   -0.02959886   -0.02580262    0.12033787
   11.83333333   -0.02949271   -0.02558278    0.11861937
   11.91666667   -0.02938860   -0.02536486    0.11694084
   12.00000000   -0.02928648   -0.02514885    0.11530094
   12.08333333   -0.02918633   -0.02493456    0.11369833
   12.16666667   -0.02908810   -0.02472174    0.11213173
   12.25000000   -0.02899175   -0.02451032    0.11059996
   12.33333333   -0.02889725   -0.02430043    0.10910186
   12.41666667   -0.02880457   -0.02409228    0.10763629
   12.50000000   -0.02871366   -0.02388594    0.10620225
   12.58333333   -0.02862449   -0.02368125    0.10479870
   12.66666667   -0.02853704   -0.02347796    0.10342466
   12.75000000   -0.02845126   -0.02327590    0.10207924
   12.83333333   -0.02836712   -0.02307514    0.10076151
   12.91666667   -0.02828459   -0.02287592    0.09947063
   13.00000000   -0.02820365   -0.02267837    0.09820579
   13.08333333   -0.02812425   -0.02248243    0.09696621
   13.16666667   -0.02804637   -0.02228781    0.09575110
   13.25000000   -0.02796998   -0.02209427    0.09455978
   13.33333333   -0.02789506   -0.02190181    0.09339153
   13.41666667   -0.02782156   -0.02171065    0.09224568
   13.50000000   -0.02774948   -0.02152101    0.09112160
   13.58333333   -0.02767876   -0.02133290    0.09001866
   13.66666667   -0.02760940   -0.02114606    0.08893625
   13.75000000   -0.02754137   -0.02096018    0.08787383
   13.83333333   -0.02747463   -0.02077518    0.08683083
   13.91666667   -0.02740917   -0.02059121    0.08580670
   14.00000000   -0.02734496   -0.02040856    0.08480096
   14.08333333   -0.02728198   -0.02022734    0.08381310
   14.16666667   -0.02722019   -0.02004735    0.08284263
   14.25000000   -0.02715959   -0.01986824    0.08188911
   14.33333333   -0.02710014   -0.01968980    0.08095209
   14.41666667   -0.02704183   -0.01951214    0.08003114
   14.50000000   -0.02698463   -0.01933555    0.07912585
   14.58333333   -0.02692852   -0.01916024    0.07823581
   14.66666667   -0.02687348   -0.01898613    0.07736064
   14.75000000   -0.02681949   -0.01881284    0.07649997
   14.83333333   -0.02676653   -0.01864006    0.07565344
   14.91666667   -0.02671457   -0.01846777    0.07482069
   15.00000000   -0.02666362   -0.01829627    0.07400139
   15.08333333   -0.02661363   -0.01812588    0.07319523
   15.16666667   -0.02656459   -0.01795660    0.07240186
   15.25000000   -0.02651650   -0.01778813    0.07162100
   15.33333333   -0.02646932   -0.01762002    0.07085234
   15.41666667   -0.02642304   -0.01745214    0.07009560
   15.50000000   -0.02637764   -0.01728471    0.06935051
   15.58333333   -0.02633311   -0.01711815    0.06861678
   15.66666667   -0.02628944   -0.01695260    0.06789416
   15.75000000   -0.02624659   -0.01678783    0.06718241
   15.83333333   -0.02620457   -0.01662334    0.06648127
   15.91666667   -0.02616335   -0.01645881    0.06579050
   16.00000000   -0.02612291   -0.01629438    0.06510987
   16.08333333   -0.02608326   -0.01613048    0.06443916
   16.16666667   -0.02604436   -0.01596746    0.06377817
   16.25000000   -0.02600620   -0.01580517    0.06312665
   16.33333333   -0.02596878   -0.01564310    0.06248441
   16.41666667   -0.02593208   -0.01548077    0.06185128
   16.50000000   -0.02589608   -0.01531814    0.06122703
   16.58333333   -0.02586077   -0.01515564    0.06061148
   16.66666667   -0.02582614   -0.01499377    0.06000447
   16.75000000   -0.02579218   -0.01483259    0.05940579
   16.83333333   -0.02575887   -0.01467160    0.05881528
   16.91666667   -0.02572620   -0.01451015    0.05823279
   17.00000000   -0.02569416   -0.01434799    0.05765812
   17.08333333   -0.02566275   -0.01418548    0.05709114
   17.16666667   -0.02563193   -0.01402325    0.05653170
   17.25000000   -0.02560172   -0.01386160    0.05597962
   17.33333333   -0.02557209   -0.01370014    0.05543478
   17.41666667   -0.02554304   -0.01353809    0.05489703
   17.50000000   -0.02551455   -0.01337490    0.05436622
   17.58333333   -0.02548661   -0.01321079    0.05384223
   17.66666667   -0.02545922   -0.01304649    0.05332492
   17.75000000   -0.02543236   -0.01288260    0.05281417
   17.83333333   -0.02540602   -0.01271894    0.05230983
   17.91666667   -0.02538021   -0.01255464    0.05181182
   18.00000000   -0.02535489   -0.01238882    0.05131999
   18.08333333   -0.02533008   -0.01222142    0.05083423
   18.16666667   -0.02530575   -0.01205326    0.05035443
   18.25000000   -0.02528190   -0.01188532    0.04988048
   18.33333333   -0.02525852   -0.01171778    0.04941227
   18.41666667   -0.02523560   -0.01154976    0.04894970
   18.50000000   -0.02521314   -0.01138003    0.04849267
   18.58333333   -0.02519112   -0.01120814    0.04804106
   18.66666667   -0.02516954   -0.01103496    0.04759481
   18.75000000   -0.02514839   -0.01086205    0.04715378
   18.83333333   -0.02512766   -0.01069028    0.04671791
   18.91666667   -0.02510735   -0.01051904    0.04628711
   19.00000000   -0.02508745   -0.01034680    0.04586127
   19.08333333   -0.02506794   -0.01017272    0.04544031
   19.16666667   -0.02504883   -0.00999802    0.04502416
   19.25000000   -0.02503011   -0.00982569    0.04461272
   19.33333333   -0.02501176   -0.00965862    0.04420592
   19.41666667   -0.02499379   -0.00949791    0.04380369
   19.50000000   -0.02497618   -0.00934320    0.04340593
   19.58333333   -0.02495894   -0.00919560    0.04301257
   19.66666667   -0.02494205   -0.00906125    0.04262356
   19.75000000   -0.02492550   -0.00895242    0.04223880
   19.83333333   -0.02490930   -0.00888377    0.04185823
   19.91666667   -0.02489344   -0.00886483    0.04148179
   20.00000000   -0.02487790   -0.00889257    0.04110939
