  -20.00000000    0.03379018    0.05471701    0.03634164
  -19.91666667    0.03400753    0.05541504    0.03641037
  -19.83333333    0.03422648    0.05604056    0.03647976
  -19.75000000    0.03444705    0.05662378    0.03654980
  -19.66666667    0.03466925    0.05718940    0.03662050
  -19.58333333    0.03489310    0.05775054    0.03669188
  -19.50000000    0.03511862    0.05830966    0.03676394
  -19.41666667    0.03534582    0.05886416    0.03683670
  -19.33333333    0.03557471    0.05941202    0.03691016
  -19.25000000    0.03580533    0.05995424    0.03698434
  -19.16666667    0.03603769    0.06049344    0.03705924
  -19.08333333    0.03627179    0.06103126    0.03713487
  -19.00000000    0.03650768    0.06156687    0.03721126
  -18.91666667    0.03674535    0.06209789    0.03728840
  -18.83333333    0.03698483    0.06262244    0.03736630
  -18.75000000    0.03722614    0.06314053    0.03744499
  -18.66666667    0.03746930    0.06365368    0.03752447
  -18.58333333    0.03771432    0.06416333    0.03760475
  -18.50000000    0.03796123    0.06466959    0.03768585
  -18.41666667    0.03821005    0.06517126    0.03776778
  -18.33333333    0.03846079    0.06566704    0.03785055
  -18.25000000    0.03871349    0.06615671    0.03793417
  -18.16666667    0.03896815    0.06664128    0.03801866
  -18.08333333    0.03922479    0.06712208    0.03810403
  -18.00000000    0.03948345    0.06759967    0.03819030
  -17.91666667    0.03974414    0.06807354    0.03827747
  -17.83333333    0.04000688    0.06854273    0.03836557
  -17.75000000    0.04027169    0.06900685    0.03845460
  -17.66666667    0.04053860    0.06946648    0.03854459
  -17.58333333    0.04080763    0.06992274    0.03863554
  -17.50000000    0.04107880    0.07037641    0.03872748
  -17.41666667    0.04135214    0.07082737    0.03882042
  -17.33333333    0.04162765    0.07127494    0.03891437
  -17.25000000    0.04190539    0.07171861    0.03900935
  -17.16666667    0.04218535    0.07215863    0.03910539
  -17.08333333    0.04246757    0.07259586    0.03920249
  -17.00000000    0.04275208    0.07303113    0.03930067
  -16.91666667    0.04303890    0.07346461    0.03939996
  -16.83333333    0.04332804    0.07389584    0.03950037
  -16.75000000    0.04361954    0.07432429    0.03960192
  -16.66666667    0.04391343    0.07474993    0.03970463
  -16.58333333    0.04420972    0.07517339    0.03980852
  -16.50000000    0.04450845    0.07559542    0.03991361
  -16.41666667    0.04480964    0.07601640    0.04001993
  -16.33333333    0.04511331    0.07643608    0.04012748
  -16.25000000    0.04541949    0.07685396    0.04023630
  -16.16666667    0.04572822    0.07726985    0.04034641
  -16.08333333    0.04603951    0.07768409    0.04045782
  -16.00000000    0.04635341    0.07809736    0.04057057
  -15.91666667    0.04666992    0.07851015    0.04068467
  -15.83333333    0.04698909    0.07892240    0.04080016
  -15.75000000    0.04731094    0.07933370    0.04091705
  -15.66666667    0.04763549    0.07974372    0.04103537
  -15.58333333    0.04796279    0.08015262    0.04115516
  -15.50000000    0.04829285    0.08056093    0.04127643
  -15.41666667    0.04862571    0.08096918    0.04139921
  -15.33333333    0.04896140    0.08137749    0.04152354
  -15.25000000    0.04929995    0.08178554    0.04164943
  -15.16666667    0.04964138    0.08219299    0.04177693
  -15.08333333    0.04998574    0.08259978    0.04190606
  -15.00000000    0.05033305    0.08300633    0.04203685
  -14.91666667    0.05068334    0.08341313    0.04216934
  -14.83333333    0.05103665    0.08382044    0.04230356
  -14.75000000    0.05139300    0.08422809    0.04243953
  -14.66666667    0.05175243    0.08463571    0.04257731
  -14.58333333    0.05211497    0.08504314    0.04271692
  -14.50000000    0.05248066    0.08545062    0.04285840
  -14.41666667    0.05284952    0.08585862    0.04300179
  -14.33333333    0.05322160    0.08626745    0.04314712
  -14.25000000    0.05359692    0.08667709    0.04329444
  -14.16666667    0.05397552    0.08708723    0.04344379
  -14.08333333    0.05435744    0.08749763    0.04359521
  -14.00000000    0.05474270    0.08790836    0.04374874
  -13.91666667    0.05513134    0.08831980    0.04390443
  -13.83333333    0.05552341    0.08873234    0.04406232
  -13.75000000    0.05591892    0.08914606    0.04422246
  -13.66666667    0.05631792    0.08956073    0.04438490
  -13.58333333    0.05672044    0.08997607    0.04454969
  -13.50000000    0.05712652    0.09039203    0.04471687
  -13.41666667    0.05753620    0.09080889    0.04488651
  -13.33333333    0.05794951    0.09122704    0.04505866
  -13.25000000    0.05836648    0.09164665    0.04523336
  -13.16666667    0.05878716    0.09206760    0.04541069
  -13.08333333    0.05921157    0.09248960    0.04559070
  -13.00000000    0.05963976    0.09291251    0.04577345
  -12.91666667    0.06007176    0.09333650    0.04595900
  -12.83333333    0.06050762    0.09376192    0.04614742
  -12.75000000    0.06094735    0.09418902    0.04633877
  -12.66666667    0.06139101    0.09461777    0.04653313
  -12.58333333    0.06183863    0.09504793    0.04673057
  -12.50000000    0.06229023    0.09547930    0.04693116
  -12.41666667    0.06274587    0.09591191    0.04713497
  -12.33333333    0.06320558    0.09634607    0.04734209
  -12.25000000    0.06366939    0.09678206    0.04755260
  -12.16666667    0.06413734    0.09721996    0.04776657
  -12.08333333    0.06460947    0.09765958    0.04798410
  -12.00000000    0.06508580    0.09810068    0.04820528
  -11.91666667    0.06556638    0.09854321    0.04843019
  -11.83333333    0.06605125    0.09898739    0.04865894
  -11.75000000    0.06654042    0.09943351    0.04889163
  -11.66666667    0.06703395    0.09988172    0.04912834
  -11.58333333    0.06753186    0.10033191    0.04936920
  -11.50000000    0.06803418    0.10078384    0.04961431
  -11.41666667    0.06854095    0.10123739    0.04986379
  -11.33333333    0.06905221    0.10169268    0.05011775
  -11.25000000    0.06956798    0.10214997    0.05037632
  -11.16666667    0.07008828    0.10260948    0.05063962
  -11.08333333    0.07061317    0.10307117    0.05090778
  -11.00000000    0.07114265    0.10353483    0.05118095
  -10.91666667    0.07167675    0.10400029    0.05145925
  -10.83333333    0.07221553    0.10446756    0.05174285
  -10.75000000    0.07275897    0.10493687    0.05203189
  -10.66666667    0.07330712    0.10540845    0.05232653
  -10.58333333    0.07386001    0.10588236    0.05262693
  -10.50000000    0.07441765    0.10635842    0.05293327
  -10.41666667    0.07498005    0.10683643    0.05324573
  -10.33333333    0.07554726    0.10731632    0.05356450
  -10.25000000    0.07611926    0.10779825    0.05388975
  -10.16666667    0.07669610    0.10828245    0.05422170
  -10.08333333    0.07727777    0.10876902    0.05456056
  -10.00000000    0.07786429    0.10925788    0.05490655
   -9.91666667    0.07845567    0.10974879    0.05525988
   -9.83333333    0.07905192    0.11024162    0.05562082
   -9.75000000    0.07965304    0.11073645    0.05598959
   -9.66666667    0.08025903    0.11123347    0.05636645
   -9.58333333    0.08086990    0.11173285    0.05675170
   -9.50000000    0.08148563    0.11223453    0.05714559
   -9.41666667    0.08210623    0.11273832    0.05754844
   -9.33333333    0.08273170    0.11324401    0.05796055
   -9.25000000    0.08336200    0.11375159    0.05838225
   -9.16666667    0.08399713    0.11426123    0.05881387
   -9.08333333    0.08463708    0.11477307    0.05925578
   -9.00000000    0.08528181    0.11528714    0.05970835
   -8.91666667    0.08593129    0.11580326    0.06017196
   -8.83333333    0.08658551    0.11632118    0.06064704
   -8.75000000    0.08724442    0.11684082    0.06113402
   -8.66666667    0.08790798    0.11736225    0.06163335
   -8.58333333    0.08857616    0.11788562    0.06214551
   -8.50000000    0.08924889    0.11841097    0.06267100
   -8.41666667    0.08992613    0.11893818    0.06321036
   -8.33333333    0.09060782    0.11946696    0.06376415
   -8.25000000    0.09129388    0.11999715    0.06433295
   -8.16666667    0.09198425    0.12052873    0.06491738
   -8.08333333    0.09267887    0.12106180    0.06551813
   -8.00000000    0.09337762    0.12159643    0.06613586
   -7.91666667    0.09408044    0.12213250    0.06677132
   -7.83333333    0.09478723    0.12266973    0.06742529
   -7.75000000    0.09549788    0.12320786    0.06809859
   -7.66666667    0.09621229    0.12374678    0.06879211
   -7.58333333    0.09693034    0.12428650    0.06950676
   -7.50000000    0.09765190    0.12482708    0.07024355
   -7.41666667    0.09837686    0.12536841    0.07100351
   -7.33333333    0.09910506    0.12591019    0.07178776
   -7.25000000    0.09983638    0.12645209    0.07259751
   -7.16666667    0.10057065    0.12699387    0.07343401
   -7.08333333    0.10130771    0.12753544    0.07429861
   -7.00000000    0.10204740    0.12807679    0.07519279
   -6.91666667    0.10278955    0.12861779    0.07611807
   -6.83333333    0.10353397    0.12915812    0.07707612
   -6.75000000    0.10428048    0.12969736    0.07806872
   -6.66666667    0.10502888    0.13023514    0.07909779
   -6.58333333    0.10577895    0.13077122    0.08016536
   -6.50000000    0.10653051    0.13130547    0.08127366
   -6.41666667    0.10728332    0.13183770    0.08242507
   -6.33333333    0.10803716    0.13236753    0.08362214
   -6.25000000    0.10879181    0.13289445    0.08486768
   -6.16666667    0.10954703    0.13341791    0.08616468
   -6.08333333    0.11030258    0.13393748    0.08751638
   -6.00000000    0.11105822    0.13445286    0.08892634
   -5.91666667    0.11181370    0.13496371    0.09039840
   -5.83333333    0.11256876    0.13546956    0.09193673
   -5.75000000    0.11332316    0.13596974    0.09354591
   -5.66666667    0.11407664    0.13646350    0.09523093
   -5.58333333    0.11482893    0.13695016    0.09699724
   -5.50000000    0.11557980    0.13742913    0.09885085
   -5.41666667    0.11632897    0.13789988    0.10079835
   -5.33333333    0.11707619    0.13836172    0.10284696
   -5.25000000    0.11782122    0.13881376    0.10500474
   -5.16666667    0.11856379    0.13925496    0.10728051
   -5.08333333    0.11930366    0.13968430    0.10968410
   -5.00000000    0.12004059    0.14010083    0.11222643
   -4.91666667    0.12077433    0.14050362    0.11491967
   -4.83333333    0.12150463    0.14089167    0.11777739
   -4.75000000    0.12223128    0.14126373    0.12081482
   -4.66666667    0.12295401    0.14161837    0.12404906
   -4.58333333    0.12367258    0.14195405    0.12749933
   -4.50000000    0.12438676    0.14226928    0.13118742
   -4.41666667    0.12509627    0.14256258    0.13513797
   -4.33333333    0.12580085    0.14283241    0.13937898
   -4.25000000    0.12650018    0.14307696    0.14394247
   -4.16666667    0.12719394    0.14329417    0.14886499
   -4.08333333    0.12788172    0.14348180    0.15418854
   -4.00000000    0.12856311    0.14363754    0.15996159
   -3.91666667    0.12923755    0.14375908    0.16624008
   -3.83333333    0.12990443    0.14384401    0.17308903
   -3.75000000    0.13056297    0.14388966    0.18058406
   -3.66666667    0.13121225    0.14389299    0.18881354
   -3.58333333    0.13185113    0.14385071    0.19788101
   -3.50000000    0.13247823    0.14375931    0.20790794
   -3.41666667    0.13309185    0.14361521    0.21903719
   -3.33333333    0.13368992    0.14341466    0.23143681
   -3.25000000    0.13426994    0.14315361    0.24530389
   -3.16666667    0.13482884    0.14282757    0.26086875
   -3.08333333    0.13536294    0.14243162    0.27839783
   -3.00000000    0.13586779    0.14196049    0.29819369
   -2.91666667    0.13633808    0.14140868    0.32058943
   -2.83333333    0.13676746    0.14077043    0.34593032
   -2.75000000    0.13714840    0.14003957    0.37453174
   -2.66666667    0.13747200    0.13920940    0.40659532
   -2.58333333    0.13772781    0.13827261    0.44205147
   -2.50000000    0.13790365    0.13722133    0.48028753
   -2.41666667    0.13798537    0.13604729    0.51972352
   -2.33333333    0.13795669    0.13474178    0.55724895
   -2.25000000    0.13779897    0.13329561    0.58771287
   -2.16666667    0.13749109    0.13169890    0.60399958
   -2.08333333    0.13700929    0.12994101    0.59850902
   -2.00000000    0.13632712    0.12801058    0.56636879
   -1.91666667    0.13541550    0.12589566    0.50886674
   -1.83333333    0.13424279    0.12358378    0.43406467
   -1.75000000    0.13277515    0.12106196    0.35338313
   -1.66666667    0.13097694    0.11831660    0.27684895
   -1.58333333    0.12881141    0.11533339    0.21043742
   -1.50000000    0.12624157    0.11209746    0.15616965
   -1.41666667    0.12323130    0.10859357    0.11352832
   -1.33333333    0.11974672    0.10480645    0.08084823
   -1.25000000    0.11575765    0.10072098    0.05619995
   -1.16666667    0.11123938    0.09632240    0.03781369
   -1.08333333    0.10617433    0.09159654    0.02422321
   -1.00000000    0.10055370    0.08653031    0.01427495
   -0.91666667    0.09437901    0.08111247    0.00708580
   -0.83333333    0.08766315    0.07533455    0.00198869
   -0.75000000    0.08043110    0.06919194   -0.00151727
   -0.66666667    0.07272000    0.06268485   -0.00380783
   -0.58333333    0.06457856    0.05581945   -0.00516527
   -0.50000000    0.05606588    0.04860902   -0.00580234
   -0.41666667    0.04724959    0.04107522   -0.00587998
   -0.33333333    0.03820363    0.03324933   -0.00552041
   -0.25000000    0.02900558    0.02517291   -0.00481678
   -0.16666667    0.01973404    0.01689767   -0.00384031
   -0.08333333    0.01046593    0.00848426   -0.00264551
    0.00000000    0.00127419    0.00000000    0.00127419
    0.08333333   -0.00777424   -0.00848426   -0.00024172
    0.16666667   -0.01661983   -0.01689767   -0.00187787
    0.25000000   -0.02521148   -0.02517291   -0.00361589
    0.33333333   -0.03350696   -0.03324933   -0.00544210
    0.41666667   -0.04147294   -0.04107522   -0.00734659
    0.50000000   -0.04908464   -0.04860902   -0.00932245
    0.58333333   -0.05632518   -0.05581945   -0.01136521
    0.66666667   -0.06318480   -0.06268485   -0.01347246
    0.75000000   -0.06965991   -0.06919194   -0.01564349
    0.83333333   -0.07575215   -0.07533455   -0.01787905
    0.91666667   -0.08146744   -0.08111247   -0.02018119
    1.00000000   -0.08681507   -0.08653031   -0.02255309
    1.08333333   -0.09180696   -0.09159654   -0.02499902
    1.16666667   -0.09645691   -0.09632240   -0.02752426
    1.25000000   -0.10078000   -0.10072098   -0.03013509
    1.33333333   -0.10479210   -0.10480645   -0.03283877
    1.41666667   -0.10850944   -0.10859357   -0.03564358
    1.50000000   -0.11194832   -0.11209746   -0.03855888
    1.58333333   -0.11512482   -0.11533339   -0.04159516
    1.66666667   -0.11805460   -0.11831660   -0.04476413
    1.75000000   -0.12075281   -0.12106196   -0.04807887
    1.83333333   -0.12323395   -0.12358378   -0.05155394
    1.91666667   -0.12551183   -0.12589566   -0.05520556
    2.00000000   -0.12759954   -0.12801058   -0.05905181
    2.08333333   -0.12950942   -0.12994101   -0.06311287
    2.16666667   -0.13125309   -0.13169890   -0.06741131
    2.25000000   -0.13284142   -0.13329561   -0.07197237
    2.33333333   -0.13428461   -0.13474178   -0.07682441
    2.41666667   -0.13559221   -0.13604729   -0.08199931
    2.50000000   -0.13677310   -0.13722133   -0.08753297
    2.58333333   -0.13783559   -0.13827261   -0.09346600
    2.66666667   -0.13878743   -0.13920940   -0.09984437
    2.75000000   -0.13963583   -0.14003957   -0.10672024
    2.83333333   -0.14038753   -0.14077043   -0.11415303
    2.91666667   -0.14104880   -0.14140868   -0.12221052
    3.00000000   -0.14162550   -0.14196049   -0.13097016
    3.08333333   -0.14212310   -0.14243162   -0.14052080
    3.16666667   -0.14254668   -0.14282757   -0.15096450
    3.25000000   -0.14290101   -0.14315361   -0.16241859
    3.33333333   -0.14319054   -0.14341466   -0.17501842
    3.41666667   -0.14341944   -0.14361521   -0.18892014
    3.50000000   -0.14359158   -0.14375931   -0.20430389
    3.58333333   -0.14371062   -0.14385071   -0.22137766
    3.66666667   -0.14377996   -0.14389299   -0.24038107
    3.75000000   -0.14380280   -0.14388966   -0.26158919
    3.83333333   -0.14378213   -0.14384401   -0.28531635
    3.91666667   -0.14372078   -0.14375908   -0.31191852
    4.00000000   -0.14362137   -0.14363754   -0.34179312
    4.08333333   -0.14348640   -0.14348180   -0.37537516
    4.16666667   -0.14331818   -0.14329417   -0.41312439
    4.25000000   -0.14311890   -0.14307696   -0.45550184
    4.33333333   -0.14289064   -0.14283241   -0.50292388
    4.41666667   -0.14263531   -0.14256258   -0.55568896
    4.50000000   -0.14235475   -0.14226928   -0.61386396
    4.58333333   -0.14205067   -0.14195405   -0.67711692
    4.66666667   -0.14172469   -0.14161837   -0.74449912
    4.75000000   -0.14137833   -0.14126373   -0.81419384
    4.83333333   -0.14101302   -0.14089167   -0.88328699
    4.91666667   -0.14063012   -0.14050362   -0.94768153
    5.00000000   -0.14023090   -0.14010083   -1.00231083
    5.08333333   -0.13981656   -0.13968430   -1.04178149
    5.16666667   -0.13938824   -0.13925496   -1.06143124
    5.25000000   -0.13894699   -0.13881376   -1.05851213
    5.33333333   -0.13849383   -0.13836172   -1.03301058
    5.41666667   -0.13802971   -0.13789988   -0.98769299
    5.50000000   -0.13755551   -0.13742913   -0.92733930
    5.58333333   -0.13707209   -0.13695016   -0.85754628
    5.66666667   -0.13658024   -0.13646350   -0.78360593
    5.75000000   -0.13608072   -0.13596974   -0.70979273
    5.83333333   -0.13557422   -0.13546956   -0.63911822
    5.91666667   -0.13506141   -0.13496371   -0.57341455
    6.00000000   -0.13454293   -0.13445286   -0.51357964
    6.08333333   -0.13401937   -0.13393748   -0.45985703
    6.16666667   -0.13349128   -0.13341791   -0.41207541
    6.25000000   -0.13295919   -0.13289445   -0.36982902
    6.33333333   -0.13242360   -0.13236753   -0.33260315
    6.41666667   -0.13188498   -0.13183770   -0.29985143
    6.50000000   -0.13134376   -0.13130547   -0.27104115
    6.58333333   -0.13080035   -0.13077122   -0.24567852
    6.66666667   -0.13025515   -0.13023514   -0.22331869
    6.75000000   -0.12970853   -0.12969736   -0.20356810
    6.83333333   -0.12916082   -0.12915812   -0.18608341
    6.91666667   -0.12861235   -0.12861779   -0.17056710
    7.00000000   -0.12806343   -0.12807679   -0.15676233
    7.08333333   -0.12751434   -0.12753544   -0.14444839
    7.16666667   -0.12696535   -0.12699387   -0.13343563
    7.25000000   -0.12641671   -0.12645209   -0.12356090
    7.33333333   -0.12586865   -0.12591019   -0.11468408
    7.41666667   -0.12532141   -0.12536841   -0.10668450
    7.50000000   -0.12477518   -0.12482708   -0.09945795
    7.58333333   -0.12423016   -0.12428650   -0.09291450
    7.66666667   -0.12368653   -0.12374678   -0.08697620
    7.75000000   -0.12314446   -0.12320786   -0.08157530
    7.83333333   -0.12260411   -0.12266973   -0.07665292
    7.91666667   -0.12206562   -0.12213250   -0.07215767
    8.00000000   -0.12152914   -0.12159643   -0.06804453
    8.08333333   -0.12099479   -0.12106180   -0.06427411
    8.16666667   -0.12046269   -0.12052873   -0.06081167
    8.25000000   -0.11993296   -0.11999715   -0.05762674
    8.33333333   -0.11940569   -0.11946696   -0.05469228
    8.41666667   -0.11888097   -0.11893818   -0.05198437
    8.50000000   -0.11835890   -0.11841097   -0.04948185
    8.58333333   -0.11783956   -0.11788562   -0.04716583
    8.66666667   -0.11732302   -0.11736225   -0.04501946
    8.75000000   -0.11680935   -0.11684082   -0.04302776
    8.83333333   -0.11629862   -0.11632118   -0.04117725
    8.91666667   -0.11579087   -0.11580326   -0.03945586
    9.00000000   -0.11528617   -0.11528714   -0.03785278
    9.08333333   -0.11478455   -0.11477307   -0.03635821
    9.16666667   -0.11428607   -0.11426123   -0.03496334
    9.25000000   -0.11379076   -0.11375159   -0.03366025
    9.33333333   -0.11329865   -0.11324401   -0.03244170
    9.41666667   -0.11280978   -0.11273832   -0.03130114
    9.50000000   -0.11232417   -0.11223453   -0.03023268
    9.58333333   -0.11184185   -0.11173285   -0.02923089
    9.66666667   -0.11136283   -0.11123347   -0.02829085
    9.75000000   -0.11088714   -0.11073645   -0.02740808
    9.83333333   -0.11041479   -0.11024162   -0.02657849
    9.91666667   -0.10994578   -0.10974879   -0.02579829
   10.00000000   -0.10948013   -0.10925788   -0.02506409
   10.08333333   -0.10901785   -0.10876902   -0.02437269
   10.16666667   -0.10855893   -0.10828245   -0.02372122
   10.25000000   -0.10810339   -0.10779825   -0.02310700
   10.33333333   -0.10765123   -0.10731632   -0.02252758
   10.41666667   -0.10720243   -0.10683643   -0.02198069
   10.50000000   -0.10675700   -0.10635842   -0.02146426
   10.58333333   -0.10631494   -0.10588236   -0.02097634
   10.66666667   -0.10587623   -0.10540845   -0.02051514
   10.75000000   -0.10544087   -0.10493687   -0.02007902
   10.83333333   -0.10500886   -0.10446756   -0.01966644
   10.91666667   -0.10458017   -0.10400029   -0.01927597
   11.00000000   -0.10415480   -0.10353483   -0.01890631
   11.08333333   -0.10373274   -0.10307117   -0.01855621
   11.16666667   -0.10331396   -0.10260948   -0.01822454
   11.25000000   -0.10289847   -0.10214997   -0.01791023
   11.33333333   -0.10248624   -0.10169268   -0.01761229
   11.41666667   -0.10207725   -0.10123739   -0.01732978
   11.50000000   -0.10167149   -0.10078384   -0.01706186
   11.58333333   -0.10126895   -0.10033191   -0.01680771
   11.66666667   -0.10086959   -0.09988172   -0.01656657
   11.75000000   -0.10047342   -0.09943351   -0.01633774
   11.83333333   -0.10008039   -0.09898739   -0.01612056
   11.91666667   -0.09969050   -0.09854321   -0.01591440
   12.00000000   -0.09930372   -0.09810068   -0.01571868
   12.08333333   -0.09892004   -0.09765958   -0.01553286
   12.16666667   -0.09853942   -0.09721996   -0.01535643
   12.25000000   -0.09816186   -0.09678206   -0.01518889
   12.33333333   -0.09778733   -0.09634607   -0.01502981
   12.41666667   -0.09741579   -0.09591191   -0.01487874
   12.50000000   -0.09704725   -0.09547930   -0.01473529
   12.58333333   -0.09668166   -0.09504793   -0.01459909
   12.66666667   -0.09631901   -0.09461777   -0.01446976
   12.75000000   -0.09595927   -0.09418902   -0.01434699
   12.83333333   -0.09560243   -0.09376192   -0.01423044
   12.91666667   -0.09524845   -0.09333650   -0.01411982
   13.00000000   -0.09489732   -0.09291251   -0.01401485
   13.08333333   -0.09454900   -0.09248960   -0.01391525
   13.16666667   -0.09420348   -0.09206760   -0.01382078
   13.25000000   -0.09386074   -0.09164665   -0.01373119
   13.33333333   -0.09352075   -0.09122704   -0.01364626
   13.41666667   -0.09318348   -0.09080889   -0.01356578
   13.50000000   -0.09284891   -0.09039203   -0.01348952
   13.58333333   -0.09251702   -0.08997607   -0.01341732
   13.66666667   -0.09218778   -0.08956073   -0.01334897
   13.75000000   -0.09186118   -0.08914606   -0.01328432
   13.83333333   -0.09153718   -0.08873234   -0.01322319
   13.91666667   -0.09121577   -0.08831980   -0.01316542
   14.00000000   -0.09089691   -0.08790836   -0.01311087
   14.08333333   -0.09058060   -0.08749763   -0.01305939
   14.16666667   -0.09026679   -0.08708723   -0.01301085
   14.25000000   -0.08995548   -0.08667709   -0.01296513
   14.33333333   -0.08964663   -0.08626745   -0.01292210
   14.41666667   -0.08934023   -0.08585862   -0.01288164
   14.50000000   -0.08903625   -0.08545062   -0.01284365
   14.58333333   -0.08873466   -0.08504314   -0.01280802
   14.66666667   -0.08843545   -0.08463571   -0.01277464
   14.75000000   -0.08813860   -0.08422809   -0.01274343
   14.83333333   -0.08784408   -0.08382044   -0.01271429
   14.91666667   -0.08755186   -0.08341313   -0.01268713
   15.00000000   -0.08726193   -0.08300633   -0.01266188
   15.08333333   -0.08697427   -0.08259978   -0.01263845
   15.16666667   -0.08668885   -0.08219299   -0.01261676
   15.25000000   -0.08640565   -0.08178554   -0.01259675
   15.33333333   -0.08612465   -0.08137749   -0.01257835
   15.41666667   -0.08584583   -0.08096918   -0.01256148
   15.50000000   -0.08556917   -0.08056093   -0.01254610
   15.58333333   -0.08529464   -0.08015262   -0.01253213
   15.66666667   -0.08502223   -0.07974372   -0.01251951
   15.75000000   -0.08475192   -0.07933370   -0.01250820
   15.83333333   -0.08448368   -0.07892240   -0.01249815
   15.91666667   -0.08421750   -0.07851015   -0.01248929
   16.00000000   -0.08395335   -0.07809736   -0.01248158
   16.08333333   -0.08369121   -0.07768409   -0.01247498
   16.16666667   -0.08343108   -0.07726985   -0.01246944
   16.25000000   -0.08317292   -0.07685396   -0.01246492
   16.33333333   -0.08291671   -0.07643608   -0.01246138
   16.41666667   -0.08266245   -0.07601640   -0.01245877
   16.50000000   -0.08241010   -0.07559542   -0.01245707
   16.58333333   -0.08215965   -0.07517339   -0.01245623
   16.66666667   -0.08191108   -0.07474993   -0.01245622
   16.75000000   -0.08166438   -0.07432429   -0.01245701
   16.83333333   -0.08141952   -0.07389584   -0.01245856
   16.91666667   -0.08117649   -0.07346461   -0.01246085
   17.00000000   -0.08093526   -0.07303113   -0.01246385
   17.08333333   -0.08069583   -0.07259586   -0.01246752
   17.16666667   -0.08045817   -0.07215863   -0.01247185
   17.25000000   -0.08022226   -0.07171861   -0.01247680
   17.33333333   -0.07998810   -0.07127494   -0.01248234
   17.41666667   -0.07975566   -0.07082737   -0.01248847
   17.50000000   -0.07952492   -0.07037641   -0.01249515
   17.58333333   -0.07929587   -0.06992274   -0.01250236
   17.66666667   -0.07906850   -0.06946648   -0.01251008
   17.75000000   -0.07884278   -0.06900685   -0.01251828
   17.83333333   -0.07861870   -0.06854273   -0.01252696
   17.91666667   -0.07839625   -0.06807354   -0.01253609
   18.00000000   -0.07817540   -0.06759967   -0.01254565
   18.08333333   -0.07795614   -0.06712208   -0.01255562
   18.16666667   -0.07773847   -0.06664128   -0.01256599
   18.25000000   -0.07752235   -0.06615671   -0.01257675
   18.33333333   -0.07730778   -0.06566704   -0.01258787
   18.41666667   -0.07709475   -0.06517126   -0.01259934
   18.50000000   -0.07688323   -0.06466959   -0.01261115
   18.58333333   -0.07667321   -0.06416333   -0.01262328
   18.66666667   -0.07646468   -0.06365368   -0.01263572
   18.75000000   -0.07625762   -0.06314053   -0.01264845
   18.83333333   -0.07605203   -0.06262244   -0.01266147
   18.91666667   -0.07584788   -0.06209789   -0.01267476
   19.00000000   -0.07564516   -0.06156687   -0.01268831
   19.08333333   -0.07544385   -0.06103126   -0.01270211
   19.16666667   -0.07524396   -0.06049344   -0.01271615
   19.25000000   -0.07504545   -0.05995424   -0.01273042
   19.33333333   -0.07484832   -0.05941202   -0.01274490
   19.41666667   -0.07465256   -0.05886416   -0.01275959
   19.50000000   -0.07445815   -0.05830966   -0.01277449
   19.58333333   -0.07426508   -0.05775054   -0.01278957
   19.66666667   -0.07407333   -0.05718940   -0.01280483
   19.75000000   -0.07388290   -0.05662378   -0.01282026
   19.83333333   -0.07369377   -0.05604056   -0.01283586
   19.91666667   -0.07350593   -0.05541504   -0.01285162
   20.00000000   -0.07331936   -0.05471701   -0.01286753
