  -20.00000000   -0.01845412   -0.00313769   -0.01580154
  -19.91666667   -0.01849309   -0.00332142   -0.01581702
  -19.83333333   -0.01853236   -0.00349493   -0.01583258
  -19.75000000   -0.01857195   -0.00365509   -0.01584823
  -19.66666667   -0.01861184   -0.00380080   -0.01586397
  -19.58333333   -0.01865204   -0.00393259   -0.01587979
  -19.50000000   -0.01869255   -0.00405196   -0.01589570
  -19.41666667   -0.01873339   -0.00416069   -0.01591170
  -19.33333333   -0.01877454   -0.00426047   -0.01592779
  -19.25000000   -0.01881602   -0.00435275   -0.01594397
  -19.16666667   -0.01885782   -0.00443875   -0.01596025
  -19.08333333   -0.01889996   -0.00451951   -0.01597661
  -19.00000000   -0.01894242   -0.00459592   -0.01599306
  -18.91666667   -0.01898523   -0.00466870   -0.01600961
  -18.83333333   -0.01902836   -0.00473838   -0.01602625
  -18.75000000   -0.01907185   -0.00480539   -0.01604299
  -18.66666667   -0.01911567   -0.00487009   -0.01605983
  -18.58333333   -0.01915984   -0.00493280   -0.01607675
  -18.50000000   -0.01920437   -0.00499383   -0.01609378
  -18.41666667   -0.01924924   -0.00505344   -0.01611091
  -18.33333333   -0.01929448   -0.00511182   -0.01612813
  -18.25000000   -0.01934007   -0.00516911   -0.01614546
  -18.16666667   -0.01938603   -0.00522542   -0.01616288
  -18.08333333   -0.01943235   -0.00528088   -0.01618041
  -18.00000000   -0.01947904   -0.00533562   -0.01619803
  -17.91666667   -0.01952610   -0.00538975   -0.01621577
  -17.83333333   -0.01957354   -0.00544338   -0.01623360
  -17.75000000   -0.01962136   -0.00549656   -0.01625154
  -17.66666667   -0.01966956   -0.00554933   -0.01626959
  -17.58333333   -0.01971814   -0.00560175   -0.01628775
  -17.50000000   -0.01976711   -0.00565387   -0.01630601
  -17.41666667   -0.01981647   -0.00570578   -0.01632438
  -17.33333333   -0.01986623   -0.00575753   -0.01634286
  -17.25000000   -0.01991639   -0.00580915   -0.01636145
  -17.16666667   -0.01996694   -0.00586065   -0.01638016
  -17.08333333   -0.02001790   -0.00591207   -0.01639897
  -17.00000000   -0.02006926   -0.00596343   -0.01641790
  -16.91666667   -0.02012104   -0.00601479   -0.01643695
  -16.83333333   -0.02017323   -0.00606618   -0.01645611
  -16.75000000   -0.02022583   -0.00611763   -0.01647539
  -16.66666667   -0.02027885   -0.00616915   -0.01649478
  -16.58333333   -0.02033230   -0.00622074   -0.01651430
  -16.50000000   -0.02038617   -0.00627243   -0.01653393
  -16.41666667   -0.02044047   -0.00632425   -0.01655369
  -16.33333333   -0.02049520   -0.00637623   -0.01657356
  -16.25000000   -0.02055036   -0.00642839   -0.01659357
  -16.16666667   -0.02060596   -0.00648075   -0.01661369
  -16.08333333   -0.02066200   -0.00653329   -0.01663394
  -16.00000000   -0.02071849   -0.00658604   -0.01665432
  -15.91666667   -0.02077542   -0.00663902   -0.01667483
  -15.83333333   -0.02083280   -0.00669225   -0.01669546
  -15.75000000   -0.02089062   -0.00674575   -0.01671623
  -15.66666667   -0.02094891   -0.00679954   -0.01673713
  -15.58333333   -0.02100765   -0.00685362   -0.01675816
  -15.50000000   -0.02106684   -0.00690798   -0.01677932
  -15.41666667   -0.02112650   -0.00696264   -0.01680062
  -15.33333333   -0.02118662   -0.00701763   -0.01682206
  -15.25000000   -0.02124721   -0.00707298   -0.01684364
  -15.16666667   -0.02130826   -0.00712868   -0.01686535
  -15.08333333   -0.02136979   -0.00718474   -0.01688721
  -15.00000000   -0.02143179   -0.00724117   -0.01690920
  -14.91666667   -0.02149426   -0.00729797   -0.01693134
  -14.83333333   -0.02155720   -0.00735516   -0.01695363
  -14.75000000   -0.02162063   -0.00741276   -0.01697606
  -14.66666667   -0.02168453   -0.00747079   -0.01699864
  -14.58333333   -0.02174892   -0.00752925   -0.01702137
  -14.50000000   -0.02181378   -0.00758815   -0.01704424
  -14.41666667   -0.02187913   -0.00764748   -0.01706727
  -14.33333333   -0.02194496   -0.00770726   -0.01709046
  -14.25000000   -0.02201127   -0.00776751   -0.01711379
  -14.16666667   -0.02207808   -0.00782826   -0.01713729
  -14.08333333   -0.02214536   -0.00788950   -0.01716094
  -14.00000000   -0.02221314   -0.00795124   -0.01718475
  -13.91666667   -0.02228139   -0.00801348   -0.01720873
  -13.83333333   -0.02235014   -0.00807623   -0.01723286
  -13.75000000   -0.02241937   -0.00813951   -0.01725717
  -13.66666667   -0.02248908   -0.00820334   -0.01728163
  -13.58333333   -0.02255928   -0.00826774   -0.01730627
  -13.50000000   -0.02262996   -0.00833269   -0.01733107
  -13.41666667   -0.02270113   -0.00839822   -0.01735605
  -13.33333333   -0.02277277   -0.00846431   -0.01738120
  -13.25000000   -0.02284489   -0.00853100   -0.01740652
  -13.16666667   -0.02291749   -0.00859830   -0.01743202
  -13.08333333   -0.02299055   -0.00866623   -0.01745770
  -13.00000000   -0.02306409   -0.00873478   -0.01748356
  -12.91666667   -0.02313810   -0.00880397   -0.01750960
  -12.83333333   -0.02321256   -0.00887380   -0.01753582
  -12.75000000   -0.02328749   -0.00894429   -0.01756223
  -12.66666667   -0.02336287   -0.00901545   -0.01758883
  -12.58333333   -0.02343870   -0.00908730   -0.01761562
  -12.50000000   -0.02351497   -0.00915985   -0.01764260
  -12.41666667   -0.02359168   -0.00923311   -0.01766977
  -12.33333333   -0.02366882   -0.00930708   -0.01769714
  -12.25000000   -0.02374638   -0.00938178   -0.01772471
  -12.16666667   -0.02382436   -0.00945721   -0.01775248
  -12.08333333   -0.02390275   -0.00953341   -0.01778045
  -12.00000000   -0.02398153   -0.00961039   -0.01780863
  -11.91666667   -0.02406071   -0.00968815   -0.01783701
  -11.83333333   -0.02414026   -0.00976669   -0.01786561
  -11.75000000   -0.02422019   -0.00984604   -0.01789441
  -11.66666667   -0.02430047   -0.00992620   -0.01792343
  -11.58333333   -0.02438109   -0.01000720   -0.01795266
  -11.50000000   -0.02446205   -0.01008906   -0.01798212
  -11.41666667   -0.02454332   -0.01017178   -0.01801179
  -11.33333333   -0.02462490   -0.01025537   -0.01804169
  -11.25000000   -0.02470676   -0.01033985   -0.01807181
  -11.16666667   -0.02478890   -0.01042522   -0.01810217
  -11.08333333   -0.02487128   -0.01051152   -0.01813275
  -11.00000000   -0.02495390   -0.01059876   -0.01816357
  -10.91666667   -0.02503674   -0.01068695   -0.01819463
  -10.83333333   -0.02511976   -0.01077611   -0.01822592
  -10.75000000   -0.02520296   -0.01086624   -0.01825746
  -10.66666667   -0.02528631   -0.01095737   -0.01828924
  -10.58333333   -0.02536977   -0.01104950   -0.01832127
  -10.50000000   -0.02545334   -0.01114267   -0.01835355
  -10.41666667   -0.02553697   -0.01123690   -0.01838609
  -10.33333333   -0.02562065   -0.01133219   -0.01841888
  -10.25000000   -0.02570433   -0.01142857   -0.01845194
  -10.16666667   -0.02578799   -0.01152603   -0.01848525
  -10.08333333   -0.02587160   -0.01162461   -0.01851884
  -10.00000000   -0.02595512   -0.01172433   -0.01855269
   -9.91666667   -0.02603851   -0.01182521   -0.01858681
   -9.83333333   -0.02612174   -0.01192728   -0.01862122
   -9.75000000   -0.02620475   -0.01203053   -0.01865590
   -9.66666667   -0.02628752   -0.01213500   -0.01869087
   -9.58333333   -0.02637000   -0.01224070   -0.01872612
   -9.50000000   -0.02645213   -0.01234765   -0.01876167
   -9.41666667   -0.02653387   -0.01245589   -0.01879751
   -9.33333333   -0.02661517   -0.01256543   -0.01883365
   -9.25000000   -0.02669598   -0.01267630   -0.01887009
   -9.16666667   -0.02677623   -0.01278851   -0.01890683
   -9.08333333   -0.02685587   -0.01290208   -0.01894389
   -9.00000000   -0.02693484   -0.01301704   -0.01898127
   -8.91666667   -0.02701306   -0.01313342   -0.01901896
   -8.83333333   -0.02709049   -0.01325125   -0.01905698
   -8.75000000   -0.02716703   -0.01337055   -0.01909532
   -8.66666667   -0.02724263   -0.01349134   -0.01913400
   -8.58333333   -0.02731720   -0.01361364   -0.01917301
   -8.50000000   -0.02739066   -0.01373748   -0.01921237
   -8.41666667   -0.02746293   -0.01386289   -0.01925207
   -8.33333333   -0.02753392   -0.01398992   -0.01929212
   -8.25000000   -0.02760354   -0.01411858   -0.01933254
   -8.16666667   -0.02767169   -0.01424890   -0.01937331
   -8.08333333   -0.02773828   -0.01438090   -0.01941445
   -8.00000000   -0.02780319   -0.01451462   -0.01945597
   -7.91666667   -0.02786633   -0.01465009   -0.01949787
   -7.83333333   -0.02792757   -0.01478735   -0.01954015
   -7.75000000   -0.02798680   -0.01492644   -0.01958282
   -7.66666667   -0.02804390   -0.01506738   -0.01962589
   -7.58333333   -0.02809873   -0.01521021   -0.01966937
   -7.50000000   -0.02815117   -0.01535495   -0.01971326
   -7.41666667   -0.02820108   -0.01550165   -0.01975756
   -7.33333333   -0.02824830   -0.01565035   -0.01980229
   -7.25000000   -0.02829270   -0.01580110   -0.01984746
   -7.16666667   -0.02833410   -0.01595392   -0.01989306
   -7.08333333   -0.02837235   -0.01610887   -0.01993911
   -7.00000000   -0.02840728   -0.01626596   -0.01998562
   -6.91666667   -0.02843870   -0.01642525   -0.02003260
   -6.83333333   -0.02846643   -0.01658679   -0.02008004
   -6.75000000   -0.02849028   -0.01675063   -0.02012798
   -6.66666667   -0.02851005   -0.01691681   -0.02017640
   -6.58333333   -0.02852552   -0.01708538   -0.02022533
   -6.50000000   -0.02853648   -0.01725638   -0.02027477
   -6.41666667   -0.02854269   -0.01742986   -0.02032474
   -6.33333333   -0.02854392   -0.01760587   -0.02037524
   -6.25000000   -0.02853992   -0.01778449   -0.02042629
   -6.16666667   -0.02853043   -0.01796576   -0.02047790
   -6.08333333   -0.02851517   -0.01814974   -0.02053008
   -6.00000000   -0.02849387   -0.01833648   -0.02058285
   -5.91666667   -0.02846623   -0.01852604   -0.02063622
   -5.83333333   -0.02843194   -0.01871848   -0.02069021
   -5.75000000   -0.02839067   -0.01891388   -0.02074484
   -5.66666667   -0.02834209   -0.01911231   -0.02080011
   -5.58333333   -0.02828584   -0.01931383   -0.02085605
   -5.50000000   -0.02822155   -0.01951850   -0.02091268
   -5.41666667   -0.02814883   -0.01972640   -0.02097002
   -5.33333333   -0.02806728   -0.01993761   -0.02102809
   -5.25000000   -0.02797645   -0.02015220   -0.02108691
   -5.16666667   -0.02787591   -0.02037026   -0.02114650
   -5.08333333   -0.02776517   -0.02059188   -0.02120690
   -5.00000000   -0.02764373   -0.02081714   -0.02126813
   -4.91666667   -0.02751107   -0.02104612   -0.02133022
   -4.83333333   -0.02736662   -0.02127892   -0.02139320
   -4.75000000   -0.02720981   -0.02151562   -0.02145710
   -4.66666667   -0.02704000   -0.02175633   -0.02152197
   -4.58333333   -0.02685653   -0.02200117   -0.02158784
   -4.50000000   -0.02665871   -0.02225024   -0.02165475
   -4.41666667   -0.02644578   -0.02250362   -0.02172276
   -4.33333333   -0.02621696   -0.02276144   -0.02179190
   -4.25000000   -0.02597140   -0.02302381   -0.02186224
   -4.16666667   -0.02570821   -0.02329085   -0.02193384
   -4.08333333   -0.02542642   -0.02356270   -0.02200674
   -4.00000000   -0.02512501   -0.02383947   -0.02208104
   -3.91666667   -0.02480288   -0.02412130   -0.02215680
   -3.83333333   -0.02445887   -0.02440831   -0.02223410
   -3.75000000   -0.02409171   -0.02470063   -0.02231304
   -3.66666667   -0.02370007   -0.02499840   -0.02239371
   -3.58333333   -0.02328251   -0.02530179   -0.02247622
   -3.50000000   -0.02283750   -0.02561094   -0.02256070
   -3.41666667   -0.02236340   -0.02592598   -0.02264727
   -3.33333333   -0.02185847   -0.02624706   -0.02273609
   -3.25000000   -0.02132086   -0.02657432   -0.02282731
   -3.16666667   -0.02074862   -0.02690790   -0.02292111
   -3.08333333   -0.02013972   -0.02724798   -0.02301769
   -3.00000000   -0.01949204   -0.02759468   -0.02311727
   -2.91666667   -0.01880343   -0.02794815   -0.02322010
   -2.83333333   -0.01807174   -0.02830850   -0.02332646
   -2.75000000   -0.01729490   -0.02867584   -0.02343665
   -2.66666667   -0.01647104   -0.02905028   -0.02355101
   -2.58333333   -0.01559859   -0.02943191   -0.02366994
   -2.50000000   -0.01467656   -0.02982081   -0.02379387
   -2.41666667   -0.01370483   -0.03021701   -0.02392329
   -2.33333333   -0.01268453   -0.03062050   -0.02405876
   -2.25000000   -0.01161869   -0.03103124   -0.02420091
   -2.16666667   -0.01051295   -0.03144912   -0.02435045
   -2.08333333   -0.00937667   -0.03187399   -0.02450819
   -2.00000000   -0.00822427   -0.03230564   -0.02467506
   -1.91666667   -0.00707693   -0.03274376   -0.02485212
   -1.83333333   -0.00596465   -0.03318791   -0.02504057
   -1.75000000   -0.00492851   -0.03363753   -0.02524181
   -1.66666667   -0.00402292   -0.03409190   -0.02545743
   -1.58333333   -0.00331710   -0.03455017   -0.02568927
   -1.50000000   -0.00289495   -0.03501128   -0.02593945
   -1.41666667   -0.00285175   -0.03547397   -0.02621042
   -1.33333333   -0.00328610   -0.03593667   -0.02650504
   -1.25000000   -0.00428611   -0.03639753   -0.02682660
   -1.16666667   -0.00591030   -0.03685437   -0.02717896
   -1.08333333   -0.00816705   -0.03730469   -0.02756658
   -1.00000000   -0.01099940   -0.03774564   -0.02799470
   -0.91666667   -0.01428260   -0.03817400   -0.02846940
   -0.83333333   -0.01783902   -0.03858616   -0.02899778
   -0.75000000   -0.02146717   -0.03897817   -0.02958812
   -0.66666667   -0.02497564   -0.03934574   -0.03025006
   -0.58333333   -0.02821047   -0.03968441   -0.03099474
   -0.50000000   -0.03106937   -0.03998969   -0.03183506
   -0.41666667   -0.03350213   -0.04025720   -0.03278573
   -0.33333333   -0.03550155   -0.04048282   -0.03386340
   -0.25000000   -0.03709059   -0.04066278   -0.03508658
   -0.16666667   -0.03830984   -0.04079388   -0.03647535
   -0.08333333   -0.03920758   -0.04087361   -0.03805064
    0.00000000   -0.03983304   -0.04090038   -0.03983304
    0.08333333   -0.04023236   -0.04087361   -0.04184071
    0.16666667   -0.04044656   -0.04079388   -0.04408628
    0.25000000   -0.04051094   -0.04066278   -0.04657254
    0.33333333   -0.04045512   -0.04048282   -0.04928689
    0.41666667   -0.04030359   -0.04025720   -0.05219509
    0.50000000   -0.04007636   -0.03998969   -0.05523553
    0.58333333   -0.03978967   -0.03968441   -0.05831598
    0.66666667   -0.03945662   -0.03934574   -0.06131555
    0.75000000   -0.03908773   -0.03897817   -0.06409402
    0.83333333   -0.03869147   -0.03858616   -0.06650874
    0.91666667   -0.03827461   -0.03817400   -0.06843644
    1.00000000   -0.03784259   -0.03774564   -0.06979385
    1.08333333   -0.03739973   -0.03730469   -0.07055066
    1.16666667   -0.03694954   -0.03685437   -0.07073070
    1.25000000   -0.03649480   -0.03639753   -0.07040201
    1.33333333   -0.03603774   -0.03593667   -0.06966025
    1.41666667   -0.03558015   -0.03547397   -0.06861107
    1.50000000   -0.03512345   -0.03501128   -0.06735590
    1.58333333   -0.03466880   -0.03455017   -0.06598295
    1.66666667   -0.03421710   -0.03409190   -0.06456324
    1.75000000   -0.03376908   -0.03363753   -0.06315023
    1.83333333   -0.03332532   -0.03318791   -0.06178177
    1.91666667   -0.03288626   -0.03274376   -0.06048281
    2.00000000   -0.03245226   -0.03230564   -0.05926836
    2.08333333   -0.03202360   -0.03187399   -0.05814608
    2.16666667   -0.03160050   -0.03144912   -0.05711850
    2.25000000   -0.03118310   -0.03103124   -0.05618465
    2.33333333   -0.03077153   -0.03062050   -0.05534131
    2.41666667   -0.03036587   -0.03021701   -0.05458392
    2.50000000   -0.02996618   -0.02982081   -0.05390720
    2.58333333   -0.02957249   -0.02943191   -0.05330560
    2.66666667   -0.02918480   -0.02905028   -0.05277353
    2.75000000   -0.02880312   -0.02867584   -0.05230557
    2.83333333   -0.02842744   -0.02830850   -0.05189657
    2.91666667   -0.02805772   -0.02794815   -0.05154167
    3.00000000   -0.02769394   -0.02759468   -0.05123636
    3.08333333   -0.02733606   -0.02724798   -0.05097646
    3.16666667   -0.02698402   -0.02690790   -0.05075812
    3.25000000   -0.02663779   -0.02657432   -0.05057776
    3.33333333   -0.02629731   -0.02624706   -0.05043208
    3.41666667   -0.02596252   -0.02592598   -0.05031801
    3.50000000   -0.02563336   -0.02561094   -0.05023269
    3.58333333   -0.02530978   -0.02530179   -0.05017342
    3.66666667   -0.02499170   -0.02499840   -0.05013764
    3.75000000   -0.02467907   -0.02470063   -0.05012290
    3.83333333   -0.02437183   -0.02440831   -0.05012682
    3.91666667   -0.02406990   -0.02412130   -0.05014708
    4.00000000   -0.02377322   -0.02383947   -0.05018135
    4.08333333   -0.02348172   -0.02356270   -0.05022729
    4.16666667   -0.02319534   -0.02329085   -0.05028249
    4.25000000   -0.02291400   -0.02302381   -0.05034447
    4.33333333   -0.02263765   -0.02276144   -0.05041060
    4.41666667   -0.02236621   -0.02250362   -0.05047810
    4.50000000   -0.02209961   -0.02225024   -0.05054393
    4.58333333   -0.02183779   -0.02200117   -0.05060483
    4.66666667   -0.02158067   -0.02175633   -0.05065717
    4.75000000   -0.02132820   -0.02151562   -0.05069695
    4.83333333   -0.02108030   -0.02127892   -0.05071972
    4.91666667   -0.02083690   -0.02104612   -0.05072044
    5.00000000   -0.02059794   -0.02081714   -0.05069347
    5.08333333   -0.02036335   -0.02059188   -0.05063240
    5.16666667   -0.02013307   -0.02037026   -0.05052995
    5.25000000   -0.01990702   -0.02015220   -0.05037784
    5.33333333   -0.01968514   -0.01993761   -0.05016659
    5.41666667   -0.01946737   -0.01972640   -0.04988538
    5.50000000   -0.01925364   -0.01951850   -0.04952182
    5.58333333   -0.01904388   -0.01931383   -0.04906169
    5.66666667   -0.01883804   -0.01911231   -0.04848874
    5.75000000   -0.01863604   -0.01891388   -0.04778431
    5.83333333   -0.01843782   -0.01871848   -0.04692708
    5.91666667   -0.01824333   -0.01852604   -0.04589269
    6.00000000   -0.01805249   -0.01833648   -0.04465334
    6.08333333   -0.01786524   -0.01814974   -0.04317752
    6.16666667   -0.01768154   -0.01796576   -0.04142958
    6.25000000   -0.01750130   -0.01778449   -0.03936947
    6.33333333   -0.01732448   -0.01760587   -0.03695261
    6.41666667   -0.01715102   -0.01742986   -0.03412987
    6.50000000   -0.01698085   -0.01725638   -0.03084784
    6.58333333   -0.01681392   -0.01708538   -0.02704966
    6.66666667   -0.01665017   -0.01691681   -0.02267629
    6.75000000   -0.01648955   -0.01675063   -0.01766857
    6.83333333   -0.01633199   -0.01658679   -0.01197045
    6.91666667   -0.01617745   -0.01642525   -0.00553334
    7.00000000   -0.01602586   -0.01626596    0.00167845
    7.08333333   -0.01587718   -0.01610887    0.00968043
    7.16666667   -0.01573135   -0.01595392    0.01846013
    7.25000000   -0.01558832   -0.01580110    0.02796893
    7.33333333   -0.01544803   -0.01565035    0.03811430
    7.41666667   -0.01531045   -0.01550165    0.04875480
    7.50000000   -0.01517551   -0.01535495    0.05969939
    7.58333333   -0.01504316   -0.01521021    0.07071201
    7.66666667   -0.01491337   -0.01506738    0.08152355
    7.75000000   -0.01478607   -0.01492644    0.09185021
    7.83333333   -0.01466123   -0.01478735    0.10141571
    7.91666667   -0.01453879   -0.01465009    0.10997515
    8.00000000   -0.01441871   -0.01451462    0.11733574
    8.08333333   -0.01430095   -0.01438090    0.12337054
    8.16666667   -0.01418546   -0.01424890    0.12802422
    8.25000000   -0.01407220   -0.01411858    0.13130948
    8.33333333   -0.01396113   -0.01398992    0.13329718
    8.41666667   -0.01385219   -0.01386289    0.13410169
    8.50000000   -0.01374536   -0.01373748    0.13386517
    8.58333333   -0.01364059   -0.01361364    0.13274300
    8.66666667   -0.01353784   -0.01349134    0.13089157
    8.75000000   -0.01343708   -0.01337055    0.12845954
    8.83333333   -0.01333826   -0.01325125    0.12558199
    8.91666667   -0.01324134   -0.01313342    0.12237740
    9.00000000   -0.01314629   -0.01301704    0.11894688
    9.08333333   -0.01305307   -0.01290208    0.11537434
    9.16666667   -0.01296165   -0.01278851    0.11172794
    9.25000000   -0.01287199   -0.01267630    0.10806206
    9.33333333   -0.01278406   -0.01256543    0.10441894
    9.41666667   -0.01269782   -0.01245589    0.10083074
    9.50000000   -0.01261324   -0.01234765    0.09732148
    9.58333333   -0.01253028   -0.01224070    0.09390827
    9.66666667   -0.01244892   -0.01213500    0.09060287
    9.75000000   -0.01236913   -0.01203053    0.08741289
    9.83333333   -0.01229086   -0.01192728    0.08434251
    9.91666667   -0.01221410   -0.01182521    0.08139339
   10.00000000   -0.01213881   -0.01172433    0.07856534
   10.08333333   -0.01206497   -0.01162461    0.07585665
   10.16666667   -0.01199254   -0.01152603    0.07326455
   10.25000000   -0.01192150   -0.01142857    0.07078562
   10.33333333   -0.01185181   -0.01133219    0.06841588
   10.41666667   -0.01178347   -0.01123690    0.06615101
   10.50000000   -0.01171642   -0.01114267    0.06398659
   10.58333333   -0.01165066   -0.01104950    0.06191807
   10.66666667   -0.01158616   -0.01095737    0.05994091
   10.75000000   -0.01152288   -0.01086624    0.05805069
   10.83333333   -0.01146082   -0.01077611    0.05624307
   10.91666667   -0.01139993   -0.01068695    0.05451382
   11.00000000   -0.01134021   -0.01059876    0.05285894
   11.08333333   -0.01128162   -0.01051152    0.05127457
   11.16666667   -0.01122415   -0.01042522    0.04975699
   11.25000000   -0.01116776   -0.01033985    0.04830275
   11.33333333   -0.01111246   -0.01025537    0.04690850
   11.41666667   -0.01105820   -0.01017178    0.04557109
   11.50000000   -0.01100497   -0.01008906    0.04428758
   11.58333333   -0.01095274   -0.01000720    0.04305515
   11.66666667   -0.01090151   -0.00992620    0.04187114
   11.75000000   -0.01085125   -0.00984604    0.04073310
   11.83333333   -0.01080194   -0.00976669    0.03963865
   11.91666667   -0.01075356   -0.00968815    0.03858557
   12.00000000   -0.01070610   -0.00961039    0.03757181
   12.08333333   -0.01065953   -0.00953341    0.03659538
   12.16666667   -0.01061384   -0.00945721    0.03565444
   12.25000000   -0.01056901   -0.00938178    0.03474727
   12.33333333   -0.01052503   -0.00930708    0.03387220
   12.41666667   -0.01048187   -0.00923311    0.03302770
   12.50000000   -0.01043953   -0.00915985    0.03221233
   12.58333333   -0.01039799   -0.00908730    0.03142469
   12.66666667   -0.01035722   -0.00901545    0.03066350
   12.75000000   -0.01031722   -0.00894429    0.02992755
   12.83333333   -0.01027798   -0.00887380    0.02921568
   12.91666667   -0.01023946   -0.00880397    0.02852680
   13.00000000   -0.01020168   -0.00873478    0.02785988
   13.08333333   -0.01016460   -0.00866623    0.02721396
   13.16666667   -0.01012821   -0.00859830    0.02658810
   13.25000000   -0.01009251   -0.00853100    0.02598146
   13.33333333   -0.01005747   -0.00846431    0.02539320
   13.41666667   -0.01002309   -0.00839822    0.02482255
   13.50000000   -0.00998935   -0.00833269    0.02426877
   13.58333333   -0.00995625   -0.00826774    0.02373116
   13.66666667   -0.00992376   -0.00820334    0.02320905
   13.75000000   -0.00989188   -0.00813951    0.02270183
   13.83333333   -0.00986059   -0.00807623    0.02220889
   13.91666667   -0.00982989   -0.00801348    0.02172966
   14.00000000   -0.00979976   -0.00795124    0.02126361
   14.08333333   -0.00977020   -0.00788950    0.02081023
   14.16666667   -0.00974118   -0.00782826    0.02036903
   14.25000000   -0.00971271   -0.00776751    0.01993954
   14.33333333   -0.00968476   -0.00770726    0.01952133
   14.41666667   -0.00965734   -0.00764748    0.01911397
   14.50000000   -0.00963043   -0.00758815    0.01871707
   14.58333333   -0.00960402   -0.00752925    0.01833025
   14.66666667   -0.00957810   -0.00747079    0.01795313
   14.75000000   -0.00955266   -0.00741276    0.01758538
   14.83333333   -0.00952770   -0.00735516    0.01722666
   14.91666667   -0.00950320   -0.00729797    0.01687665
   15.00000000   -0.00947916   -0.00724117    0.01653505
   15.08333333   -0.00945556   -0.00718474    0.01620158
   15.16666667   -0.00943240   -0.00712868    0.01587596
   15.25000000   -0.00940968   -0.00707298    0.01555792
   15.33333333   -0.00938738   -0.00701763    0.01524721
   15.41666667   -0.00936549   -0.00696264    0.01494359
   15.50000000   -0.00934401   -0.00690798    0.01464683
   15.58333333   -0.00932293   -0.00685362    0.01435670
   15.66666667   -0.00930225   -0.00679954    0.01407299
   15.75000000   -0.00928195   -0.00674575    0.01379550
   15.83333333   -0.00926202   -0.00669225    0.01352404
   15.91666667   -0.00924247   -0.00663902    0.01325840
   16.00000000   -0.00922328   -0.00658604    0.01299842
   16.08333333   -0.00920446   -0.00653329    0.01274392
   16.16666667   -0.00918598   -0.00648075    0.01249473
   16.25000000   -0.00916785   -0.00642839    0.01225070
   16.33333333   -0.00915005   -0.00637623    0.01201166
   16.41666667   -0.00913259   -0.00632425    0.01177748
   16.50000000   -0.00911546   -0.00627243    0.01154801
   16.58333333   -0.00909864   -0.00622074    0.01132311
   16.66666667   -0.00908214   -0.00616915    0.01110265
   16.75000000   -0.00906595   -0.00611763    0.01088651
   16.83333333   -0.00905006   -0.00606618    0.01067456
   16.91666667   -0.00903448   -0.00601479    0.01046668
   17.00000000   -0.00901918   -0.00596343    0.01026277
   17.08333333   -0.00900417   -0.00591207    0.01006271
   17.16666667   -0.00898945   -0.00586065    0.00986639
   17.25000000   -0.00897500   -0.00580915    0.00967372
   17.33333333   -0.00896082   -0.00575753    0.00948460
   17.41666667   -0.00894691   -0.00570578    0.00929893
   17.50000000   -0.00893326   -0.00565387    0.00911662
   17.58333333   -0.00891988   -0.00560175    0.00893758
   17.66666667   -0.00890674   -0.00554933    0.00876173
   17.75000000   -0.00889385   -0.00549656    0.00858898
   17.83333333   -0.00888121   -0.00544338    0.00841926
   17.91666667   -0.00886881   -0.00538975    0.00825249
   18.00000000   -0.00885665   -0.00533562    0.00808859
   18.08333333   -0.00884471   -0.00528088    0.00792749
   18.16666667   -0.00883301   -0.00522542    0.00776912
   18.25000000   -0.00882152   -0.00516911    0.00761342
   18.33333333   -0.00881026   -0.00511182    0.00746032
   18.41666667   -0.00879922   -0.00505344    0.00730975
   18.50000000   -0.00878838   -0.00499383    0.00716166
   18.58333333   -0.00877776   -0.00493280    0.00701598
   18.66666667   -0.00876734   -0.00487009    0.00687267
   18.75000000   -0.00875712   -0.00480539    0.00673165
   18.83333333   -0.00874709   -0.00473838    0.00659288
   18.91666667   -0.00873727   -0.00466870    0.00645632
   19.00000000   -0.00872763   -0.00459592    0.00632189
   19.08333333   -0.00871818   -0.00451951    0.00618956
   19.16666667   -0.00870892   -0.00443875    0.00605928
   19.25000000   -0.00869984   -0.00435275    0.00593100
   19.33333333   -0.00869093   -0.00426047    0.00580468
   19.41666667   -0.00868220   -0.00416069    0.00568028
   19.50000000   -0.00867365   -0.00405196    0.00555774
   19.58333333   -0.00866526   -0.00393259    0.00543704
   19.66666667   -0.00865704   -0.00380080    0.00531812
   19.75000000   -0.00864898   -0.00365509    0.00520096
   19.83333333   -0.00864108   -0.00349493    0.00508551
   19.91666667   -0.00863334   -0.00332142    0.00497174
   20.00000000   -0.00862576   -0.00313769    0.00485960
