  -20.00000000    0.07969111    0.04316518    0.00958368
  -19.91666667    0.08000614    0.04397819    0.00966322
  -19.83333333    0.08032377    0.04469424    0.00974352
  -19.75000000    0.08064403    0.04537085    0.00982461
  -19.66666667    0.08096696    0.04605498    0.00990649
  -19.58333333    0.08129258    0.04676819    0.00998917
  -19.50000000    0.08162093    0.04750476    0.01007266
  -19.41666667    0.08195204    0.04824184    0.01015699
  -19.33333333    0.08228595    0.04895516    0.01024215
  -19.25000000    0.08262269    0.04963182    0.01032816
  -19.16666667    0.08296229    0.05027459    0.01041503
  -19.08333333    0.08330478    0.05089694    0.01050278
  -19.00000000    0.08365022    0.05151328    0.01059141
  -18.91666667    0.08399862    0.05213041    0.01068095
  -18.83333333    0.08435003    0.05274486    0.01077140
  -18.75000000    0.08470448    0.05334681    0.01086278
  -18.66666667    0.08506202    0.05392722    0.01095510
  -18.58333333    0.08542267    0.05448370    0.01104837
  -18.50000000    0.08578649    0.05502167    0.01114261
  -18.41666667    0.08615350    0.05555060    0.01123784
  -18.33333333    0.08652374    0.05607819    0.01133407
  -18.25000000    0.08689728    0.05660617    0.01143132
  -18.16666667    0.08727413    0.05713014    0.01152959
  -18.08333333    0.08765434    0.05764324    0.01162891
  -18.00000000    0.08803796    0.05814101    0.01172929
  -17.91666667    0.08842503    0.05862435    0.01183075
  -17.83333333    0.08881558    0.05909891    0.01193331
  -17.75000000    0.08920968    0.05957152    0.01203698
  -17.66666667    0.08960736    0.06004607    0.01214178
  -17.58333333    0.09000867    0.06052157    0.01224772
  -17.50000000    0.09041366    0.06099328    0.01235484
  -17.41666667    0.09082237    0.06145622    0.01246314
  -17.33333333    0.09123485    0.06190857    0.01257264
  -17.25000000    0.09165115    0.06235289    0.01268337
  -17.16666667    0.09207133    0.06279445    0.01279534
  -17.08333333    0.09249543    0.06323799    0.01290857
  -17.00000000    0.09292350    0.06368488    0.01302309
  -16.91666667    0.09335560    0.06413258    0.01313891
  -16.83333333    0.09379177    0.06457660    0.01325606
  -16.75000000    0.09423209    0.06501363    0.01337456
  -16.66666667    0.09467660    0.06544373    0.01349443
  -16.58333333    0.09512534    0.06587034    0.01361569
  -16.50000000    0.09557839    0.06629809    0.01373838
  -16.41666667    0.09603580    0.06672988    0.01386251
  -16.33333333    0.09649762    0.06716527    0.01398810
  -16.25000000    0.09696392    0.06760093    0.01411518
  -16.16666667    0.09743477    0.06803304    0.01424379
  -16.08333333    0.09791020    0.06845982    0.01437393
  -16.00000000    0.09839030    0.06888275    0.01450565
  -15.91666667    0.09887513    0.06930564    0.01463897
  -15.83333333    0.09936475    0.06973219    0.01477391
  -15.75000000    0.09985922    0.07016370    0.01491051
  -15.66666667    0.10035862    0.07059843    0.01504879
  -15.58333333    0.10086300    0.07103283    0.01518880
  -15.50000000    0.10137245    0.07146397    0.01533054
  -15.41666667    0.10188702    0.07189151    0.01547406
  -15.33333333    0.10240679    0.07231795    0.01561940
  -15.25000000    0.10293183    0.07274701    0.01576657
  -15.16666667    0.10346222    0.07318129    0.01591563
  -15.08333333    0.10399803    0.07362073    0.01606660
  -15.00000000    0.10453933    0.07406270    0.01621951
  -14.91666667    0.10508620    0.07450386    0.01637441
  -14.83333333    0.10563873    0.07494237    0.01653133
  -14.75000000    0.10619698    0.07537915    0.01669031
  -14.66666667    0.10676104    0.07581728    0.01685139
  -14.58333333    0.10733100    0.07626007    0.01701461
  -14.50000000    0.10790692    0.07670897    0.01718001
  -14.41666667    0.10848890    0.07716271    0.01734763
  -14.33333333    0.10907704    0.07761824    0.01751752
  -14.25000000    0.10967139    0.07807274    0.01768972
  -14.16666667    0.11027207    0.07852556    0.01786427
  -14.08333333    0.11087916    0.07897860    0.01804124
  -14.00000000    0.11149275    0.07943521    0.01822065
  -13.91666667    0.11211293    0.07989799    0.01840256
  -13.83333333    0.11273980    0.08036720    0.01858703
  -13.75000000    0.11337344    0.08084066    0.01877410
  -13.66666667    0.11401396    0.08131526    0.01896382
  -13.58333333    0.11466147    0.08178898    0.01915626
  -13.50000000    0.11531604    0.08226231    0.01935147
  -13.41666667    0.11597778    0.08273792    0.01954950
  -13.33333333    0.11664682    0.08321902    0.01975043
  -13.25000000    0.11732322    0.08370730    0.01995430
  -13.16666667    0.11800711    0.08420191    0.02016117
  -13.08333333    0.11869860    0.08470008    0.02037113
  -13.00000000    0.11939778    0.08519896    0.02058422
  -12.91666667    0.12010477    0.08569752    0.02080053
  -12.83333333    0.12081968    0.08619730    0.02102012
  -12.75000000    0.12154262    0.08670142    0.02124305
  -12.66666667    0.12227371    0.08721263    0.02146942
  -12.58333333    0.12301306    0.08773159    0.02169929
  -12.50000000    0.12376077    0.08825648    0.02193274
  -12.41666667    0.12451698    0.08878427    0.02216986
  -12.33333333    0.12528181    0.08931268    0.02241073
  -12.25000000    0.12605536    0.08984176    0.02265543
  -12.16666667    0.12683776    0.09037393    0.02290406
  -12.08333333    0.12762915    0.09091240    0.02315670
  -12.00000000    0.12842962    0.09145923    0.02341346
  -11.91666667    0.12923931    0.09201399    0.02367441
  -11.83333333    0.13005836    0.09257412    0.02393969
  -11.75000000    0.13088687    0.09313664    0.02420937
  -11.66666667    0.13172498    0.09370011    0.02448357
  -11.58333333    0.13257283    0.09426566    0.02476240
  -11.50000000    0.13343052    0.09483633    0.02504598
  -11.41666667    0.13429820    0.09541513    0.02533442
  -11.33333333    0.13517600    0.09600318    0.02562784
  -11.25000000    0.13606404    0.09659903    0.02592637
  -11.16666667    0.13696246    0.09719965    0.02623015
  -11.08333333    0.13787139    0.09780243    0.02653930
  -11.00000000    0.13879095    0.09840696    0.02685396
  -10.91666667    0.13972127    0.09901536    0.02717428
  -10.83333333    0.14066250    0.09963099    0.02750041
  -10.75000000    0.14161474    0.10025635    0.02783250
  -10.66666667    0.14257814    0.10089150    0.02817071
  -10.58333333    0.14355283    0.10153410    0.02851521
  -10.50000000    0.14453892    0.10218094    0.02886616
  -10.41666667    0.14553653    0.10283012    0.02922375
  -10.33333333    0.14654582    0.10348232    0.02958816
  -10.25000000    0.14756686    0.10414050    0.02995958
  -10.16666667    0.14859980    0.10480802    0.03033820
  -10.08333333    0.14964475    0.10548658    0.03072425
  -10.00000000    0.15070182    0.10617514    0.03111791
   -9.91666667    0.15177111    0.10687067    0.03151942
   -9.83333333    0.15285275    0.10757015    0.03192902
   -9.75000000    0.15394680    0.10827259    0.03234693
   -9.66666667    0.15505338    0.10897983    0.03277340
   -9.58333333    0.15617258    0.10969537    0.03320871
   -9.50000000    0.15730447    0.11042227    0.03365310
   -9.41666667    0.15844912    0.11116119    0.03410686
   -9.33333333    0.15960663    0.11191004    0.03457030
   -9.25000000    0.16077702    0.11266537    0.03504370
   -9.16666667    0.16196036    0.11342469    0.03552739
   -9.08333333    0.16315669    0.11418815    0.03602169
   -9.00000000    0.16436603    0.11495859    0.03652695
   -8.91666667    0.16558839    0.11573982    0.03704353
   -8.83333333    0.16682380    0.11653420    0.03757181
   -8.75000000    0.16807222    0.11734125    0.03811217
   -8.66666667    0.16933363    0.11815794    0.03866503
   -8.58333333    0.17060801    0.11898075    0.03923082
   -8.50000000    0.17189526    0.11980802    0.03980997
   -8.41666667    0.17319533    0.12064117    0.04040297
   -8.33333333    0.17450812    0.12148387    0.04101031
   -8.25000000    0.17583347    0.12233983    0.04163248
   -8.16666667    0.17717126    0.12321047    0.04227005
   -8.08333333    0.17852133    0.12409404    0.04292358
   -8.00000000    0.17988343    0.12498684    0.04359365
   -7.91666667    0.18125737    0.12588564    0.04428090
   -7.83333333    0.18264285    0.12678990    0.04498598
   -7.75000000    0.18403959    0.12770229    0.04570958
   -7.66666667    0.18544726    0.12862706    0.04645243
   -7.58333333    0.18686545    0.12956745    0.04721530
   -7.50000000    0.18829378    0.13052365    0.04799899
   -7.41666667    0.18973176    0.13149270    0.04880435
   -7.33333333    0.19117888    0.13247050    0.04963229
   -7.25000000    0.19263459    0.13345449    0.05048375
   -7.16666667    0.19409827    0.13444550    0.05135974
   -7.08333333    0.19556923    0.13544735    0.05226131
   -7.00000000    0.19704675    0.13646450    0.05318961
   -6.91666667    0.19853004    0.13749933    0.05414581
   -6.83333333    0.20001821    0.13855056    0.05513118
   -6.75000000    0.20151035    0.13961419    0.05614707
   -6.66666667    0.20300545    0.14068606    0.05719491
   -6.58333333    0.20450240    0.14176469    0.05827620
   -6.50000000    0.20600005    0.14285238    0.05939259
   -6.41666667    0.20749715    0.14395388    0.06054579
   -6.33333333    0.20899234    0.14507345    0.06173763
   -6.25000000    0.21048422    0.14621217    0.06297011
   -6.16666667    0.21197125    0.14736719    0.06424531
   -6.08333333    0.21345180    0.14853364    0.06556549
   -6.00000000    0.21492417    0.14970775    0.06693309
   -5.91666667    0.21638654    0.15088943    0.06835069
   -5.83333333    0.21783698    0.15208247    0.06982108
   -5.75000000    0.21927349    0.15329222    0.07134728
   -5.66666667    0.22069394    0.15452219    0.07293254
   -5.58333333    0.22209611    0.15577174    0.07458036
   -5.50000000    0.22347769    0.15703638    0.07629453
   -5.41666667    0.22483628    0.15831066    0.07807917
   -5.33333333    0.22616936    0.15959161    0.07993871
   -5.25000000    0.22747440    0.16088079    0.08187804
   -5.16666667    0.22874874    0.16218333    0.08390242
   -5.08333333    0.22998967    0.16350464    0.08601760
   -5.00000000    0.23119447    0.16484682    0.08822990
   -4.91666667    0.23236036    0.16620706    0.09054623
   -4.83333333    0.23348457    0.16757919    0.09297416
   -4.75000000    0.23456434    0.16895745    0.09552204
   -4.66666667    0.23559695    0.17034007    0.09819910
   -4.58333333    0.23657976    0.17173031    0.10101548
   -4.50000000    0.23751024    0.17313421    0.10398251
   -4.41666667    0.23838600    0.17455646    0.10711274
   -4.33333333    0.23920484    0.17599684    0.11042015
   -4.25000000    0.23996481    0.17744975    0.11392043
   -4.16666667    0.24066424    0.17890720    0.11763114
   -4.08333333    0.24130180    0.18036331    0.12157201
   -4.00000000    0.24187657    0.18181760    0.12576543
   -3.91666667    0.24238810    0.18327472    0.13023669
   -3.83333333    0.24283646    0.18474072    0.13501461
   -3.75000000    0.24322233    0.18621813    0.14013211
   -3.66666667    0.24354704    0.18770297    0.14562697
   -3.58333333    0.24381267    0.18918576    0.15154278
   -3.50000000    0.24402208    0.19065602    0.15792996
   -3.41666667    0.24417896    0.19210739    0.16484729
   -3.33333333    0.24428791    0.19354007    0.17236356
   -3.25000000    0.24435441    0.19495879    0.18055973
   -3.16666667    0.24438491    0.19636739    0.18953173
   -3.08333333    0.24438673    0.19776340    0.19939397
   -3.00000000    0.24436807    0.19913604    0.21028370
   -2.91666667    0.24433790    0.20046923    0.22236693
   -2.83333333    0.24430580    0.20174768    0.23584600
   -2.75000000    0.24428181    0.20296227    0.25096927
   -2.66666667    0.24427609    0.20411095    0.26804455
   -2.58333333    0.24429858    0.20519431    0.28745647
   -2.50000000    0.24435849    0.20620816    0.30968975
   -2.41666667    0.24446370    0.20713790    0.33536111
   -2.33333333    0.24461996    0.20795819    0.36526146
   -2.25000000    0.24482991    0.20863850    0.40041182
   -2.16666667    0.24509190    0.20915094    0.44213643
   -2.08333333    0.24539851    0.20947521    0.49215007
   -2.00000000    0.24573487    0.20959693    0.55264558
   -1.91666667    0.24607657    0.20949954    0.62633137
   -1.83333333    0.24638731    0.20915455    0.71626416
   -1.75000000    0.24661626    0.20851599    0.82508671
   -1.66666667    0.24669516    0.20752295    0.95275939
   -1.58333333    0.24653524    0.20610882    1.09116405
   -1.50000000    0.24602429    0.20421140    1.21458161
   -1.41666667    0.24502410    0.20177674    1.27269594
   -1.33333333    0.24336885    0.19875319    1.20973437
   -1.25000000    0.24086498    0.19507829    1.01948525
   -1.16666667    0.23729351    0.19066643    0.76733470
   -1.08333333    0.23241574    0.18540606    0.53110842
   -1.00000000    0.22598302    0.17917005    0.34808239
   -0.91666667    0.21775168    0.17183502    0.21961961
   -0.83333333    0.20750258    0.16329908    0.13363193
   -0.75000000    0.19506481    0.15348705    0.07735580
   -0.66666667    0.18034101    0.14233913    0.04104321
   -0.58333333    0.16333078    0.12979020    0.01801300
   -0.50000000    0.14414787    0.11575527    0.00385944
   -0.41666667    0.12302651    0.10013781   -0.00429552
   -0.33333333    0.10031420    0.08286826   -0.00833876
   -0.25000000    0.07645004    0.06396479   -0.00951890
   -0.16666667    0.05193159    0.04359366   -0.00867147
   -0.08333333    0.02727505    0.02210162   -0.00636171
    0.00000000    0.00297561    0.00000000    0.00297561
    0.08333333   -0.02052627   -0.02210162   -0.00122143
    0.16666667   -0.04286837   -0.04359366   -0.00604637
    0.25000000   -0.06377860   -0.06396479   -0.01137322
    0.33333333   -0.08307606   -0.08286826   -0.01711612
    0.41666667   -0.10066372   -0.10013781   -0.02321779
    0.50000000   -0.11651592   -0.11575527   -0.02964169
    0.58333333   -0.13066331   -0.12979020   -0.03636645
    0.66666667   -0.14317795   -0.14233913   -0.04338206
    0.75000000   -0.15415962   -0.15348705   -0.05068709
    0.83333333   -0.16372453   -0.16329908   -0.05828677
    0.91666667   -0.17199634   -0.17183502   -0.06619151
    1.00000000   -0.17909954   -0.17917005   -0.07441584
    1.08333333   -0.18515490   -0.18540606   -0.08297766
    1.16666667   -0.19027645   -0.19066643   -0.09189752
    1.25000000   -0.19456983   -0.19507829   -0.10119824
    1.33333333   -0.19813140   -0.19875319   -0.11090429
    1.41666667   -0.20104817   -0.20177674   -0.12104145
    1.50000000   -0.20339800   -0.20421140   -0.13163637
    1.58333333   -0.20525010   -0.20610882   -0.14271599
    1.66666667   -0.20666577   -0.20752295   -0.15430699
    1.75000000   -0.20769905   -0.20851599   -0.16643517
    1.83333333   -0.20839751   -0.20915455   -0.17912448
    1.91666667   -0.20880292   -0.20949954   -0.19239608
    2.00000000   -0.20895193   -0.20959693   -0.20626717
    2.08333333   -0.20887670   -0.20947521   -0.22074940
    2.16666667   -0.20860543   -0.20915094   -0.23584732
    2.25000000   -0.20816286   -0.20863850   -0.25155613
    2.33333333   -0.20757071   -0.20795819   -0.26785964
    2.41666667   -0.20684804   -0.20713790   -0.28472759
    2.50000000   -0.20601164   -0.20620816   -0.30211273
    2.58333333   -0.20507624   -0.20519431   -0.31994814
    2.66666667   -0.20405485   -0.20411095   -0.33814423
    2.75000000   -0.20295894   -0.20296227   -0.35658583
    2.83333333   -0.20179863   -0.20174768   -0.37513031
    2.91666667   -0.20058285   -0.20046923   -0.39360602
    3.00000000   -0.19931953   -0.19913604   -0.41181194
    3.08333333   -0.19801567   -0.19776340   -0.42951945
    3.16666667   -0.19667749   -0.19636739   -0.44647560
    3.25000000   -0.19531052   -0.19495879   -0.46240878
    3.33333333   -0.19391964   -0.19354007   -0.47703716
    3.41666667   -0.19250920   -0.19210739   -0.49007906
    3.50000000   -0.19108310   -0.19065602   -0.50126519
    3.58333333   -0.18964476   -0.18918576   -0.51035227
    3.66666667   -0.18819726   -0.18770297   -0.51713629
    3.75000000   -0.18674334   -0.18621813   -0.52146454
    3.83333333   -0.18528543   -0.18474072   -0.52324528
    3.91666667   -0.18382569   -0.18327472   -0.52245354
    4.00000000   -0.18236606   -0.18181760   -0.51913267
    4.08333333   -0.18090826   -0.18036331   -0.51339139
    4.16666667   -0.17945381   -0.17890720   -0.50539672
    4.25000000   -0.17800408   -0.17744975   -0.49536339
    4.33333333   -0.17656027   -0.17599684   -0.48354152
    4.41666667   -0.17512345   -0.17455646   -0.47020315
    4.50000000   -0.17369458   -0.17313421   -0.45562891
    4.58333333   -0.17227448   -0.17173031   -0.44009677
    4.66666667   -0.17086391   -0.17034007   -0.42387215
    4.75000000   -0.16946350   -0.16895745   -0.40720024
    4.83333333   -0.16807383   -0.16757919   -0.39030155
    4.91666667   -0.16669540   -0.16620706   -0.37336891
    5.00000000   -0.16532863   -0.16484682   -0.35656618
    5.08333333   -0.16397390   -0.16350464   -0.34002944
    5.16666667   -0.16263153   -0.16218333   -0.32386825
    5.25000000   -0.16130178   -0.16088079   -0.30816772
    5.33333333   -0.15998488   -0.15959161   -0.29299180
    5.41666667   -0.15868103   -0.15831066   -0.27838578
    5.50000000   -0.15739037   -0.15703638   -0.26437888
    5.58333333   -0.15611302   -0.15577174   -0.25098744
    5.66666667   -0.15484908   -0.15452219   -0.23821704
    5.75000000   -0.15359860   -0.15329222   -0.22606446
    5.83333333   -0.15236164   -0.15208247   -0.21452000
    5.91666667   -0.15113821   -0.15088943   -0.20356881
    6.00000000   -0.14992830   -0.14970775   -0.19319209
    6.08333333   -0.14873190   -0.14853364   -0.18336855
    6.16666667   -0.14754899   -0.14736719   -0.17407511
    6.25000000   -0.14637951   -0.14621217   -0.16528749
    6.33333333   -0.14522340   -0.14507345   -0.15698107
    6.41666667   -0.14408061   -0.14395388   -0.14913123
    6.50000000   -0.14295103   -0.14285238   -0.14171347
    6.58333333   -0.14183459   -0.14176469   -0.13470402
    6.66666667   -0.14073119   -0.14068606   -0.12807985
    6.75000000   -0.13964072   -0.13961419   -0.12181868
    6.83333333   -0.13856307   -0.13855056   -0.11589932
    6.91666667   -0.13749814   -0.13749933   -0.11030158
    7.00000000   -0.13644578   -0.13646450   -0.10500621
    7.08333333   -0.13540589   -0.13544735   -0.09999509
    7.16666667   -0.13437833   -0.13444550   -0.09525113
    7.25000000   -0.13336297   -0.13345449   -0.09075815
    7.33333333   -0.13235968   -0.13247050   -0.08650102
    7.41666667   -0.13136832   -0.13149270   -0.08246553
    7.50000000   -0.13038874   -0.13052365   -0.07863831
    7.58333333   -0.12942081   -0.12956745   -0.07500686
    7.66666667   -0.12846440   -0.12862706   -0.07155951
    7.75000000   -0.12751935   -0.12770229   -0.06828526
    7.83333333   -0.12658552   -0.12678990   -0.06517389
    7.91666667   -0.12566278   -0.12588564   -0.06221581
    8.00000000   -0.12475097   -0.12498684   -0.05940204
    8.08333333   -0.12384996   -0.12409404   -0.05672423
    8.16666667   -0.12295960   -0.12321047   -0.05417448
    8.25000000   -0.12207976   -0.12233983   -0.05174553
    8.33333333   -0.12121028   -0.12148387   -0.04943047
    8.41666667   -0.12035102   -0.12064117   -0.04722288
    8.50000000   -0.11950187   -0.11980802   -0.04511679
    8.58333333   -0.11866266   -0.11898075   -0.04310654
    8.66666667   -0.11783325   -0.11815794   -0.04118686
    8.75000000   -0.11701352   -0.11734125   -0.03935284
    8.83333333   -0.11620333   -0.11653420   -0.03759985
    8.91666667   -0.11540254   -0.11573982   -0.03592352
    9.00000000   -0.11461102   -0.11495859   -0.03431981
    9.08333333   -0.11382865   -0.11418815   -0.03278491
    9.16666667   -0.11305527   -0.11342469   -0.03131519
    9.25000000   -0.11229079   -0.11266537   -0.02990733
    9.33333333   -0.11153505   -0.11191004   -0.02855815
    9.41666667   -0.11078793   -0.11116119   -0.02726465
    9.50000000   -0.11004933   -0.11042227   -0.02602407
    9.58333333   -0.10931910   -0.10969537   -0.02483375
    9.66666667   -0.10859713   -0.10897983   -0.02369121
    9.75000000   -0.10788330   -0.10827259   -0.02259412
    9.83333333   -0.10717750   -0.10757015   -0.02154028
    9.91666667   -0.10647959   -0.10687067   -0.02052760
   10.00000000   -0.10578948   -0.10617514   -0.01955415
   10.08333333   -0.10510705   -0.10548658   -0.01861805
   10.16666667   -0.10443218   -0.10480802   -0.01771755
   10.25000000   -0.10376478   -0.10414050   -0.01685103
   10.33333333   -0.10310472   -0.10348232   -0.01601692
   10.41666667   -0.10245190   -0.10283012   -0.01521372
   10.50000000   -0.10180623   -0.10218094   -0.01444007
   10.58333333   -0.10116759   -0.10153410   -0.01369463
   10.66666667   -0.10053588   -0.10089150   -0.01297614
   10.75000000   -0.09991100   -0.10025635   -0.01228344
   10.83333333   -0.09929287   -0.09963099   -0.01161539
   10.91666667   -0.09868136   -0.09901536   -0.01097093
   11.00000000   -0.09807640   -0.09840696   -0.01034905
   11.08333333   -0.09747789   -0.09780243   -0.00974878
   11.16666667   -0.09688574   -0.09719965   -0.00916922
   11.25000000   -0.09629985   -0.09659903   -0.00860950
   11.33333333   -0.09572014   -0.09600318   -0.00806881
   11.41666667   -0.09514651   -0.09541513   -0.00754635
   11.50000000   -0.09457888   -0.09483633   -0.00704138
   11.58333333   -0.09401718   -0.09426566   -0.00655321
   11.66666667   -0.09346129   -0.09370011   -0.00608114
   11.75000000   -0.09291117   -0.09313664   -0.00562455
   11.83333333   -0.09236671   -0.09257412   -0.00518282
   11.91666667   -0.09182783   -0.09201399   -0.00475536
   12.00000000   -0.09129447   -0.09145923   -0.00434163
   12.08333333   -0.09076654   -0.09091240   -0.00394110
   12.16666667   -0.09024397   -0.09037393   -0.00355325
   12.25000000   -0.08972667   -0.08984176   -0.00317761
   12.33333333   -0.08921459   -0.08931268   -0.00281372
   12.41666667   -0.08870764   -0.08878427   -0.00246113
   12.50000000   -0.08820575   -0.08825648   -0.00211943
   12.58333333   -0.08770887   -0.08773159   -0.00178821
   12.66666667   -0.08721690   -0.08721263   -0.00146710
   12.75000000   -0.08672979   -0.08670142   -0.00115572
   12.83333333   -0.08624748   -0.08619730   -0.00085372
   12.91666667   -0.08576988   -0.08569752   -0.00056077
   13.00000000   -0.08529695   -0.08519896   -0.00027654
   13.08333333   -0.08482862   -0.08470008   -0.00000073
   13.16666667   -0.08436482   -0.08420191    0.00026696
   13.25000000   -0.08390550   -0.08370730    0.00052681
   13.33333333   -0.08345060   -0.08321902    0.00077909
   13.41666667   -0.08300004   -0.08273792    0.00102407
   13.50000000   -0.08255378   -0.08226231    0.00126199
   13.58333333   -0.08211177   -0.08178898    0.00149309
   13.66666667   -0.08167392   -0.08131526    0.00171761
   13.75000000   -0.08124022   -0.08084066    0.00193575
   13.83333333   -0.08081058   -0.08036720    0.00214774
   13.91666667   -0.08038495   -0.07989799    0.00235378
   14.00000000   -0.07996330   -0.07943521    0.00255406
   14.08333333   -0.07954556   -0.07897860    0.00274877
   14.16666667   -0.07913167   -0.07852556    0.00293810
   14.25000000   -0.07872160   -0.07807274    0.00312221
   14.33333333   -0.07831530   -0.07761824    0.00330127
   14.41666667   -0.07791270   -0.07716271    0.00347544
   14.50000000   -0.07751377   -0.07670897    0.00364488
   14.58333333   -0.07711846   -0.07626007    0.00380973
   14.66666667   -0.07672672   -0.07581728    0.00397015
   14.75000000   -0.07633850   -0.07537915    0.00412626
   14.83333333   -0.07595377   -0.07494237    0.00427820
   14.91666667   -0.07557247   -0.07450386    0.00442610
   15.00000000   -0.07519456   -0.07406270    0.00457008
   15.08333333   -0.07482001   -0.07362073    0.00471026
   15.16666667   -0.07444875   -0.07318129    0.00484676
   15.25000000   -0.07408077   -0.07274701    0.00497968
   15.33333333   -0.07371601   -0.07231795    0.00510913
   15.41666667   -0.07335443   -0.07189151    0.00523522
   15.50000000   -0.07299601   -0.07146397    0.00535804
   15.58333333   -0.07264068   -0.07103283    0.00547770
   15.66666667   -0.07228842   -0.07059843    0.00559427
   15.75000000   -0.07193920   -0.07016370    0.00570786
   15.83333333   -0.07159297   -0.06973219    0.00581854
   15.91666667   -0.07124968   -0.06930564    0.00592641
   16.00000000   -0.07090933   -0.06888275    0.00603154
   16.08333333   -0.07057185   -0.06845982    0.00613401
   16.16666667   -0.07023723   -0.06803304    0.00623389
   16.25000000   -0.06990541   -0.06760093    0.00633126
   16.33333333   -0.06957638   -0.06716527    0.00642619
   16.41666667   -0.06925010   -0.06672988    0.00651874
   16.50000000   -0.06892653   -0.06629809    0.00660899
   16.58333333   -0.06860564   -0.06587034    0.00669699
   16.66666667   -0.06828740   -0.06544373    0.00678281
   16.75000000   -0.06797178   -0.06501363    0.00686650
   16.83333333   -0.06765875   -0.06457660    0.00694813
   16.91666667   -0.06734828   -0.06413258    0.00702775
   17.00000000   -0.06704033   -0.06368488    0.00710542
   17.08333333   -0.06673487   -0.06323799    0.00718118
   17.16666667   -0.06643189   -0.06279445    0.00725508
   17.25000000   -0.06613135   -0.06235289    0.00732719
   17.33333333   -0.06583321   -0.06190857    0.00739754
   17.41666667   -0.06553747   -0.06145622    0.00746617
   17.50000000   -0.06524407   -0.06099328    0.00753315
   17.58333333   -0.06495301   -0.06052157    0.00759850
   17.66666667   -0.06466425   -0.06004607    0.00766227
   17.75000000   -0.06437776   -0.05957152    0.00772450
   17.83333333   -0.06409352   -0.05909891    0.00778524
   17.91666667   -0.06381151   -0.05862435    0.00784451
   18.00000000   -0.06353169   -0.05814101    0.00790236
   18.08333333   -0.06325405   -0.05764324    0.00795882
   18.16666667   -0.06297856   -0.05713014    0.00801393
   18.25000000   -0.06270519   -0.05660617    0.00806772
   18.33333333   -0.06243393   -0.05607819    0.00812022
   18.41666667   -0.06216475   -0.05555060    0.00817147
   18.50000000   -0.06189762   -0.05502167    0.00822150
   18.58333333   -0.06163252   -0.05448370    0.00827034
   18.66666667   -0.06136944   -0.05392722    0.00831801
   18.75000000   -0.06110834   -0.05334681    0.00836455
   18.83333333   -0.06084921   -0.05274486    0.00840999
   18.91666667   -0.06059202   -0.05213041    0.00845434
   19.00000000   -0.06033676   -0.05151328    0.00849764
   19.08333333   -0.06008340   -0.05089694    0.00853992
   19.16666667   -0.05983192   -0.05027459    0.00858119
   19.25000000   -0.05958231   -0.04963182    0.00862148
   19.33333333   -0.05933453   -0.04895516    0.00866082
   19.41666667   -0.05908858   -0.04824184    0.00869922
   19.50000000   -0.05884443   -0.04750476    0.00873671
   19.58333333   -0.05860207   -0.04676819    0.00877332
   19.66666667   -0.05836147   -0.04605498    0.00880905
   19.75000000   -0.05812261   -0.04537085    0.00884394
   19.83333333   -0.05788548   -0.04469424    0.00887800
   19.91666667   -0.05765007   -0.04397819    0.00891125
   20.00000000   -0.05741634   -0.04316518    0.00894371
