  -20.00000000    0.04611301    0.04317319    0.00189737
  -19.91666667    0.04639031    0.04406254    0.00186085
  -19.83333333    0.04667007    0.04486986    0.00182422
  -19.75000000    0.04695233    0.04563955    0.00178748
  -19.66666667    0.04723712    0.04640851    0.00175062
  -19.58333333    0.04752447    0.04719403    0.00171366
  -19.50000000    0.04781443    0.04799181    0.00167659
  -19.41666667    0.04810701    0.04878367    0.00163941
  -19.33333333    0.04840226    0.04954995    0.00160213
  -19.25000000    0.04870023    0.05027990    0.00156475
  -19.16666667    0.04900093    0.05097547    0.00152726
  -19.08333333    0.04930441    0.05164771    0.00148968
  -19.00000000    0.04961071    0.05230894    0.00145199
  -18.91666667    0.04991987    0.05296568    0.00141421
  -18.83333333    0.05023192    0.05361607    0.00137634
  -18.75000000    0.05054691    0.05425264    0.00133838
  -18.66666667    0.05086488    0.05486798    0.00130033
  -18.58333333    0.05118587    0.05545977    0.00126219
  -18.50000000    0.05150992    0.05603209    0.00122397
  -18.41666667    0.05183708    0.05659277    0.00118566
  -18.33333333    0.05216739    0.05714870    0.00114728
  -18.25000000    0.05250090    0.05770220    0.00110883
  -18.16666667    0.05283765    0.05825042    0.00107030
  -18.08333333    0.05317768    0.05878803    0.00103170
  -18.00000000    0.05352105    0.05931107    0.00099303
  -17.91666667    0.05386781    0.05981976    0.00095430
  -17.83333333    0.05421800    0.06031836    0.00091552
  -17.75000000    0.05457168    0.06081264    0.00087668
  -17.66666667    0.05492890    0.06130646    0.00083779
  -17.58333333    0.05528969    0.06179981    0.00079885
  -17.50000000    0.05565414    0.06228938    0.00075987
  -17.41666667    0.05602229    0.06277107    0.00072085
  -17.33333333    0.05639418    0.06324289    0.00068180
  -17.25000000    0.05676989    0.06370634    0.00064272
  -17.16666667    0.05714947    0.06416551    0.00060361
  -17.08333333    0.05753297    0.06462456    0.00056449
  -17.00000000    0.05792046    0.06508536    0.00052536
  -16.91666667    0.05831201    0.06554657    0.00048622
  -16.83333333    0.05870765    0.06600484    0.00044708
  -16.75000000    0.05910749    0.06645720    0.00040795
  -16.66666667    0.05951156    0.06690310    0.00036882
  -16.58333333    0.05991993    0.06734477    0.00032972
  -16.50000000    0.06033269    0.06778589    0.00029065
  -16.41666667    0.06074990    0.06822933    0.00025161
  -16.33333333    0.06117161    0.06867548    0.00021261
  -16.25000000    0.06159792    0.06912226    0.00017366
  -16.16666667    0.06202890    0.06956664    0.00013477
  -16.08333333    0.06246460    0.07000672    0.00009595
  -16.00000000    0.06290513    0.07044302    0.00005720
  -15.91666667    0.06335055    0.07087816    0.00001854
  -15.83333333    0.06380096    0.07131527   -0.00002002
  -15.75000000    0.06425641    0.07175603   -0.00005848
  -15.66666667    0.06471701    0.07219979   -0.00009682
  -15.58333333    0.06518285    0.07264413   -0.00013503
  -15.50000000    0.06565399    0.07308654   -0.00017310
  -15.41666667    0.06613054    0.07352612   -0.00021102
  -15.33333333    0.06661260    0.07396421   -0.00024877
  -15.25000000    0.06710024    0.07440353   -0.00028634
  -15.16666667    0.06759357    0.07484649   -0.00032373
  -15.08333333    0.06809269    0.07529378   -0.00036090
  -15.00000000    0.06859769    0.07574399   -0.00039786
  -14.91666667    0.06910869    0.07619468   -0.00043457
  -14.83333333    0.06962578    0.07664401   -0.00047104
  -14.75000000    0.07014907    0.07709199   -0.00050723
  -14.66666667    0.07067867    0.07754049   -0.00054313
  -14.58333333    0.07121470    0.07799209   -0.00057873
  -14.50000000    0.07175726    0.07844846   -0.00061400
  -14.41666667    0.07230648    0.07890938   -0.00064892
  -14.33333333    0.07286249    0.07937298   -0.00068348
  -14.25000000    0.07342539    0.07983705   -0.00071765
  -14.16666667    0.07399531    0.08030051   -0.00075141
  -14.08333333    0.07457240    0.08076414   -0.00078473
  -14.00000000    0.07515678    0.08123011   -0.00081759
  -13.91666667    0.07574858    0.08170064   -0.00084997
  -13.83333333    0.07634795    0.08217662   -0.00088184
  -13.75000000    0.07695502    0.08265710   -0.00091316
  -13.66666667    0.07756994    0.08314003   -0.00094392
  -13.58333333    0.07819287    0.08362362   -0.00097407
  -13.50000000    0.07882396    0.08410753   -0.00100359
  -13.41666667    0.07946335    0.08459318   -0.00103245
  -13.33333333    0.08011123    0.08508280   -0.00106061
  -13.25000000    0.08076774    0.08557810   -0.00108803
  -13.16666667    0.08143306    0.08607919   -0.00111468
  -13.08333333    0.08210736    0.08658462   -0.00114052
  -13.00000000    0.08279083    0.08709236   -0.00116550
  -12.91666667    0.08348363    0.08760118   -0.00118958
  -12.83333333    0.08418598    0.08811148   -0.00121272
  -12.75000000    0.08489804    0.08862510   -0.00123487
  -12.66666667    0.08562002    0.08914412   -0.00125598
  -12.58333333    0.08635213    0.08966964   -0.00127601
  -12.50000000    0.08709457    0.09020107   -0.00129489
  -12.41666667    0.08784756    0.09073665   -0.00131256
  -12.33333333    0.08861132    0.09127458   -0.00132898
  -12.25000000    0.08938606    0.09181430   -0.00134408
  -12.16666667    0.09017202    0.09235684   -0.00135780
  -12.08333333    0.09096946    0.09290426   -0.00137006
  -12.00000000    0.09177859    0.09345831   -0.00138080
  -11.91666667    0.09259967    0.09401942   -0.00138995
  -11.83333333    0.09343299    0.09458643   -0.00139742
  -11.75000000    0.09427877    0.09515746   -0.00140313
  -11.66666667    0.09513730    0.09573115   -0.00140701
  -11.58333333    0.09600887    0.09630760   -0.00140896
  -11.50000000    0.09689376    0.09688837   -0.00140888
  -11.41666667    0.09779227    0.09747552   -0.00140669
  -11.33333333    0.09870470    0.09807032   -0.00140228
  -11.25000000    0.09963137    0.09867254   -0.00139553
  -11.16666667    0.10057260    0.09928060   -0.00138634
  -11.08333333    0.10152873    0.09989271   -0.00137460
  -11.00000000    0.10250009    0.10050807   -0.00136016
  -10.91666667    0.10348703    0.10112744   -0.00134291
  -10.83333333    0.10448994    0.10175273   -0.00132271
  -10.75000000    0.10550916    0.10238581   -0.00129940
  -10.66666667    0.10654509    0.10302737   -0.00127285
  -10.58333333    0.10759814    0.10367653   -0.00124288
  -10.50000000    0.10866869    0.10433152   -0.00120934
  -10.41666667    0.10975718    0.10499083   -0.00117204
  -10.33333333    0.11086405    0.10565429   -0.00113080
  -10.25000000    0.11198973    0.10632326   -0.00108542
  -10.16666667    0.11313468    0.10699980   -0.00103569
  -10.08333333    0.11429941    0.10768539   -0.00098140
  -10.00000000    0.11548437    0.10838010   -0.00092232
   -9.91666667    0.11669008    0.10908255   -0.00085820
   -9.83333333    0.11791707    0.10979091   -0.00078879
   -9.75000000    0.11916586    0.11050414   -0.00071382
   -9.66666667    0.12043703    0.11122276   -0.00063301
   -9.58333333    0.12173114    0.11194858   -0.00054604
   -9.50000000    0.12304878    0.11268360   -0.00045261
   -9.41666667    0.12439056    0.11342879   -0.00035237
   -9.33333333    0.12575713    0.11418358   -0.00024497
   -9.25000000    0.12714911    0.11494621   -0.00013004
   -9.16666667    0.12856720    0.11571504   -0.00000717
   -9.08333333    0.13001209    0.11648964    0.00012407
   -9.00000000    0.13148449    0.11727115    0.00026411
   -8.91666667    0.13298514    0.11806169    0.00041344
   -8.83333333    0.13451483    0.11886298    0.00057256
   -8.75000000    0.13607432    0.11967540    0.00074201
   -8.66666667    0.13766444    0.12049775    0.00092235
   -8.58333333    0.13928606    0.12132812    0.00111420
   -8.50000000    0.14094002    0.12216523    0.00131819
   -8.41666667    0.14262724    0.12300933    0.00153501
   -8.33333333    0.14434868    0.12386213    0.00176539
   -8.25000000    0.14610526    0.12472583    0.00201011
   -8.16666667    0.14789801    0.12560172    0.00226999
   -8.08333333    0.14972797    0.12648947    0.00254592
   -8.00000000    0.15159618    0.12738740    0.00283884
   -7.91666667    0.15350378    0.12829364    0.00314976
   -7.83333333    0.15545188    0.12920743    0.00347974
   -7.75000000    0.15744169    0.13012974    0.00382995
   -7.66666667    0.15947442    0.13106273    0.00420161
   -7.58333333    0.16155133    0.13200843    0.00459603
   -7.50000000    0.16367375    0.13296753    0.00501464
   -7.41666667    0.16584301    0.13393900    0.00545893
   -7.33333333    0.16806050    0.13492080    0.00593055
   -7.25000000    0.17032770    0.13591132    0.00643122
   -7.16666667    0.17264606    0.13691048    0.00696282
   -7.08333333    0.17501714    0.13791992    0.00752737
   -7.00000000    0.17744253    0.13894202    0.00812704
   -6.91666667    0.17992388    0.13997845    0.00876415
   -6.83333333    0.18246286    0.14102913    0.00944123
   -6.75000000    0.18506124    0.14209237    0.01016099
   -6.66666667    0.18772083    0.14316596    0.01092636
   -6.58333333    0.19044345    0.14424875    0.01174049
   -6.50000000    0.19323106    0.14534142    0.01260683
   -6.41666667    0.19608559    0.14644616    0.01352906
   -6.33333333    0.19900907    0.14756533    0.01451118
   -6.25000000    0.20200359    0.14869997    0.01555756
   -6.16666667    0.20507127    0.14984913    0.01667288
   -6.08333333    0.20821428    0.15101052    0.01786226
   -6.00000000    0.21143489    0.15218199    0.01913125
   -5.91666667    0.21473535    0.15336298    0.02048587
   -5.83333333    0.21811797    0.15455495    0.02193265
   -5.75000000    0.22158516    0.15576043    0.02347873
   -5.66666667    0.22513928    0.15698144    0.02513186
   -5.58333333    0.22878276    0.15821810    0.02690044
   -5.50000000    0.23251807    0.15946850    0.02879368
   -5.41666667    0.23634766    0.16072985    0.03082155
   -5.33333333    0.24027395    0.16200022    0.03299490
   -5.25000000    0.24429943    0.16327977    0.03532560
   -5.16666667    0.24842650    0.16457057    0.03782647
   -5.08333333    0.25265749    0.16587518    0.04051148
   -5.00000000    0.25699475    0.16719483    0.04339581
   -4.91666667    0.26144044    0.16852840    0.04649585
   -4.83333333    0.26599662    0.16987289    0.04982931
   -4.75000000    0.27066526    0.17122505    0.05341532
   -4.66666667    0.27544803    0.17258329    0.05727433
   -4.58333333    0.28034640    0.17394839    0.06142818
   -4.50000000    0.28536158    0.17532270    0.06590004
   -4.41666667    0.29049438    0.17670824    0.07071420
   -4.33333333    0.29574515    0.17810482    0.07589583
   -4.25000000    0.30111386    0.17950956    0.08147072
   -4.16666667    0.30659977    0.18091807    0.08746453
   -4.08333333    0.31220147    0.18232657    0.09390204
   -4.00000000    0.31791680    0.18373358    0.10080619
   -3.91666667    0.32374258    0.18514009    0.10819624
   -3.83333333    0.32967459    0.18654795    0.11608609
   -3.75000000    0.33570730    0.18795754    0.12448143
   -3.66666667    0.34183378    0.18936611    0.13337663
   -3.58333333    0.34804541    0.19076804    0.14275065
   -3.50000000    0.35433163    0.19215675    0.15256215
   -3.41666667    0.36067970    0.19352717    0.16274416
   -3.33333333    0.36707444    0.19487705    0.17319803
   -3.25000000    0.37349774    0.19620618    0.18378747
   -3.16666667    0.37992830    0.19751401    0.19433358
   -3.08333333    0.38634119    0.19879690    0.20461159
   -3.00000000    0.39270727    0.20004701    0.21435098
   -2.91666667    0.39899274    0.20125346    0.22324074
   -2.83333333    0.40515858    0.20240503    0.23094087
   -2.75000000    0.41115973    0.20349275    0.23710103
   -2.66666667    0.41694460    0.20451038    0.24138617
   -2.58333333    0.42245415    0.20545242    0.24350652
   -2.50000000    0.42762112    0.20631065    0.24324834
   -2.41666667    0.43236921    0.20707129    0.24050017
   -2.33333333    0.43661228    0.20771459    0.23526919
   -2.25000000    0.44025345    0.20821715    0.22768423
   -2.16666667    0.44318460    0.20855542    0.21798407
   -2.08333333    0.44528583    0.20870785    0.20649350
   -2.00000000    0.44642539    0.20865397    0.19359174
   -1.91666667    0.44646019    0.20837055    0.17967857
   -1.83333333    0.44523690    0.20782677    0.16514412
   -1.75000000    0.44259414    0.20698147    0.15034518
   -1.66666667    0.43836582    0.20578398    0.13559006
   -1.58333333    0.43238595    0.20417818    0.12113151
   -1.50000000    0.42449500    0.20210670    0.10716613
   -1.41666667    0.41454789    0.19951233    0.09383875
   -1.33333333    0.40242348    0.19633484    0.08124944
   -1.25000000    0.38803484    0.19250477    0.06946163
   -1.16666667    0.37134010    0.18793800    0.05851067
   -1.08333333    0.35235229    0.18253512    0.04841149
   -1.00000000    0.33114721    0.17618716    0.03916546
   -0.91666667    0.30786830    0.16878543    0.03076630
   -0.83333333    0.28272692    0.16023041    0.02320488
   -0.75000000    0.25599784    0.15043477    0.01647337
   -0.66666667    0.22800958    0.13931981    0.01056867
   -0.58333333    0.19913037    0.12680936    0.00549547
   -0.50000000    0.16975110    0.11282976    0.00126915
   -0.41666667    0.14026657    0.09732341   -0.00208141
   -0.33333333    0.11105754    0.08027829   -0.00451066
   -0.25000000    0.08247467    0.06176691   -0.00595297
   -0.16666667    0.05482609    0.04198082   -0.00631837
   -0.08333333    0.02836901    0.02124485   -0.00548756
    0.00000000    0.00330562    0.00000000    0.00330562
    0.08333333   -0.02021711   -0.02124485   -0.00042576
    0.16666667   -0.04210449   -0.04198082   -0.00595792
    0.25000000   -0.06230889   -0.06176691   -0.01360719
    0.33333333   -0.08082316   -0.08027829   -0.02376940
    0.41666667   -0.09767340   -0.09732341   -0.03693733
    0.50000000   -0.11291182   -0.11282976   -0.05372088
    0.58333333   -0.12661003   -0.12680936   -0.07486906
    0.66666667   -0.13885315   -0.13931981   -0.10129152
    0.75000000   -0.14973471   -0.15043477   -0.13407433
    0.83333333   -0.15935256   -0.16023041   -0.17448058
    0.91666667   -0.16780558   -0.16878543   -0.22391809
    1.00000000   -0.17519122   -0.17618716   -0.28384652
    1.08333333   -0.18160366   -0.18253512   -0.35558403
    1.16666667   -0.18713259   -0.18793800   -0.43996499
    1.25000000   -0.19186241   -0.19250477   -0.53681640
    1.33333333   -0.19587176   -0.19633484   -0.64427907
    1.41666667   -0.19923335   -0.19951233   -0.75814276
    1.50000000   -0.20201400   -0.20210670   -0.87155302
    1.58333333   -0.20427474   -0.20417818   -0.97555478
    1.66666667   -0.20607114   -0.20578398   -1.06072687
    1.75000000   -0.20745357   -0.20698147   -1.11952701
    1.83333333   -0.20846758   -0.20782677   -1.14831262
    1.91666667   -0.20915422   -0.20837055   -1.14800768
    2.00000000   -0.20955046   -0.20865397   -1.12319470
    2.08333333   -0.20968952   -0.20870785   -1.08032271
    2.16666667   -0.20960119   -0.20855542   -1.02597531
    2.25000000   -0.20931218   -0.20821715   -0.96576272
    2.33333333   -0.20884642   -0.20771459   -0.90389288
    2.41666667   -0.20822530   -0.20707129   -0.84320882
    2.50000000   -0.20746797   -0.20631065   -0.78544302
    2.58333333   -0.20659151   -0.20545242   -0.73151734
    2.66666667   -0.20561122   -0.20451038   -0.68180844
    2.75000000   -0.20454074   -0.20349275   -0.63635062
    2.83333333   -0.20339225   -0.20240503   -0.59497735
    2.91666667   -0.20217661   -0.20125346   -0.55741607
    3.00000000   -0.20090352   -0.20004701   -0.52334813
    3.08333333   -0.19958164   -0.19879690   -0.49244415
    3.16666667   -0.19821865   -0.19751401   -0.46438499
    3.25000000   -0.19682143   -0.19620618   -0.43887275
    3.33333333   -0.19539611   -0.19487705   -0.41563512
    3.41666667   -0.19394811   -0.19352717   -0.39442702
    3.50000000   -0.19248231   -0.19215675   -0.37503002
    3.58333333   -0.19100299   -0.19076804   -0.35725025
    3.66666667   -0.18951398   -0.18936611   -0.34091641
    3.75000000   -0.18801868   -0.18795754   -0.32587755
    3.83333333   -0.18652012   -0.18654795   -0.31200048
    3.91666667   -0.18502094   -0.18514009   -0.29916778
    4.00000000   -0.18352351   -0.18373358   -0.28727599
    4.08333333   -0.18202991   -0.18232657   -0.27623357
    4.16666667   -0.18054200   -0.18091807   -0.26595973
    4.25000000   -0.17906135   -0.17950956   -0.25638265
    4.33333333   -0.17758940   -0.17810482   -0.24743876
    4.41666667   -0.17612740   -0.17670824   -0.23907151
    4.50000000   -0.17467639   -0.17532270   -0.23123033
    4.58333333   -0.17323734   -0.17394839   -0.22387023
    4.66666667   -0.17181104   -0.17258329   -0.21695090
    4.75000000   -0.17039818   -0.17122505   -0.21043610
    4.83333333   -0.16899936   -0.16987289   -0.20429335
    4.91666667   -0.16761509   -0.16852840   -0.19849343
    5.00000000   -0.16624575   -0.16719483   -0.19300983
    5.08333333   -0.16489171   -0.16587518   -0.18781871
    5.16666667   -0.16355325   -0.16457057   -0.18289846
    5.25000000   -0.16223057   -0.16327977   -0.17822939
    5.33333333   -0.16092385   -0.16200022   -0.17379367
    5.41666667   -0.15963321   -0.16072985   -0.16957506
    5.50000000   -0.15835871   -0.15946850   -0.16555868
    5.58333333   -0.15710041   -0.15821810   -0.16173098
    5.66666667   -0.15585832   -0.15698144   -0.15807956
    5.75000000   -0.15463240   -0.15576043   -0.15459301
    5.83333333   -0.15342262   -0.15455495   -0.15126088
    5.91666667   -0.15222890   -0.15336298   -0.14807357
    6.00000000   -0.15105115   -0.15218199   -0.14502219
    6.08333333   -0.14988927   -0.15101052   -0.14209859
    6.16666667   -0.14874313   -0.14984913   -0.13929523
    6.25000000   -0.14761259   -0.14869997   -0.13660510
    6.33333333   -0.14649751   -0.14756533   -0.13402174
    6.41666667   -0.14539773   -0.14644616   -0.13153919
    6.50000000   -0.14431307   -0.14534142   -0.12915183
    6.58333333   -0.14324337   -0.14424875   -0.12685451
    6.66666667   -0.14218844   -0.14316596   -0.12464243
    6.75000000   -0.14114809   -0.14209237   -0.12251107
    6.83333333   -0.14012214   -0.14102913   -0.12045626
    6.91666667   -0.13911039   -0.13997845   -0.11847411
    7.00000000   -0.13811263   -0.13894202   -0.11656094
    7.08333333   -0.13712868   -0.13791992   -0.11471334
    7.16666667   -0.13615833   -0.13691048   -0.11292812
    7.25000000   -0.13520137   -0.13591132   -0.11120227
    7.33333333   -0.13425761   -0.13492080   -0.10953297
    7.41666667   -0.13332685   -0.13393900   -0.10791759
    7.50000000   -0.13240888   -0.13296753   -0.10635364
    7.58333333   -0.13150349   -0.13200843   -0.10483877
    7.66666667   -0.13061050   -0.13106273   -0.10337080
    7.75000000   -0.12972970   -0.13012974   -0.10194764
    7.83333333   -0.12886089   -0.12920743   -0.10056734
    7.91666667   -0.12800388   -0.12829364   -0.09922805
    8.00000000   -0.12715847   -0.12738740   -0.09792803
    8.08333333   -0.12632447   -0.12648947   -0.09666563
    8.16666667   -0.12550169   -0.12560172   -0.09543927
    8.25000000   -0.12468996   -0.12472583   -0.09424752
    8.33333333   -0.12388907   -0.12386213   -0.09308894
    8.41666667   -0.12309884   -0.12300933   -0.09196222
    8.50000000   -0.12231911   -0.12216523   -0.09086611
    8.58333333   -0.12154968   -0.12132812   -0.08979941
    8.66666667   -0.12079039   -0.12049775   -0.08876097
    8.75000000   -0.12004106   -0.11967540   -0.08774975
    8.83333333   -0.11930153   -0.11886298   -0.08676471
    8.91666667   -0.11857162   -0.11806169   -0.08580485
    9.00000000   -0.11785117   -0.11727115   -0.08486928
    9.08333333   -0.11714003   -0.11648964   -0.08395711
    9.16666667   -0.11643803   -0.11571504   -0.08306748
    9.25000000   -0.11574503   -0.11494621   -0.08219960
    9.33333333   -0.11506085   -0.11418358   -0.08135271
    9.41666667   -0.11438536   -0.11342879   -0.08052607
    9.50000000   -0.11371841   -0.11268360   -0.07971898
    9.58333333   -0.11305986   -0.11194858   -0.07893079
    9.66666667   -0.11240955   -0.11122276   -0.07816084
    9.75000000   -0.11176735   -0.11050414   -0.07740855
    9.83333333   -0.11113314   -0.10979091   -0.07667331
    9.91666667   -0.11050675   -0.10908255   -0.07595457
   10.00000000   -0.10988808   -0.10838010   -0.07525180
   10.08333333   -0.10927699   -0.10768539   -0.07456449
   10.16666667   -0.10867335   -0.10699980   -0.07389213
   10.25000000   -0.10807704   -0.10632326   -0.07323428
   10.33333333   -0.10748793   -0.10565429   -0.07259048
   10.41666667   -0.10690590   -0.10499083   -0.07196027
   10.50000000   -0.10633085   -0.10433152   -0.07134327
   10.58333333   -0.10576265   -0.10367653   -0.07073907
   10.66666667   -0.10520118   -0.10302737   -0.07014727
   10.75000000   -0.10464635   -0.10238581   -0.06956752
   10.83333333   -0.10409804   -0.10175273   -0.06899946
   10.91666667   -0.10355614   -0.10112744   -0.06844274
   11.00000000   -0.10302055   -0.10050807   -0.06789705
   11.08333333   -0.10249117   -0.09989271   -0.06736206
   11.16666667   -0.10196788   -0.09928060   -0.06683747
   11.25000000   -0.10145061   -0.09867254   -0.06632300
   11.33333333   -0.10093926   -0.09807032   -0.06581835
   11.41666667   -0.10043371   -0.09747552   -0.06532324
   11.50000000   -0.09993389   -0.09688837   -0.06483744
   11.58333333   -0.09943970   -0.09630760   -0.06436068
   11.66666667   -0.09895105   -0.09573115   -0.06389271
   11.75000000   -0.09846786   -0.09515746   -0.06343330
   11.83333333   -0.09799003   -0.09458643   -0.06298223
   11.91666667   -0.09751749   -0.09401942   -0.06253927
   12.00000000   -0.09705015   -0.09345831   -0.06210421
   12.08333333   -0.09658794   -0.09290426   -0.06167686
   12.16666667   -0.09613076   -0.09235684   -0.06125700
   12.25000000   -0.09567854   -0.09181430   -0.06084446
   12.33333333   -0.09523122   -0.09127458   -0.06043904
   12.41666667   -0.09478869   -0.09073665   -0.06004057
   12.50000000   -0.09435092   -0.09020107   -0.05964887
   12.58333333   -0.09391780   -0.08966964   -0.05926378
   12.66666667   -0.09348928   -0.08914412   -0.05888513
   12.75000000   -0.09306528   -0.08862510   -0.05851278
   12.83333333   -0.09264575   -0.08811148   -0.05814656
   12.91666667   -0.09223059   -0.08760118   -0.05778632
   13.00000000   -0.09181977   -0.08709236   -0.05743194
   13.08333333   -0.09141320   -0.08658462   -0.05708327
   13.16666667   -0.09101083   -0.08607919   -0.05674017
   13.25000000   -0.09061259   -0.08557810   -0.05640252
   13.33333333   -0.09021843   -0.08508280   -0.05607019
   13.41666667   -0.08982828   -0.08459318   -0.05574306
   13.50000000   -0.08944208   -0.08410753   -0.05542101
   13.58333333   -0.08905978   -0.08362362   -0.05510392
   13.66666667   -0.08868132   -0.08314003   -0.05479169
   13.75000000   -0.08830664   -0.08265710   -0.05448421
   13.83333333   -0.08793570   -0.08217662   -0.05418137
   13.91666667   -0.08756843   -0.08170064   -0.05388306
   14.00000000   -0.08720479   -0.08123011   -0.05358920
   14.08333333   -0.08684472   -0.08076414   -0.05329968
   14.16666667   -0.08648816   -0.08030051   -0.05301441
   14.25000000   -0.08613509   -0.07983705   -0.05273330
   14.33333333   -0.08578543   -0.07937298   -0.05245626
   14.41666667   -0.08543915   -0.07890938   -0.05218321
   14.50000000   -0.08509620   -0.07844846   -0.05191406
   14.58333333   -0.08475653   -0.07799209   -0.05164873
   14.66666667   -0.08442010   -0.07754049   -0.05138714
   14.75000000   -0.08408686   -0.07709199   -0.05112921
   14.83333333   -0.08375676   -0.07664401   -0.05087488
   14.91666667   -0.08342977   -0.07619468   -0.05062406
   15.00000000   -0.08310585   -0.07574399   -0.05037669
   15.08333333   -0.08278494   -0.07529378   -0.05013270
   15.16666667   -0.08246701   -0.07484649   -0.04989202
   15.25000000   -0.08215203   -0.07440353   -0.04965458
   15.33333333   -0.08183994   -0.07396421   -0.04942032
   15.41666667   -0.08153071   -0.07352612   -0.04918918
   15.50000000   -0.08122431   -0.07308654   -0.04896110
   15.58333333   -0.08092069   -0.07264413   -0.04873602
   15.66666667   -0.08061982   -0.07219979   -0.04851388
   15.75000000   -0.08032167   -0.07175603   -0.04829462
   15.83333333   -0.08002619   -0.07131527   -0.04807819
   15.91666667   -0.07973335   -0.07087816   -0.04786454
   16.00000000   -0.07944312   -0.07044302   -0.04765362
   16.08333333   -0.07915546   -0.07000672   -0.04744537
   16.16666667   -0.07887035   -0.06956664   -0.04723975
   16.25000000   -0.07858774   -0.06912226   -0.04703670
   16.33333333   -0.07830761   -0.06867548   -0.04683618
   16.41666667   -0.07802992   -0.06822933   -0.04663815
   16.50000000   -0.07775465   -0.06778589   -0.04644255
   16.58333333   -0.07748175   -0.06734477   -0.04624935
   16.66666667   -0.07721121   -0.06690310   -0.04605850
   16.75000000   -0.07694299   -0.06645720   -0.04586996
   16.83333333   -0.07667706   -0.06600484   -0.04568369
   16.91666667   -0.07641341   -0.06554657   -0.04549965
   17.00000000   -0.07615198   -0.06508536   -0.04531779
   17.08333333   -0.07589276   -0.06462456   -0.04513809
   17.16666667   -0.07563573   -0.06416551   -0.04496051
   17.25000000   -0.07538084   -0.06370634   -0.04478500
   17.33333333   -0.07512809   -0.06324289   -0.04461153
   17.41666667   -0.07487744   -0.06277107   -0.04444008
   17.50000000   -0.07462886   -0.06228938   -0.04427060
   17.58333333   -0.07438234   -0.06179981   -0.04410305
   17.66666667   -0.07413784   -0.06130646   -0.04393742
   17.75000000   -0.07389535   -0.06081264   -0.04377366
   17.83333333   -0.07365483   -0.06031836   -0.04361175
   17.91666667   -0.07341627   -0.05981976   -0.04345165
   18.00000000   -0.07317963   -0.05931107   -0.04329334
   18.08333333   -0.07294491   -0.05878803   -0.04313678
   18.16666667   -0.07271207   -0.05825042   -0.04298196
   18.25000000   -0.07248109   -0.05770220   -0.04282882
   18.33333333   -0.07225196   -0.05714870   -0.04267737
   18.41666667   -0.07202465   -0.05659277   -0.04252756
   18.50000000   -0.07179913   -0.05603209   -0.04237936
   18.58333333   -0.07157539   -0.05545977   -0.04223276
   18.66666667   -0.07135341   -0.05486798   -0.04208773
   18.75000000   -0.07113316   -0.05425264   -0.04194424
   18.83333333   -0.07091463   -0.05361607   -0.04180228
   18.91666667   -0.07069781   -0.05296568   -0.04166181
   19.00000000   -0.07048265   -0.05230894   -0.04152281
   19.08333333   -0.07026915   -0.05164771   -0.04138526
   19.16666667   -0.07005730   -0.05097547   -0.04124914
   19.25000000   -0.06984707   -0.05027990   -0.04111443
   19.33333333   -0.06963844   -0.04954995   -0.04098110
   19.41666667   -0.06943139   -0.04878367   -0.04084914
   19.50000000   -0.06922592   -0.04799181   -0.04071852
   19.58333333   -0.06902199   -0.04719403   -0.04058922
   19.66666667   -0.06881959   -0.04640851   -0.04046123
   19.75000000   -0.06861871   -0.04563955   -0.04033452
   19.83333333   -0.06841933   -0.04486986   -0.04020908
   19.91666667   -0.06822144   -0.04406254   -0.04008489
   20.00000000   -0.06802500   -0.04317319   -0.03996192
