  -20.00000000    0.06841596    0.04318336    0.02889124
  -19.91666667    0.06867816    0.04403057    0.02903385
  -19.83333333    0.06894238    0.04479100    0.02917773
  -19.75000000    0.06920866    0.04551078    0.02932290
  -19.66666667    0.06947700    0.04622713    0.02946937
  -19.58333333    0.06974743    0.04695647    0.02961716
  -19.50000000    0.07001999    0.04769375    0.02976628
  -19.41666667    0.07029468    0.04842146    0.02991677
  -19.33333333    0.07057153    0.04912259    0.03006862
  -19.25000000    0.07085057    0.04979015    0.03022187
  -19.16666667    0.07113183    0.05042925    0.03037654
  -19.08333333    0.07141532    0.05105181    0.03053263
  -19.00000000    0.07170107    0.05166836    0.03069018
  -18.91666667    0.07198912    0.05228205    0.03084921
  -18.83333333    0.07227947    0.05288812    0.03100972
  -18.75000000    0.07257217    0.05347840    0.03117175
  -18.66666667    0.07286723    0.05404745    0.03133532
  -18.58333333    0.07316468    0.05459623    0.03150045
  -18.50000000    0.07346456    0.05513142    0.03166716
  -18.41666667    0.07376688    0.05566099    0.03183547
  -18.33333333    0.07407167    0.05618940    0.03200541
  -18.25000000    0.07437898    0.05671537    0.03217700
  -18.16666667    0.07468882    0.05723350    0.03235027
  -18.08333333    0.07500121    0.05773847    0.03252523
  -18.00000000    0.07531621    0.05822892    0.03270193
  -17.91666667    0.07563382    0.05870852    0.03288037
  -17.83333333    0.07595409    0.05918364    0.03306059
  -17.75000000    0.07627704    0.05965942    0.03324262
  -17.66666667    0.07660271    0.06013669    0.03342648
  -17.58333333    0.07693111    0.06061187    0.03361220
  -17.50000000    0.07726231    0.06107973    0.03379980
  -17.41666667    0.07759631    0.06153714    0.03398933
  -17.33333333    0.07793315    0.06198529    0.03418079
  -17.25000000    0.07827288    0.06242910    0.03437424
  -17.16666667    0.07861552    0.06287406    0.03456970
  -17.08333333    0.07896110    0.06332282    0.03476719
  -17.00000000    0.07930966    0.06377373    0.03496675
  -16.91666667    0.07966125    0.06422210    0.03516843
  -16.83333333    0.08001588    0.06466352    0.03537223
  -16.75000000    0.08037360    0.06509693    0.03557821
  -16.66666667    0.08073445    0.06552540    0.03578640
  -16.58333333    0.08109846    0.06595427    0.03599683
  -16.50000000    0.08146567    0.06638774    0.03620955
  -16.41666667    0.08183613    0.06682629    0.03642458
  -16.33333333    0.08220985    0.06726646    0.03664196
  -16.25000000    0.08258691    0.06770331    0.03686174
  -16.16666667    0.08296732    0.06813373    0.03708396
  -16.08333333    0.08335112    0.06855859    0.03730865
  -16.00000000    0.08373836    0.06898228    0.03753586
  -15.91666667    0.08412909    0.06940995    0.03776563
  -15.83333333    0.08452334    0.06984423    0.03799800
  -15.75000000    0.08492115    0.07028362    0.03823302
  -15.66666667    0.08532258    0.07072354    0.03847074
  -15.58333333    0.08572766    0.07115942    0.03871120
  -15.50000000    0.08613643    0.07158974    0.03895445
  -15.41666667    0.08654894    0.07201713    0.03920054
  -15.33333333    0.08696525    0.07244674    0.03944952
  -15.25000000    0.08738539    0.07288300    0.03970144
  -15.16666667    0.08780941    0.07332677    0.03995635
  -15.08333333    0.08823736    0.07377490    0.04021431
  -15.00000000    0.08866928    0.07422226    0.04047537
  -14.91666667    0.08910523    0.07466518    0.04073959
  -14.83333333    0.08954526    0.07510391    0.04100704
  -14.75000000    0.08998941    0.07554252    0.04127775
  -14.66666667    0.09043773    0.07598637    0.04155181
  -14.58333333    0.09089028    0.07643872    0.04182927
  -14.50000000    0.09134710    0.07689863    0.04211019
  -14.41666667    0.09180825    0.07736164    0.04239465
  -14.33333333    0.09227379    0.07782267    0.04268270
  -14.25000000    0.09274375    0.07827938    0.04297442
  -14.16666667    0.09321821    0.07873376    0.04326988
  -14.08333333    0.09369721    0.07919096    0.04356916
  -14.00000000    0.09418081    0.07965601    0.04387231
  -13.91666667    0.09466906    0.08013064    0.04417944
  -13.83333333    0.09516203    0.08061219    0.04449061
  -13.75000000    0.09565976    0.08109534    0.04480590
  -13.66666667    0.09616232    0.08157560    0.04512539
  -13.58333333    0.09666976    0.08205226    0.04544919
  -13.50000000    0.09718214    0.08252895    0.04577736
  -13.41666667    0.09769952    0.08301141    0.04611000
  -13.33333333    0.09822197    0.08350382    0.04644721
  -13.25000000    0.09874953    0.08400618    0.04678907
  -13.16666667    0.09928228    0.08451429    0.04713570
  -13.08333333    0.09982027    0.08502250    0.04748719
  -13.00000000    0.10036356    0.08552739    0.04784363
  -12.91666667    0.10091222    0.08603005    0.04820515
  -12.83333333    0.10146632    0.08653551    0.04857185
  -12.75000000    0.10202590    0.08704955    0.04894384
  -12.66666667    0.10259103    0.08757509    0.04932125
  -12.58333333    0.10316179    0.08811026    0.04970418
  -12.50000000    0.10373823    0.08864968    0.05009277
  -12.41666667    0.10432042    0.08918790    0.05048714
  -12.33333333    0.10490842    0.08972299    0.05088744
  -12.25000000    0.10550230    0.09025788    0.05129377
  -12.16666667    0.10610211    0.09079861    0.05170630
  -12.08333333    0.10670795    0.09135049    0.05212517
  -12.00000000    0.10731984    0.09191475    0.05255051
  -11.91666667    0.10793788    0.09248776    0.05298250
  -11.83333333    0.10856212    0.09306336    0.05342128
  -11.75000000    0.10919262    0.09363686    0.05386702
  -11.66666667    0.10982946    0.09420815    0.05431989
  -11.58333333    0.11047270    0.09478189    0.05478007
  -11.50000000    0.11112239    0.09536462    0.05524774
  -11.41666667    0.11177861    0.09596065    0.05572307
  -11.33333333    0.11244142    0.09656930    0.05620628
  -11.25000000    0.11311088    0.09718534    0.05669754
  -11.16666667    0.11378705    0.09780237    0.05719708
  -11.08333333    0.11447000    0.09841698    0.05770511
  -11.00000000    0.11515978    0.09903107    0.05822185
  -10.91666667    0.11585646    0.09965076    0.05874753
  -10.83333333    0.11656010    0.10028256    0.05928238
  -10.75000000    0.11727074    0.10092929    0.05982666
  -10.66666667    0.11798845    0.10158821    0.06038061
  -10.58333333    0.11871328    0.10225286    0.06094452
  -10.50000000    0.11944528    0.10291716    0.06151863
  -10.41666667    0.12018451    0.10357944    0.06210326
  -10.33333333    0.12093101    0.10424367    0.06269869
  -10.25000000    0.12168482    0.10491702    0.06330522
  -10.16666667    0.12244600    0.10560540    0.06392318
  -10.08333333    0.12321459    0.10630968    0.06455291
  -10.00000000    0.12399061    0.10702515    0.06519475
   -9.91666667    0.12477410    0.10774452    0.06584905
   -9.83333333    0.12556512    0.10846268    0.06651620
   -9.75000000    0.12636366    0.10918007    0.06719657
   -9.66666667    0.12716976    0.10990261    0.06789059
   -9.58333333    0.12798345    0.11063800    0.06859867
   -9.50000000    0.12880473    0.11139093    0.06932124
   -9.41666667    0.12963361    0.11216004    0.07005878
   -9.33333333    0.13047011    0.11293879    0.07081178
   -9.25000000    0.13131422    0.11371970    0.07158070
   -9.16666667    0.13216593    0.11449920    0.07236610
   -9.08333333    0.13302524    0.11528007    0.07316852
   -9.00000000    0.13389211    0.11606992    0.07398852
   -8.91666667    0.13476653    0.11687637    0.07482671
   -8.83333333    0.13564847    0.11770227    0.07568373
   -8.75000000    0.13653787    0.11854389    0.07656020
   -8.66666667    0.13743469    0.11939322    0.07745683
   -8.58333333    0.13833888    0.12024323    0.07837436
   -8.50000000    0.13925035    0.12109242    0.07931351
   -8.41666667    0.14016903    0.12194606    0.08027510
   -8.33333333    0.14109484    0.12281296    0.08125996
   -8.25000000    0.14202766    0.12369996    0.08226896
   -8.16666667    0.14296739    0.12460761    0.08330303
   -8.08333333    0.14391391    0.12552972    0.08436316
   -8.00000000    0.14486706    0.12645736    0.08545034
   -7.91666667    0.14582672    0.12738463    0.08656567
   -7.83333333    0.14679269    0.12831262    0.08771028
   -7.75000000    0.14776482    0.12924894    0.08888538
   -7.66666667    0.14874290    0.13020305    0.09009224
   -7.58333333    0.14972672    0.13118026    0.09133219
   -7.50000000    0.15071606    0.13217833    0.09260667
   -7.41666667    0.15171068    0.13318884    0.09391718
   -7.33333333    0.15271029    0.13420254    0.09526531
   -7.25000000    0.15371465    0.13521542    0.09665275
   -7.16666667    0.15472344    0.13623148    0.09808132
   -7.08333333    0.15573635    0.13726040    0.09955290
   -7.00000000    0.15675305    0.13831151    0.10106955
   -6.91666667    0.15777319    0.13938784    0.10263343
   -6.83333333    0.15879639    0.14048406    0.10424684
   -6.75000000    0.15982228    0.14158982    0.10591226
   -6.66666667    0.16085044    0.14269634    0.10763232
   -6.58333333    0.16188043    0.14380219    0.10940982
   -6.50000000    0.16291185    0.14491445    0.11124782
   -6.41666667    0.16394420    0.14604436    0.11314952
   -6.33333333    0.16497704    0.14720024    0.11511841
   -6.25000000    0.16600986    0.14838203    0.11715823
   -6.16666667    0.16704219    0.14958115    0.11927301
   -6.08333333    0.16807349    0.15078580    0.12146706
   -6.00000000    0.16910328    0.15198852    0.12374510
   -5.91666667    0.17013102    0.15319109    0.12611217
   -5.83333333    0.17115620    0.15440362    0.12857374
   -5.75000000    0.17217831    0.15563815    0.13113579
   -5.66666667    0.17319685    0.15690091    0.13380475
   -5.58333333    0.17421131    0.15818797    0.13658766
   -5.50000000    0.17522124    0.15948742    0.13949220
   -5.41666667    0.17622619    0.16078667    0.14252673
   -5.33333333    0.17722574    0.16208043    0.14570039
   -5.25000000    0.17821954    0.16337416    0.14902327
   -5.16666667    0.17920727    0.16468064    0.15250639
   -5.08333333    0.18018866    0.16601165    0.15616189
   -5.00000000    0.18116356    0.16737001    0.16000322
   -4.91666667    0.18213185    0.16874708    0.16404522
   -4.83333333    0.18309354    0.17012760    0.16830432
   -4.75000000    0.18404873    0.17149887    0.17279889
   -4.66666667    0.18499768    0.17285859    0.17754932
   -4.58333333    0.18594073    0.17421607    0.18257839
   -4.50000000    0.18687843    0.17558598    0.18791177
   -4.41666667    0.18781145    0.17697826    0.19357820
   -4.33333333    0.18874068    0.17839060    0.19961014
   -4.25000000    0.18966718    0.17980857    0.20604441
   -4.16666667    0.19059221    0.18121345    0.21292276
   -4.08333333    0.19151725    0.18259300    0.22029277
   -4.00000000    0.19244401    0.18394841    0.22820904
   -3.91666667    0.19337440    0.18529251    0.23673414
   -3.83333333    0.19431056    0.18664030    0.24594040
   -3.75000000    0.19525480    0.18799738    0.25591151
   -3.66666667    0.19620966    0.18935383    0.26674502
   -3.58333333    0.19717780    0.19068765    0.27855498
   -3.50000000    0.19816196    0.19197600    0.29147530
   -3.41666667    0.19916496    0.19320719    0.30566425
   -3.33333333    0.20018955    0.19438565    0.32130963
   -3.25000000    0.20123830    0.19552632    0.33863525
   -3.16666667    0.20231351    0.19664143    0.35790946
   -3.08333333    0.20341700    0.19772804    0.37945524
   -3.00000000    0.20454990    0.19876422    0.40366260
   -2.91666667    0.20571239    0.19971702    0.43100426
   -2.83333333    0.20690338    0.20055744    0.46205349
   -2.75000000    0.20812016    0.20127302    0.49750376
   -2.66666667    0.20935792    0.20186968    0.53818876
   -2.58333333    0.21060927    0.20236079    0.58509479
   -2.50000000    0.21186360    0.20274983    0.63935175
   -2.41666667    0.21310647    0.20301745    0.70217360
   -2.33333333    0.21431879    0.20312167    0.77468411
   -2.25000000    0.21547600    0.20301182    0.85751032
   -2.16666667    0.21654717    0.20264803    0.94994359
   -2.08333333    0.21749410    0.20201373    1.04838712
   -2.00000000    0.21827027    0.20111240    1.14394079
   -1.91666667    0.21882005    0.19994928    1.21981788
   -1.83333333    0.21907783    0.19850881    1.25144035
   -1.75000000    0.21896752    0.19674224    1.21415212
   -1.66666667    0.21840229    0.19457439    1.09916091
   -1.58333333    0.21728490    0.19192696    0.92492166
   -1.50000000    0.21550859    0.18874461    0.72850719
   -1.41666667    0.21295890    0.18500686    0.54424141
   -1.33333333    0.20951650    0.18071659    0.39071765
   -1.25000000    0.20506107    0.17587004    0.27192614
   -1.16666667    0.19947652    0.17042639    0.18398756
   -1.08333333    0.19265716    0.16429724    0.12057175
   -1.00000000    0.18451485    0.15736650    0.07559886
   -0.91666667    0.17498650    0.14953264    0.04413494
   -0.83333333    0.16404141    0.14074965    0.02246172
   -0.75000000    0.15168765    0.13104019    0.00787222
   -0.66666667    0.13797653    0.12046753   -0.00157544
   -0.58333333    0.12300457    0.10907685   -0.00726824
   -0.50000000    0.10691233    0.09683732   -0.01019810
   -0.41666667    0.08987981    0.08362245   -0.01107739
   -0.33333333    0.07211888    0.06925117   -0.01042054
   -0.25000000    0.05386320    0.05358217   -0.00860110
   -0.16666667    0.03535674    0.03662415   -0.00589174
   -0.08333333    0.01684205    0.01861078   -0.00249226
    0.00000000   -0.00145061    0.00000000   -0.00145061
    0.08333333   -0.01931236   -0.01861078   -0.00582914
    0.16666667   -0.03656235   -0.03662415   -0.01056455
    0.25000000   -0.05305179   -0.05358217   -0.01559973
    0.33333333   -0.06866552   -0.06925117   -0.02089398
    0.41666667   -0.08332129   -0.08362245   -0.02641913
    0.50000000   -0.09696745   -0.09683732   -0.03215671
    0.58333333   -0.10957951   -0.10907685   -0.03809582
    0.66666667   -0.12115598   -0.12046753   -0.04423162
    0.75000000   -0.13171412   -0.13104019   -0.05056405
    0.83333333   -0.14128581   -0.14074965   -0.05709708
    0.91666667   -0.14991367   -0.14953264   -0.06383794
    1.00000000   -0.15764777   -0.15736650   -0.07079669
    1.08333333   -0.16454284   -0.16429724   -0.07798581
    1.16666667   -0.17065591   -0.17042639   -0.08541992
    1.25000000   -0.17604460   -0.17587004   -0.09311557
    1.33333333   -0.18076570   -0.18071659   -0.10109101
    1.41666667   -0.18487419   -0.18500686   -0.10936605
    1.50000000   -0.18842259   -0.18874461   -0.11796197
    1.58333333   -0.19146047   -0.19192696   -0.12690127
    1.66666667   -0.19403421   -0.19457439   -0.13620751
    1.75000000   -0.19618692   -0.19674224   -0.14590517
    1.83333333   -0.19795843   -0.19850881   -0.15601926
    1.91666667   -0.19938535   -0.19994928   -0.16657502
    2.00000000   -0.20050123   -0.20111240   -0.17759748
    2.08333333   -0.20133669   -0.20201373   -0.18911077
    2.16666667   -0.20191965   -0.20264803   -0.20113746
    2.25000000   -0.20227548   -0.20301182   -0.21369739
    2.33333333   -0.20242722   -0.20312167   -0.22680666
    2.41666667   -0.20239577   -0.20301745   -0.24047591
    2.50000000   -0.20220004   -0.20274983   -0.25470837
    2.58333333   -0.20185718   -0.20236079   -0.26949769
    2.66666667   -0.20138270   -0.20186968   -0.28482508
    2.75000000   -0.20079062   -0.20127302   -0.30065594
    2.83333333   -0.20009365   -0.20055744   -0.31693636
    2.91666667   -0.19930325   -0.19971702   -0.33358887
    3.00000000   -0.19842982   -0.19876422   -0.35050794
    3.08333333   -0.19748274   -0.19772804   -0.36755578
    3.16666667   -0.19647050   -0.19664143   -0.38455812
    3.25000000   -0.19540079   -0.19552632   -0.40130086
    3.33333333   -0.19428056   -0.19438565   -0.41752867
    3.41666667   -0.19311611   -0.19320719   -0.43294554
    3.50000000   -0.19191312   -0.19197600   -0.44721866
    3.58333333   -0.19067676   -0.19068765   -0.45998678
    3.66666667   -0.18941168   -0.18935383   -0.47087286
    3.75000000   -0.18812211   -0.18799738   -0.47950160
    3.83333333   -0.18681187   -0.18664030   -0.48552138
    3.91666667   -0.18548441   -0.18529251   -0.48862849
    4.00000000   -0.18414288   -0.18394841   -0.48859178
    4.08333333   -0.18279010   -0.18259300   -0.48527446
    4.16666667   -0.18142865   -0.18121345   -0.47864992
    4.25000000   -0.18006082   -0.17980857   -0.46880872
    4.33333333   -0.17868873   -0.17839060   -0.45595583
    4.41666667   -0.17731427   -0.17697826   -0.44039756
    4.50000000   -0.17593913   -0.17558598   -0.42251982
    4.58333333   -0.17456487   -0.17421607   -0.40276185
    4.66666667   -0.17319288   -0.17285859   -0.38158738
    4.75000000   -0.17182440   -0.17149887   -0.35945707
    4.83333333   -0.17046057   -0.17012760   -0.33680629
    4.91666667   -0.16910239   -0.16874708   -0.31402759
    5.00000000   -0.16775078   -0.16737001   -0.29145935
    5.08333333   -0.16640653   -0.16601165   -0.26938150
    5.16666667   -0.16507039   -0.16468064   -0.24801489
    5.25000000   -0.16374299   -0.16337416   -0.22752433
    5.33333333   -0.16242490   -0.16208043   -0.20802502
    5.41666667   -0.16111664   -0.16078667   -0.18958919
    5.50000000   -0.15981865   -0.15948742   -0.17225310
    5.58333333   -0.15853131   -0.15818797   -0.15602479
    5.66666667   -0.15725500   -0.15690091   -0.14089021
    5.75000000   -0.15598997   -0.15563815   -0.12681864
    5.83333333   -0.15473651   -0.15440362   -0.11376795
    5.91666667   -0.15349482   -0.15319109   -0.10168823
    6.00000000   -0.15226509   -0.15198852   -0.09052469
    6.08333333   -0.15104747   -0.15078580   -0.08022046
    6.16666667   -0.14984208   -0.14958115   -0.07071817
    6.25000000   -0.14864902   -0.14838203   -0.06196114
    6.33333333   -0.14746836   -0.14720024   -0.05389464
    6.41666667   -0.14630016   -0.14604436   -0.04646632
    6.50000000   -0.14514444   -0.14491445   -0.03962655
    6.58333333   -0.14400121   -0.14380219   -0.03332882
    6.66666667   -0.14287048   -0.14269634   -0.02752974
    6.75000000   -0.14175223   -0.14158982   -0.02218892
    6.83333333   -0.14064642   -0.14048406   -0.01726911
    6.91666667   -0.13955302   -0.13938784   -0.01273595
    7.00000000   -0.13847197   -0.13831151   -0.00855776
    7.08333333   -0.13740320   -0.13726040   -0.00470553
    7.16666667   -0.13634665   -0.13623148   -0.00115268
    7.25000000   -0.13530223   -0.13521542    0.00212522
    7.33333333   -0.13426986   -0.13420254    0.00515044
    7.41666667   -0.13324945   -0.13318884    0.00794337
    7.50000000   -0.13224089   -0.13217833    0.01052269
    7.58333333   -0.13124408   -0.13118026    0.01290543
    7.66666667   -0.13025892   -0.13020305    0.01510716
    7.75000000   -0.12928528   -0.12924894    0.01714218
    7.83333333   -0.12832305   -0.12831262    0.01902349
    7.91666667   -0.12737213   -0.12738463    0.02076301
    8.00000000   -0.12643238   -0.12645736    0.02237169
    8.08333333   -0.12550368   -0.12552972    0.02385949
    8.16666667   -0.12458590   -0.12460761    0.02523562
    8.25000000   -0.12367893   -0.12369996    0.02650843
    8.33333333   -0.12278264   -0.12281296    0.02768565
    8.41666667   -0.12189688   -0.12194606    0.02877436
    8.50000000   -0.12102154   -0.12109242    0.02978103
    8.58333333   -0.12015650   -0.12024323    0.03071165
    8.66666667   -0.11930160   -0.11939322    0.03157172
    8.75000000   -0.11845673   -0.11854389    0.03236628
    8.83333333   -0.11762176   -0.11770227    0.03310000
    8.91666667   -0.11679656   -0.11687637    0.03377717
    9.00000000   -0.11598100   -0.11606992    0.03440175
    9.08333333   -0.11517495   -0.11528007    0.03497739
    9.16666667   -0.11437828   -0.11449920    0.03550749
    9.25000000   -0.11359087   -0.11371970    0.03599514
    9.33333333   -0.11281260   -0.11293879    0.03644325
    9.41666667   -0.11204332   -0.11216004    0.03685449
    9.50000000   -0.11128293   -0.11139093    0.03723133
    9.58333333   -0.11053131   -0.11063800    0.03757607
    9.66666667   -0.10978831   -0.10990261    0.03789085
    9.75000000   -0.10905383   -0.10918007    0.03817762
    9.83333333   -0.10832776   -0.10846268    0.03843824
    9.91666667   -0.10760995   -0.10774452    0.03867441
   10.00000000   -0.10690032   -0.10702515    0.03888770
   10.08333333   -0.10619873   -0.10630968    0.03907961
   10.16666667   -0.10550507   -0.10560540    0.03925150
   10.25000000   -0.10481924   -0.10491702    0.03940465
   10.33333333   -0.10414112   -0.10424367    0.03954026
   10.41666667   -0.10347059   -0.10357944    0.03965944
   10.50000000   -0.10280756   -0.10291716    0.03976323
   10.58333333   -0.10215191   -0.10225286    0.03985260
   10.66666667   -0.10150354   -0.10158821    0.03992845
   10.75000000   -0.10086234   -0.10092929    0.03999163
   10.83333333   -0.10022822   -0.10028256    0.04004294
   10.91666667   -0.09960107   -0.09965076    0.04008311
   11.00000000   -0.09898079   -0.09903107    0.04011284
   11.08333333   -0.09836729   -0.09841698    0.04013277
   11.16666667   -0.09776045   -0.09780237    0.04014352
   11.25000000   -0.09716020   -0.09718534    0.04014566
   11.33333333   -0.09656644   -0.09656930    0.04013972
   11.41666667   -0.09597907   -0.09596065    0.04012620
   11.50000000   -0.09539801   -0.09536462    0.04010557
   11.58333333   -0.09482316   -0.09478189    0.04007827
   11.66666667   -0.09425443   -0.09420815    0.04004473
   11.75000000   -0.09369175   -0.09363686    0.04000533
   11.83333333   -0.09313502   -0.09306336    0.03996043
   11.91666667   -0.09258415   -0.09248776    0.03991039
   12.00000000   -0.09203907   -0.09191475    0.03985552
   12.08333333   -0.09149970   -0.09135049    0.03979613
   12.16666667   -0.09096594   -0.09079861    0.03973252
   12.25000000   -0.09043773   -0.09025788    0.03966494
   12.33333333   -0.08991499   -0.08972299    0.03959366
   12.41666667   -0.08939763   -0.08918790    0.03951891
   12.50000000   -0.08888559   -0.08864968    0.03944092
   12.58333333   -0.08837879   -0.08811026    0.03935990
   12.66666667   -0.08787716   -0.08757509    0.03927606
   12.75000000   -0.08738062   -0.08704955    0.03918959
   12.83333333   -0.08688911   -0.08653551    0.03910065
   12.91666667   -0.08640254   -0.08603005    0.03900943
   13.00000000   -0.08592087   -0.08552739    0.03891608
   13.08333333   -0.08544401   -0.08502250    0.03882075
   13.16666667   -0.08497191   -0.08451429    0.03872358
   13.25000000   -0.08450449   -0.08400618    0.03862471
   13.33333333   -0.08404170   -0.08350382    0.03852426
   13.41666667   -0.08358346   -0.08301141    0.03842236
   13.50000000   -0.08312973   -0.08252895    0.03831911
   13.58333333   -0.08268043   -0.08205226    0.03821463
   13.66666667   -0.08223551   -0.08157560    0.03810900
   13.75000000   -0.08179490   -0.08109534    0.03800234
   13.83333333   -0.08135856   -0.08061219    0.03789473
   13.91666667   -0.08092641   -0.08013064    0.03778625
   14.00000000   -0.08049842   -0.07965601    0.03767698
   14.08333333   -0.08007451   -0.07919096    0.03756700
   14.16666667   -0.07965464   -0.07873376    0.03745639
   14.25000000   -0.07923875   -0.07827938    0.03734521
   14.33333333   -0.07882679   -0.07782267    0.03723352
   14.41666667   -0.07841871   -0.07736164    0.03712139
   14.50000000   -0.07801445   -0.07689863    0.03700887
   14.58333333   -0.07761397   -0.07643872    0.03689602
   14.66666667   -0.07721722   -0.07598637    0.03678288
   14.75000000   -0.07682414   -0.07554252    0.03666952
   14.83333333   -0.07643470   -0.07510391    0.03655596
   14.91666667   -0.07604883   -0.07466518    0.03644227
   15.00000000   -0.07566651   -0.07422226    0.03632847
   15.08333333   -0.07528768   -0.07377490    0.03621461
   15.16666667   -0.07491228   -0.07332677    0.03610072
   15.25000000   -0.07454030   -0.07288300    0.03598683
   15.33333333   -0.07417167   -0.07244674    0.03587299
   15.41666667   -0.07380635   -0.07201713    0.03575922
   15.50000000   -0.07344432   -0.07158974    0.03564555
   15.58333333   -0.07308551   -0.07115942    0.03553201
   15.66666667   -0.07272989   -0.07072354    0.03541862
   15.75000000   -0.07237742   -0.07028362    0.03530541
   15.83333333   -0.07202807   -0.06984423    0.03519240
   15.91666667   -0.07168178   -0.06940995    0.03507961
   16.00000000   -0.07133853   -0.06898228    0.03496707
   16.08333333   -0.07099827   -0.06855859    0.03485479
   16.16666667   -0.07066099   -0.06813373    0.03474279
   16.25000000   -0.07032661   -0.06770331    0.03463109
   16.33333333   -0.06999512   -0.06726646    0.03451970
   16.41666667   -0.06966649   -0.06682629    0.03440864
   16.50000000   -0.06934067   -0.06638774    0.03429793
   16.58333333   -0.06901763   -0.06595427    0.03418757
   16.66666667   -0.06869734   -0.06552540    0.03407758
   16.75000000   -0.06837976   -0.06509693    0.03396797
   16.83333333   -0.06806486   -0.06466352    0.03385876
   16.91666667   -0.06775262   -0.06422210    0.03374994
   17.00000000   -0.06744299   -0.06377373    0.03364154
   17.08333333   -0.06713595   -0.06332282    0.03353356
   17.16666667   -0.06683146   -0.06287406    0.03342601
   17.25000000   -0.06652950   -0.06242910    0.03331889
   17.33333333   -0.06623003   -0.06198529    0.03321221
   17.41666667   -0.06593303   -0.06153714    0.03310599
   17.50000000   -0.06563846   -0.06107973    0.03300022
   17.58333333   -0.06534629   -0.06061187    0.03289492
   17.66666667   -0.06505651   -0.06013669    0.03279008
   17.75000000   -0.06476908   -0.05965942    0.03268572
   17.83333333   -0.06448397   -0.05918364    0.03258183
   17.91666667   -0.06420117   -0.05870852    0.03247842
   18.00000000   -0.06392063   -0.05822892    0.03237549
   18.08333333   -0.06364233   -0.05773847    0.03227305
   18.16666667   -0.06336626   -0.05723350    0.03217111
   18.25000000   -0.06309237   -0.05671537    0.03206965
   18.33333333   -0.06282065   -0.05618940    0.03196869
   18.41666667   -0.06255108   -0.05566099    0.03186823
   18.50000000   -0.06228362   -0.05513142    0.03176827
   18.58333333   -0.06201826   -0.05459623    0.03166880
   18.66666667   -0.06175498   -0.05404745    0.03156985
   18.75000000   -0.06149373   -0.05347840    0.03147139
   18.83333333   -0.06123452   -0.05288812    0.03137343
   18.91666667   -0.06097731   -0.05228205    0.03127598
   19.00000000   -0.06072207   -0.05166836    0.03117904
   19.08333333   -0.06046879   -0.05105181    0.03108259
   19.16666667   -0.06021745   -0.05042925    0.03098666
   19.25000000   -0.05996802   -0.04979015    0.03089123
   19.33333333   -0.05972049   -0.04912259    0.03079630
   19.41666667   -0.05947483   -0.04842146    0.03070188
   19.50000000   -0.05923103   -0.04769375    0.03060796
   19.58333333   -0.05898905   -0.04695647    0.03051454
   19.66666667   -0.05874889   -0.04622713    0.03042163
   19.75000000   -0.05851052   -0.04551078    0.03032922
   19.83333333   -0.05827392   -0.04479100    0.03023730
   19.91666667   -0.05803908   -0.04403057    0.03014589
   20.00000000   -0.05780597   -0.04318336    0.03005497
