  -20.00000000    0.07245564    0.04440063    0.02053415
  -19.91666667    0.07274581    0.04524721    0.02064307
  -19.83333333    0.07303831    0.04599736    0.02075298
  -19.75000000    0.07333318    0.04670580    0.02086391
  -19.66666667    0.07363045    0.04741733    0.02097588
  -19.58333333    0.07393013    0.04815263    0.02108888
  -19.50000000    0.07423227    0.04890661    0.02120295
  -19.41666667    0.07453689    0.04965812    0.02131810
  -19.33333333    0.07484402    0.05038491    0.02143433
  -19.25000000    0.07515369    0.05107562    0.02155166
  -19.16666667    0.07546593    0.05173352    0.02167012
  -19.08333333    0.07578076    0.05237167    0.02178972
  -19.00000000    0.07609823    0.05300353    0.02191046
  -18.91666667    0.07641836    0.05363507    0.02203238
  -18.83333333    0.07674119    0.05426262    0.02215548
  -18.75000000    0.07706674    0.05487684    0.02227979
  -18.66666667    0.07739506    0.05546956    0.02240532
  -18.58333333    0.07772616    0.05603916    0.02253208
  -18.50000000    0.07806010    0.05659126    0.02266011
  -18.41666667    0.07839690    0.05713493    0.02278941
  -18.33333333    0.07873659    0.05767709    0.02292000
  -18.25000000    0.07907922    0.05821882    0.02305191
  -18.16666667    0.07942483    0.05875557    0.02318516
  -18.08333333    0.07977343    0.05928090    0.02331975
  -18.00000000    0.08012508    0.05979107    0.02345572
  -17.91666667    0.08047981    0.06028758    0.02359309
  -17.83333333    0.08083765    0.06077619    0.02373187
  -17.75000000    0.08119866    0.06126329    0.02387209
  -17.66666667    0.08156287    0.06175209    0.02401378
  -17.58333333    0.08193031    0.06224106    0.02415694
  -17.50000000    0.08230104    0.06272541    0.02430161
  -17.41666667    0.08267509    0.06320064    0.02444782
  -17.33333333    0.08305249    0.06366559    0.02459557
  -17.25000000    0.08343331    0.06412332    0.02474491
  -17.16666667    0.08381758    0.06457910    0.02489585
  -17.08333333    0.08420533    0.06503719    0.02504842
  -17.00000000    0.08459663    0.06549828    0.02520264
  -16.91666667    0.08499152    0.06595940    0.02535855
  -16.83333333    0.08539002    0.06641615    0.02551617
  -16.75000000    0.08579222    0.06686574    0.02567553
  -16.66666667    0.08619813    0.06730889    0.02583666
  -16.58333333    0.08660782    0.06774943    0.02599957
  -16.50000000    0.08702133    0.06819185    0.02616432
  -16.41666667    0.08743872    0.06863851    0.02633093
  -16.33333333    0.08786002    0.06908831    0.02649942
  -16.25000000    0.08828531    0.06953763    0.02666983
  -16.16666667    0.08871463    0.06998282    0.02684220
  -16.08333333    0.08914802    0.07042273    0.02701655
  -16.00000000    0.08958555    0.07085947    0.02719292
  -15.91666667    0.09002727    0.07129709    0.02737134
  -15.83333333    0.09047324    0.07173902    0.02755186
  -15.75000000    0.09092351    0.07218596    0.02773451
  -15.66666667    0.09137814    0.07263556    0.02791932
  -15.58333333    0.09183719    0.07308410    0.02810633
  -15.50000000    0.09230072    0.07352899    0.02829559
  -15.41666667    0.09276879    0.07397055    0.02848712
  -15.33333333    0.09324146    0.07441183    0.02868099
  -15.25000000    0.09371879    0.07485667    0.02887721
  -15.16666667    0.09420085    0.07530729    0.02907585
  -15.08333333    0.09468770    0.07576294    0.02927694
  -15.00000000    0.09517940    0.07622048    0.02948053
  -14.91666667    0.09567603    0.07667654    0.02968666
  -14.83333333    0.09617765    0.07712976    0.02989539
  -14.75000000    0.09668432    0.07758174    0.03010676
  -14.66666667    0.09719612    0.07803604    0.03032082
  -14.58333333    0.09771313    0.07849593    0.03053762
  -14.50000000    0.09823540    0.07896231    0.03075722
  -14.41666667    0.09876301    0.07943326    0.03097967
  -14.33333333    0.09929604    0.07990529    0.03120502
  -14.25000000    0.09983456    0.08037573    0.03143333
  -14.16666667    0.10037864    0.08084453    0.03166466
  -14.08333333    0.10092838    0.08131428    0.03189908
  -14.00000000    0.10148383    0.08178866    0.03213663
  -13.91666667    0.10204509    0.08227007    0.03237738
  -13.83333333    0.10261224    0.08275812    0.03262141
  -13.75000000    0.10318535    0.08324999    0.03286876
  -13.66666667    0.10376450    0.08374228    0.03311953
  -13.58333333    0.10434980    0.08423330    0.03337376
  -13.50000000    0.10494131    0.08472421    0.03363154
  -13.41666667    0.10553912    0.08521835    0.03389294
  -13.33333333    0.10614334    0.08571910    0.03415804
  -13.25000000    0.10675403    0.08622777    0.03442690
  -13.16666667    0.10737130    0.08674280    0.03469963
  -13.08333333    0.10799524    0.08726081    0.03497629
  -13.00000000    0.10862593    0.08777886    0.03525697
  -12.91666667    0.10926348    0.08829641    0.03554176
  -12.83333333    0.10990798    0.08881574    0.03583076
  -12.75000000    0.11055953    0.08934054    0.03612404
  -12.66666667    0.11121821    0.08987356    0.03642172
  -12.58333333    0.11188415    0.09041492    0.03672388
  -12.50000000    0.11255743    0.09096203    0.03703064
  -12.41666667    0.11323816    0.09151137    0.03734208
  -12.33333333    0.11392644    0.09206076    0.03765833
  -12.25000000    0.11462237    0.09261091    0.03797950
  -12.16666667    0.11532605    0.09316497    0.03830568
  -12.08333333    0.11603762    0.09372663    0.03863702
  -12.00000000    0.11675715    0.09429773    0.03897363
  -11.91666667    0.11748476    0.09487715    0.03931563
  -11.83333333    0.11822057    0.09546157    0.03966315
  -11.75000000    0.11896468    0.09604766    0.04001633
  -11.66666667    0.11971720    0.09663432    0.04037531
  -11.58333333    0.12047826    0.09722343    0.04074024
  -11.50000000    0.12124795    0.09781878    0.04111124
  -11.41666667    0.12202640    0.09842364    0.04148849
  -11.33333333    0.12281373    0.09903872    0.04187215
  -11.25000000    0.12361004    0.09966178    0.04226236
  -11.16666667    0.12441545    0.10028906    0.04265930
  -11.08333333    0.12523010    0.10091783    0.04306316
  -11.00000000    0.12605407    0.10154819    0.04347410
  -10.91666667    0.12688750    0.10218312    0.04389232
  -10.83333333    0.12773052    0.10282666    0.04431801
  -10.75000000    0.12858322    0.10348135    0.04475137
  -10.66666667    0.12944573    0.10414663    0.04519262
  -10.58333333    0.13031818    0.10481930    0.04564196
  -10.50000000    0.13120067    0.10549555    0.04609963
  -10.41666667    0.13209332    0.10617355    0.04656585
  -10.33333333    0.13299626    0.10685473    0.04704087
  -10.25000000    0.13390959    0.10754293    0.04752493
  -10.16666667    0.13483344    0.10824206    0.04801831
  -10.08333333    0.13576791    0.10895361    0.04852127
  -10.00000000    0.13671311    0.10967576    0.04903409
   -9.91666667    0.13766916    0.11040457    0.04955706
   -9.83333333    0.13863617    0.11113660    0.05009050
   -9.75000000    0.13961424    0.11187121    0.05063470
   -9.66666667    0.14060346    0.11261111    0.05119002
   -9.58333333    0.14160396    0.11336071    0.05175679
   -9.50000000    0.14261580    0.11412339    0.05233537
   -9.41666667    0.14363909    0.11489936    0.05292612
   -9.33333333    0.14467393    0.11568559    0.05352946
   -9.25000000    0.14572039    0.11647779    0.05414577
   -9.16666667    0.14677854    0.11727325    0.05477548
   -9.08333333    0.14784847    0.11807273    0.05541905
   -9.00000000    0.14893023    0.11888008    0.05607692
   -8.91666667    0.15002389    0.11969991    0.05674959
   -8.83333333    0.15112950    0.12053469    0.05743756
   -8.75000000    0.15224710    0.12138322    0.05814136
   -8.66666667    0.15337672    0.12224140    0.05886155
   -8.58333333    0.15451840    0.12310500    0.05959872
   -8.50000000    0.15567213    0.12397241    0.06035346
   -8.41666667    0.15683792    0.12484590    0.06112641
   -8.33333333    0.15801579    0.12573024    0.06191827
   -8.25000000    0.15920567    0.12662978    0.06272972
   -8.16666667    0.16040755    0.12754575    0.06356151
   -8.08333333    0.16162138    0.12847544    0.06441443
   -8.00000000    0.16284707    0.12941402    0.06528929
   -7.91666667    0.16408455    0.13035773    0.06618695
   -7.83333333    0.16533371    0.13130640    0.06710833
   -7.75000000    0.16659441    0.13226377    0.06805439
   -7.66666667    0.16786653    0.13323519    0.06902614
   -7.58333333    0.16914986    0.13422431    0.07002466
   -7.50000000    0.17044423    0.13523078    0.07105107
   -7.41666667    0.17174942    0.13625047    0.07210659
   -7.33333333    0.17306515    0.13727818    0.07319246
   -7.25000000    0.17439117    0.13831107    0.07431005
   -7.16666667    0.17572716    0.13935065    0.07546077
   -7.08333333    0.17707276    0.14040198    0.07664613
   -7.00000000    0.17842762    0.14147056    0.07786776
   -6.91666667    0.17979129    0.14255884    0.07912736
   -6.83333333    0.18116333    0.14366467    0.08042674
   -6.75000000    0.18254324    0.14478265    0.08176786
   -6.66666667    0.18393049    0.14590764    0.08315279
   -6.58333333    0.18532448    0.14703820    0.08458372
   -6.50000000    0.18672460    0.14817761    0.08606305
   -6.41666667    0.18813016    0.14933200    0.08759329
   -6.33333333    0.18954043    0.15050644    0.08917716
   -6.25000000    0.19095464    0.15170168    0.09081758
   -6.16666667    0.19237195    0.15291362    0.09251768
   -6.08333333    0.19379148    0.15413586    0.09428082
   -6.00000000    0.19521230    0.15536382    0.09611065
   -5.91666667    0.19663340    0.15659778    0.09801108
   -5.83333333    0.19805373    0.15784283    0.09998632
   -5.75000000    0.19947220    0.15910568    0.10204100
   -5.66666667    0.20088764    0.16039030    0.10418006
   -5.58333333    0.20229882    0.16169524    0.10640888
   -5.50000000    0.20370451    0.16301434    0.10873337
   -5.41666667    0.20510337    0.16434052    0.11115990
   -5.33333333    0.20649403    0.16567025    0.11369545
   -5.25000000    0.20787513    0.16700580    0.11634768
   -5.16666667    0.20924520    0.16835383    0.11912495
   -5.08333333    0.21060279    0.16972092    0.12203645
   -5.00000000    0.21194641    0.17110912    0.12509232
   -4.91666667    0.21327457    0.17251417    0.12830374
   -4.83333333    0.21458577    0.17392776    0.13168303
   -4.75000000    0.21587853    0.17534245    0.13524394
   -4.66666667    0.21715140    0.17675614    0.13900167
   -4.58333333    0.21840294    0.17817314    0.14297320
   -4.50000000    0.21963183    0.17960103    0.14717755
   -4.41666667    0.22083677    0.18104527    0.15163598
   -4.33333333    0.22201659    0.18250477    0.15637243
   -4.25000000    0.22317024    0.18397166    0.16141395
   -4.16666667    0.22429681    0.18543522    0.16679115
   -4.08333333    0.22539556    0.18688778    0.17253877
   -4.00000000    0.22646595    0.18832872    0.17869659
   -3.91666667    0.22750764    0.18976390    0.18531001
   -3.83333333    0.22852054    0.19120064    0.19243141
   -3.75000000    0.22950480    0.19264138    0.20012121
   -3.66666667    0.23046087    0.19408008    0.20844961
   -3.58333333    0.23138945    0.19550375    0.21749856
   -3.50000000    0.23229152    0.19689839    0.22736406
   -3.41666667    0.23316831    0.19825558    0.23815940
   -3.33333333    0.23402132    0.19957541    0.25001896
   -3.25000000    0.23485218    0.20086362    0.26310293
   -3.16666667    0.23566268    0.20212457    0.27760371
   -3.08333333    0.23645457    0.20335424    0.29375374
   -3.00000000    0.23722948    0.20453796    0.31183550
   -2.91666667    0.23798874    0.20565444    0.33219479
   -2.83333333    0.23873308    0.20668384    0.35525752
   -2.75000000    0.23946239    0.20761458    0.38155097
   -2.66666667    0.24017531    0.20844446    0.41173158
   -2.58333333    0.24086877    0.20917479    0.44661865
   -2.50000000    0.24153744    0.20980086    0.48723387
   -2.41666667    0.24217307    0.21030484    0.53484380
   -2.33333333    0.24276369    0.21065563    0.59099069
   -2.25000000    0.24329272    0.21081629    0.65747873
   -2.16666667    0.24373790    0.21075446    0.73623811
   -2.08333333    0.24407019    0.21044895    0.82888791
   -2.00000000    0.24425249    0.20988772    0.93564427
   -1.91666667    0.24423829    0.20905779    1.05298308
   -1.83333333    0.24397039    0.20793286    1.16948908
   -1.75000000    0.24337961    0.20646666    1.26088052
   -1.66666667    0.24238376    0.20459673    1.29017575
   -1.58333333    0.24088699    0.20225709    1.22379483
   -1.50000000    0.23877966    0.19939205    1.06098273
   -1.41666667    0.23593916    0.19596214    0.84325415
   -1.33333333    0.23223180    0.19193718    0.62491235
   -1.25000000    0.22751615    0.18727994    0.44056841
   -1.16666667    0.22164810    0.18193035    0.29987100
   -1.08333333    0.21448768    0.17580154    0.19831281
   -1.00000000    0.20590761    0.16879264    0.12713973
   -0.91666667    0.19580341    0.16081305    0.07806954
   -0.83333333    0.18410407    0.15180444    0.04464036
   -0.75000000    0.17078258    0.14174604    0.02218762
   -0.66666667    0.15586480    0.13063715    0.00745099
   -0.58333333    0.13943537    0.11846484   -0.00182342
   -0.50000000    0.12163940    0.10517632   -0.00719320
   -0.41666667    0.10267906    0.09067760   -0.00974000
   -0.33333333    0.08280509    0.07486980   -0.01022039
   -0.25000000    0.06230371    0.05771551   -0.00916765
   -0.16666667    0.04148062    0.03931013   -0.00696035
   -0.08333333    0.02064371    0.01992534   -0.00386879
    0.00000000    0.00008661    0.00000000    0.00008661
    0.08333333   -0.01992515   -0.01992534   -0.00424742
    0.16666667   -0.03916437   -0.03931013   -0.00903430
    0.25000000   -0.05744820   -0.05771551   -0.01420421
    0.33333333   -0.07464010   -0.07486980   -0.01970904
    0.41666667   -0.09064841   -0.09067760   -0.02551697
    0.50000000   -0.10542240   -0.10517632   -0.03160871
    0.58333333   -0.11894662   -0.11846484   -0.03797466
    0.66666667   -0.13123465   -0.13063715   -0.04461293
    0.75000000   -0.14232262   -0.14174604   -0.05152781
    0.83333333   -0.15226331   -0.15180444   -0.05872877
    0.91666667   -0.16112083   -0.16081305   -0.06622960
    1.00000000   -0.16896624   -0.16879264   -0.07404786
    1.08333333   -0.17587395   -0.17580154   -0.08220446
    1.16666667   -0.18191901   -0.18193035   -0.09072328
    1.25000000   -0.18717508   -0.18727994   -0.09963102
    1.33333333   -0.19171295   -0.19193718   -0.10895684
    1.41666667   -0.19559967   -0.19596214   -0.11873226
    1.50000000   -0.19889792   -0.19939205   -0.12899091
    1.58333333   -0.20166579   -0.20225709   -0.13976822
    1.66666667   -0.20395668   -0.20459673   -0.15110108
    1.75000000   -0.20581939   -0.20646666   -0.16302741
    1.83333333   -0.20729833   -0.20793286   -0.17558550
    1.91666667   -0.20843373   -0.20905779   -0.18881312
    2.00000000   -0.20926196   -0.20988772   -0.20274658
    2.08333333   -0.20981581   -0.21044895   -0.21741910
    2.16666667   -0.21012479   -0.21075446   -0.23285914
    2.25000000   -0.21021544   -0.21081629   -0.24908783
    2.33333333   -0.21011160   -0.21065563   -0.26611636
    2.41666667   -0.20983467   -0.21030484   -0.28394222
    2.50000000   -0.20940385   -0.20980086   -0.30254484
    2.58333333   -0.20883637   -0.20917479   -0.32188084
    2.66666667   -0.20814770   -0.20844446   -0.34187827
    2.75000000   -0.20735171   -0.20761458   -0.36243023
    2.83333333   -0.20646087   -0.20668384   -0.38338887
    2.91666667   -0.20548634   -0.20565444   -0.40455923
    3.00000000   -0.20443819   -0.20453796   -0.42569402
    3.08333333   -0.20332544   -0.20335424   -0.44649110
    3.16666667   -0.20215619   -0.20212457   -0.46659362
    3.25000000   -0.20093774   -0.20086362   -0.48559465
    3.33333333   -0.19967666   -0.19957541   -0.50304807
    3.41666667   -0.19837883   -0.19825558   -0.51848535
    3.50000000   -0.19704959   -0.19689839   -0.53143871
    3.58333333   -0.19569369   -0.19550375   -0.54147004
    3.66666667   -0.19431546   -0.19408008   -0.54820223
    3.75000000   -0.19291876   -0.19264138   -0.55134997
    3.83333333   -0.19150709   -0.19120064   -0.55074586
    3.91666667   -0.19008358   -0.18976390   -0.54635752
    4.00000000   -0.18865107   -0.18832872   -0.53829307
    4.08333333   -0.18721210   -0.18688778   -0.52679351
    4.16666667   -0.18576897   -0.18543522   -0.51221369
    4.25000000   -0.18432372   -0.18397166   -0.49499368
    4.33333333   -0.18287821   -0.18250477   -0.47562647
    4.41666667   -0.18143411   -0.18104527   -0.45462458
    4.50000000   -0.17999291   -0.17960103   -0.43248981
    4.58333333   -0.17855593   -0.17817314   -0.40969020
    4.66666667   -0.17712440   -0.17675614   -0.38664298
    4.75000000   -0.17569936   -0.17534245   -0.36370448
    4.83333333   -0.17428177   -0.17392776   -0.34116756
    4.91666667   -0.17287250   -0.17251417   -0.31926259
    5.00000000   -0.17147228   -0.17110912   -0.29816180
    5.08333333   -0.17008178   -0.16972092   -0.27798679
    5.16666667   -0.16870161   -0.16835383   -0.25881575
    5.25000000   -0.16733227   -0.16700580   -0.24069089
    5.33333333   -0.16597423   -0.16567025   -0.22362630
    5.41666667   -0.16462788   -0.16434052   -0.20761412
    5.50000000   -0.16329355   -0.16301434   -0.19262981
    5.58333333   -0.16197154   -0.16169524   -0.17863742
    5.66666667   -0.16066212   -0.16039030   -0.16559298
    5.75000000   -0.15936547   -0.15910568   -0.15344737
    5.83333333   -0.15808177   -0.15784283   -0.14214899
    5.91666667   -0.15681118   -0.15659778   -0.13164537
    6.00000000   -0.15555379   -0.15536382   -0.12188419
    6.08333333   -0.15430969   -0.15413586   -0.11281467
    6.16666667   -0.15307894   -0.15291362   -0.10438793
    6.25000000   -0.15186156   -0.15170168   -0.09655731
    6.33333333   -0.15065759   -0.15050644   -0.08927889
    6.41666667   -0.14946701   -0.14933200   -0.08251147
    6.50000000   -0.14828980   -0.14817761   -0.07621647
    6.58333333   -0.14712594   -0.14703820   -0.07035812
    6.66666667   -0.14597537   -0.14590764   -0.06490326
    6.75000000   -0.14483804   -0.14478265   -0.05982116
    6.83333333   -0.14371386   -0.14366467   -0.05508351
    6.91666667   -0.14260277   -0.14255884   -0.05066424
    7.00000000   -0.14150467   -0.14147056   -0.04653927
    7.08333333   -0.14041947   -0.14040198   -0.04268652
    7.16666667   -0.13934706   -0.13935065   -0.03908568
    7.25000000   -0.13828733   -0.13831107   -0.03571803
    7.33333333   -0.13724016   -0.13727818   -0.03256642
    7.41666667   -0.13620545   -0.13625047   -0.02961508
    7.50000000   -0.13518305   -0.13523078   -0.02684947
    7.58333333   -0.13417285   -0.13422431   -0.02425627
    7.66666667   -0.13317471   -0.13323519   -0.02182321
    7.75000000   -0.13218850   -0.13226377   -0.01953897
    7.83333333   -0.13121408   -0.13130640   -0.01739318
    7.91666667   -0.13025132   -0.13035773   -0.01537626
    8.00000000   -0.12930007   -0.12941402   -0.01347936
    8.08333333   -0.12836021   -0.12847544   -0.01169437
    8.16666667   -0.12743157   -0.12754575   -0.01001374
    8.25000000   -0.12651404   -0.12662978   -0.00843056
    8.33333333   -0.12560746   -0.12573024   -0.00693840
    8.41666667   -0.12471167   -0.12484590   -0.00553132
    8.50000000   -0.12382657   -0.12397241   -0.00420386
    8.58333333   -0.12295199   -0.12310500   -0.00295092
    8.66666667   -0.12208779   -0.12224140   -0.00176778
    8.75000000   -0.12123385   -0.12138322   -0.00065008
    8.83333333   -0.12039001   -0.12053469    0.00040623
    8.91666667   -0.11955612   -0.11969991    0.00140493
    9.00000000   -0.11873208   -0.11888008    0.00234951
    9.08333333   -0.11791772   -0.11807273    0.00324323
    9.16666667   -0.11711291   -0.11727325    0.00408913
    9.25000000   -0.11631753   -0.11647779    0.00489001
    9.33333333   -0.11553144   -0.11568559    0.00564852
    9.41666667   -0.11475449   -0.11489936    0.00636712
    9.50000000   -0.11398658   -0.11412339    0.00704808
    9.58333333   -0.11322756   -0.11336071    0.00769355
    9.66666667   -0.11247730   -0.11261111    0.00830554
    9.75000000   -0.11173569   -0.11187121    0.00888590
    9.83333333   -0.11100259   -0.11113660    0.00943640
    9.91666667   -0.11027788   -0.11040457    0.00995867
   10.00000000   -0.10956144   -0.10967576    0.01045423
   10.08333333   -0.10885316   -0.10895361    0.01092454
   10.16666667   -0.10815290   -0.10824206    0.01137095
   10.25000000   -0.10746057   -0.10754293    0.01179472
   10.33333333   -0.10677604   -0.10685473    0.01219704
   10.41666667   -0.10609918   -0.10617355    0.01257903
   10.50000000   -0.10542991   -0.10549555    0.01294175
   10.58333333   -0.10476810   -0.10481930    0.01328618
   10.66666667   -0.10411364   -0.10414663    0.01361326
   10.75000000   -0.10346644   -0.10348135    0.01392386
   10.83333333   -0.10282638   -0.10282666    0.01421881
   10.91666667   -0.10219335   -0.10218312    0.01449889
   11.00000000   -0.10156726   -0.10154819    0.01476484
   11.08333333   -0.10094801   -0.10091783    0.01501735
   11.16666667   -0.10033549   -0.10028906    0.01525707
   11.25000000   -0.09972962   -0.09966178    0.01548463
   11.33333333   -0.09913029   -0.09903872    0.01570061
   11.41666667   -0.09853740   -0.09842364    0.01590557
   11.50000000   -0.09795088   -0.09781878    0.01610002
   11.58333333   -0.09737061   -0.09722343    0.01628446
   11.66666667   -0.09679652   -0.09663432    0.01645937
   11.75000000   -0.09622852   -0.09604766    0.01662519
   11.83333333   -0.09566651   -0.09546157    0.01678233
   11.91666667   -0.09511041   -0.09487715    0.01693120
   12.00000000   -0.09456014   -0.09429773    0.01707218
   12.08333333   -0.09401562   -0.09372663    0.01720562
   12.16666667   -0.09347675   -0.09316497    0.01733188
   12.25000000   -0.09294347   -0.09261091    0.01745126
   12.33333333   -0.09241570   -0.09206076    0.01756408
   12.41666667   -0.09189334   -0.09151137    0.01767063
   12.50000000   -0.09137634   -0.09096203    0.01777119
   12.58333333   -0.09086461   -0.09041492    0.01786603
   12.66666667   -0.09035807   -0.08987356    0.01795539
   12.75000000   -0.08985667   -0.08934054    0.01803952
   12.83333333   -0.08936032   -0.08881574    0.01811864
   12.91666667   -0.08886895   -0.08829641    0.01819297
   13.00000000   -0.08838250   -0.08777886    0.01826271
   13.08333333   -0.08790090   -0.08726081    0.01832807
   13.16666667   -0.08742407   -0.08674280    0.01838923
   13.25000000   -0.08695197   -0.08622777    0.01844637
   13.33333333   -0.08648451   -0.08571910    0.01849966
   13.41666667   -0.08602163   -0.08521835    0.01854927
   13.50000000   -0.08556328   -0.08472421    0.01859534
   13.58333333   -0.08510939   -0.08423330    0.01863803
   13.66666667   -0.08465990   -0.08374228    0.01867749
   13.75000000   -0.08421475   -0.08324999    0.01871383
   13.83333333   -0.08377389   -0.08275812    0.01874721
   13.91666667   -0.08333724   -0.08227007    0.01877773
   14.00000000   -0.08290477   -0.08178866    0.01880551
   14.08333333   -0.08247641   -0.08131428    0.01883068
   14.16666667   -0.08205210   -0.08084453    0.01885333
   14.25000000   -0.08163180   -0.08037573    0.01887357
   14.33333333   -0.08121545   -0.07990529    0.01889151
   14.41666667   -0.08080299   -0.07943326    0.01890723
   14.50000000   -0.08039439   -0.07896231    0.01892082
   14.58333333   -0.07998957   -0.07849593    0.01893238
   14.66666667   -0.07958850   -0.07803604    0.01894198
   14.75000000   -0.07919113   -0.07758174    0.01894970
   14.83333333   -0.07879741   -0.07712976    0.01895563
   14.91666667   -0.07840729   -0.07667654    0.01895983
   15.00000000   -0.07802072   -0.07622048    0.01896238
   15.08333333   -0.07763767   -0.07576294    0.01896334
   15.16666667   -0.07725807   -0.07530729    0.01896277
   15.25000000   -0.07688190   -0.07485667    0.01896075
   15.33333333   -0.07650910   -0.07441183    0.01895732
   15.41666667   -0.07613963   -0.07397055    0.01895254
   15.50000000   -0.07577345   -0.07352899    0.01894648
   15.58333333   -0.07541052   -0.07308410    0.01893918
   15.66666667   -0.07505079   -0.07263556    0.01893068
   15.75000000   -0.07469424   -0.07218596    0.01892105
   15.83333333   -0.07434081   -0.07173902    0.01891033
   15.91666667   -0.07399046   -0.07129709    0.01889856
   16.00000000   -0.07364317   -0.07085947    0.01888578
   16.08333333   -0.07329889   -0.07042273    0.01887204
   16.16666667   -0.07295759   -0.06998282    0.01885738
   16.25000000   -0.07261921   -0.06953763    0.01884182
   16.33333333   -0.07228374   -0.06908831    0.01882542
   16.41666667   -0.07195115   -0.06863851    0.01880821
   16.50000000   -0.07162137   -0.06819185    0.01879021
   16.58333333   -0.07129439   -0.06774943    0.01877146
   16.66666667   -0.07097018   -0.06730889    0.01875200
   16.75000000   -0.07064869   -0.06686574    0.01873185
   16.83333333   -0.07032990   -0.06641615    0.01871104
   16.91666667   -0.07001378   -0.06595940    0.01868961
   17.00000000   -0.06970028   -0.06549828    0.01866757
   17.08333333   -0.06938938   -0.06503719    0.01864495
   17.16666667   -0.06908106   -0.06457910    0.01862178
   17.25000000   -0.06877527   -0.06412332    0.01859808
   17.33333333   -0.06847198   -0.06366559    0.01857388
   17.41666667   -0.06817119   -0.06320064    0.01854919
   17.50000000   -0.06787283   -0.06272541    0.01852404
   17.58333333   -0.06757690   -0.06224106    0.01849845
   17.66666667   -0.06728336   -0.06175209    0.01847244
   17.75000000   -0.06699218   -0.06126329    0.01844603
   17.83333333   -0.06670334   -0.06077619    0.01841923
   17.91666667   -0.06641682   -0.06028758    0.01839206
   18.00000000   -0.06613257   -0.05979107    0.01836455
   18.08333333   -0.06585058   -0.05928090    0.01833670
   18.16666667   -0.06557083   -0.05875557    0.01830854
   18.25000000   -0.06529328   -0.05821882    0.01828008
   18.33333333   -0.06501790   -0.05767709    0.01825133
   18.41666667   -0.06474469   -0.05713493    0.01822230
   18.50000000   -0.06447361   -0.05659126    0.01819302
   18.58333333   -0.06420463   -0.05603916    0.01816349
   18.66666667   -0.06393774   -0.05546956    0.01813373
   18.75000000   -0.06367290   -0.05487684    0.01810375
   18.83333333   -0.06341011   -0.05426262    0.01807356
   18.91666667   -0.06314933   -0.05363507    0.01804317
   19.00000000   -0.06289054   -0.05300353    0.01801260
   19.08333333   -0.06263372   -0.05237167    0.01798185
   19.16666667   -0.06237885   -0.05173352    0.01795093
   19.25000000   -0.06212590   -0.05107562    0.01791986
   19.33333333   -0.06187486   -0.05038491    0.01788864
   19.41666667   -0.06162571   -0.04965812    0.01785729
   19.50000000   -0.06137842   -0.04890661    0.01782581
   19.58333333   -0.06113297   -0.04815263    0.01779421
   19.66666667   -0.06088936   -0.04741733    0.01776249
   19.75000000   -0.06064754   -0.04670580    0.01773068
   19.83333333   -0.06040751   -0.04599736    0.01769876
   19.91666667   -0.06016924   -0.04524721    0.01766676
   20.00000000   -0.05993272   -0.04440063    0.01763468
