  -20.00000000    0.07162765    0.04445903    0.02075376
  -19.91666667    0.07191681    0.04530597    0.02086135
  -19.83333333    0.07220829    0.04605632    0.02096992
  -19.75000000    0.07250214    0.04676492    0.02107951
  -19.66666667    0.07279838    0.04747669    0.02119012
  -19.58333333    0.07309703    0.04821237    0.02130175
  -19.50000000    0.07339814    0.04896682    0.02141444
  -19.41666667    0.07370172    0.04971886    0.02152819
  -19.33333333    0.07400780    0.05044619    0.02164302
  -19.25000000    0.07431642    0.05113740    0.02175894
  -19.16666667    0.07462760    0.05179577    0.02187597
  -19.08333333    0.07494138    0.05243438    0.02199412
  -19.00000000    0.07525778    0.05306671    0.02211342
  -18.91666667    0.07557685    0.05369876    0.02223387
  -18.83333333    0.07589859    0.05432686    0.02235550
  -18.75000000    0.07622307    0.05494163    0.02247831
  -18.66666667    0.07655031    0.05553489    0.02260234
  -18.58333333    0.07688032    0.05610499    0.02272759
  -18.50000000    0.07721317    0.05665756    0.02285409
  -18.41666667    0.07754887    0.05720170    0.02298184
  -18.33333333    0.07788746    0.05774434    0.02311088
  -18.25000000    0.07822899    0.05828658    0.02324122
  -18.16666667    0.07857348    0.05882384    0.02337288
  -18.08333333    0.07892096    0.05934969    0.02350587
  -18.00000000    0.07927150    0.05986036    0.02364023
  -17.91666667    0.07962511    0.06035734    0.02377597
  -17.83333333    0.07998182    0.06084641    0.02391311
  -17.75000000    0.08034171    0.06133396    0.02405168
  -17.66666667    0.08070478    0.06182324    0.02419169
  -17.58333333    0.08107108    0.06231269    0.02433317
  -17.50000000    0.08144067    0.06279754    0.02447614
  -17.41666667    0.08181357    0.06327326    0.02462062
  -17.33333333    0.08218983    0.06373868    0.02476664
  -17.25000000    0.08256949    0.06419686    0.02491423
  -17.16666667    0.08295260    0.06465310    0.02506340
  -17.08333333    0.08333920    0.06511163    0.02521419
  -17.00000000    0.08372934    0.06557319    0.02536661
  -16.91666667    0.08412306    0.06603480    0.02552071
  -16.83333333    0.08452039    0.06649203    0.02567649
  -16.75000000    0.08492142    0.06694209    0.02583400
  -16.66666667    0.08532616    0.06738570    0.02599325
  -16.58333333    0.08573467    0.06782670    0.02615428
  -16.50000000    0.08614701    0.06826956    0.02631712
  -16.41666667    0.08656322    0.06871667    0.02648181
  -16.33333333    0.08698334    0.06916694    0.02664835
  -16.25000000    0.08740745    0.06961674    0.02681680
  -16.16666667    0.08783558    0.07006242    0.02698718
  -16.08333333    0.08826778    0.07050280    0.02715953
  -16.00000000    0.08870413    0.07094000    0.02733388
  -15.91666667    0.08914467    0.07137807    0.02751026
  -15.83333333    0.08958945    0.07182045    0.02768872
  -15.75000000    0.09003853    0.07226786    0.02786928
  -15.66666667    0.09049198    0.07271794    0.02805198
  -15.58333333    0.09094985    0.07316696    0.02823687
  -15.50000000    0.09141219    0.07361233    0.02842398
  -15.41666667    0.09187907    0.07405437    0.02861334
  -15.33333333    0.09235056    0.07449612    0.02880501
  -15.25000000    0.09282671    0.07494142    0.02899903
  -15.16666667    0.09330759    0.07539251    0.02919542
  -15.08333333    0.09379327    0.07584863    0.02939425
  -15.00000000    0.09428380    0.07630666    0.02959555
  -14.91666667    0.09477926    0.07676322    0.02979938
  -14.83333333    0.09527972    0.07721693    0.03000577
  -14.75000000    0.09578523    0.07766940    0.03021478
  -14.66666667    0.09629588    0.07812417    0.03042645
  -14.58333333    0.09681173    0.07858453    0.03064084
  -14.50000000    0.09733286    0.07905140    0.03085800
  -14.41666667    0.09785933    0.07952284    0.03107798
  -14.33333333    0.09839123    0.07999537    0.03130084
  -14.25000000    0.09892863    0.08046633    0.03152663
  -14.16666667    0.09947160    0.08093562    0.03175542
  -14.08333333    0.10002024    0.08140587    0.03198725
  -14.00000000    0.10057460    0.08188075    0.03222220
  -13.91666667    0.10113477    0.08236265    0.03246032
  -13.83333333    0.10170085    0.08285120    0.03270168
  -13.75000000    0.10227289    0.08334358    0.03294634
  -13.66666667    0.10285100    0.08383639    0.03319438
  -13.58333333    0.10343527    0.08432793    0.03344586
  -13.50000000    0.10402576    0.08481937    0.03370085
  -13.41666667    0.10462257    0.08531402    0.03395942
  -13.33333333    0.10522580    0.08581528    0.03422167
  -13.25000000    0.10583553    0.08632447    0.03448764
  -13.16666667    0.10645185    0.08684002    0.03475744
  -13.08333333    0.10707487    0.08735856    0.03503115
  -13.00000000    0.10770466    0.08787715    0.03530884
  -12.91666667    0.10834132    0.08839525    0.03559060
  -12.83333333    0.10898497    0.08891512    0.03587653
  -12.75000000    0.10963568    0.08944044    0.03616671
  -12.66666667    0.11029356    0.08997400    0.03646124
  -12.58333333    0.11095873    0.09051589    0.03676023
  -12.50000000    0.11163126    0.09106356    0.03706376
  -12.41666667    0.11231127    0.09161345    0.03737194
  -12.33333333    0.11299887    0.09216341    0.03768490
  -12.25000000    0.11369415    0.09271411    0.03800271
  -12.16666667    0.11439724    0.09326874    0.03832552
  -12.08333333    0.11510823    0.09383095    0.03865343
  -12.00000000    0.11582723    0.09440260    0.03898656
  -11.91666667    0.11655436    0.09498259    0.03932504
  -11.83333333    0.11728974    0.09556758    0.03966900
  -11.75000000    0.11803346    0.09615426    0.04001857
  -11.66666667    0.11878564    0.09674150    0.04037389
  -11.58333333    0.11954642    0.09733120    0.04073511
  -11.50000000    0.12031589    0.09792713    0.04110236
  -11.41666667    0.12109417    0.09853256    0.04147581
  -11.33333333    0.12188139    0.09914823    0.04185560
  -11.25000000    0.12267767    0.09977188    0.04224190
  -11.16666667    0.12348311    0.10039976    0.04263489
  -11.08333333    0.12429786    0.10102914    0.04303472
  -11.00000000    0.12512201    0.10166011    0.04344159
  -10.91666667    0.12595570    0.10229565    0.04385568
  -10.83333333    0.12679906    0.10293979    0.04427719
  -10.75000000    0.12765218    0.10359508    0.04470630
  -10.66666667    0.12851522    0.10426097    0.04514324
  -10.58333333    0.12938829    0.10493425    0.04558821
  -10.50000000    0.13027150    0.10561113    0.04604144
  -10.41666667    0.13116497    0.10628977    0.04650317
  -10.33333333    0.13206886    0.10697159    0.04697363
  -10.25000000    0.13298324    0.10766042    0.04745306
  -10.16666667    0.13390826    0.10836017    0.04794174
  -10.08333333    0.13484405    0.10907235    0.04843993
  -10.00000000    0.13579069    0.10979513    0.04894791
   -9.91666667    0.13674832    0.11052458    0.04946597
   -9.83333333    0.13771707    0.11125726    0.04999442
   -9.75000000    0.13869702    0.11199254    0.05053356
   -9.66666667    0.13968829    0.11273309    0.05108374
   -9.58333333    0.14069101    0.11348334    0.05164529
   -9.50000000    0.14170525    0.11424666    0.05221856
   -9.41666667    0.14273113    0.11502329    0.05280393
   -9.33333333    0.14376876    0.11581018    0.05340180
   -9.25000000    0.14481821    0.11660304    0.05401255
   -9.16666667    0.14587956    0.11739918    0.05463661
   -9.08333333    0.14695293    0.11819933    0.05527444
   -9.00000000    0.14803836    0.11900735    0.05592648
   -8.91666667    0.14913594    0.11982785    0.05659321
   -8.83333333    0.15024573    0.12066330    0.05727516
   -8.75000000    0.15136777    0.12151248    0.05797283
   -8.66666667    0.15250212    0.12237134    0.05868679
   -8.58333333    0.15364884    0.12323562    0.05941762
   -8.50000000    0.15480791    0.12410373    0.06016591
   -8.41666667    0.15597938    0.12497791    0.06093231
   -8.33333333    0.15716325    0.12586293    0.06171750
   -8.25000000    0.15835950    0.12676315    0.06252217
   -8.16666667    0.15956812    0.12767978    0.06334705
   -8.08333333    0.16078908    0.12861014    0.06419295
   -8.00000000    0.16202231    0.12954941    0.06506065
   -7.91666667    0.16326776    0.13049381    0.06595103
   -7.83333333    0.16452533    0.13144318    0.06686500
   -7.75000000    0.16579491    0.13240123    0.06780351
   -7.66666667    0.16707639    0.13337333    0.06876758
   -7.58333333    0.16836960    0.13436312    0.06975826
   -7.50000000    0.16967437    0.13537025    0.07077671
   -7.41666667    0.17099051    0.13639061    0.07182410
   -7.33333333    0.17231778    0.13741899    0.07290169
   -7.25000000    0.17365594    0.13845256    0.07401085
   -7.16666667    0.17500470    0.13949282    0.07515297
   -7.08333333    0.17636372    0.14054482    0.07632957
   -7.00000000    0.17773267    0.14161405    0.07754227
   -6.91666667    0.17911115    0.14270297    0.07879277
   -6.83333333    0.18049873    0.14380943    0.08008286
   -6.75000000    0.18189495    0.14492805    0.08141452
   -6.66666667    0.18329931    0.14605369    0.08278979
   -6.58333333    0.18471123    0.14718489    0.08421087
   -6.50000000    0.18613013    0.14832493    0.08568015
   -6.41666667    0.18755536    0.14947994    0.08720015
   -6.33333333    0.18898621    0.15065497    0.08877356
   -6.25000000    0.19042196    0.15185079    0.09040332
   -6.16666667    0.19186179    0.15306330    0.09209253
   -6.08333333    0.19330484    0.15428611    0.09384457
   -6.00000000    0.19475021    0.15551464    0.09566306
   -5.91666667    0.19619694    0.15674916    0.09755193
   -5.83333333    0.19764400    0.15799475    0.09951538
   -5.75000000    0.19909031    0.15925811    0.10155801
   -5.66666667    0.20053474    0.16054321    0.10368480
   -5.58333333    0.20197608    0.16184861    0.10590110
   -5.50000000    0.20341312    0.16316816    0.10821281
   -5.41666667    0.20484453    0.16449478    0.11062633
   -5.33333333    0.20626898    0.16582494    0.11314861
   -5.25000000    0.20768507    0.16716090    0.11578732
   -5.16666667    0.20909138    0.16850929    0.11855083
   -5.08333333    0.21048643    0.16987671    0.12144831
   -5.00000000    0.21186875    0.17126520    0.12448995
   -4.91666667    0.21323680    0.17267051    0.12768690
   -4.83333333    0.21458908    0.17408433    0.13105151
   -4.75000000    0.21592408    0.17549923    0.13459754
   -4.66666667    0.21724028    0.17691310    0.13834024
   -4.58333333    0.21853622    0.17833024    0.14229658
   -4.50000000    0.21981050    0.17975821    0.14648565
   -4.41666667    0.22106174    0.18120246    0.15092874
   -4.33333333    0.22228867    0.18266192    0.15564985
   -4.25000000    0.22349014    0.18412873    0.16067613
   -4.16666667    0.22466511    0.18559215    0.16603827
   -4.08333333    0.22581270    0.18704452    0.17177113
   -4.00000000    0.22693219    0.18848523    0.17791465
   -3.91666667    0.22802307    0.18992009    0.18451442
   -3.83333333    0.22908504    0.19135641    0.19162306
   -3.75000000    0.23011802    0.19279665    0.19930129
   -3.66666667    0.23112221    0.19423475    0.20761971
   -3.58333333    0.23209803    0.19565774    0.21666074
   -3.50000000    0.23304617    0.19705163    0.22652101
   -3.41666667    0.23396754    0.19840798    0.23731462
   -3.33333333    0.23486327    0.19972686    0.24917696
   -3.25000000    0.23573464    0.20101400    0.26226956
   -3.16666667    0.23658305    0.20227372    0.27678655
   -3.08333333    0.23740983    0.20350202    0.29296266
   -3.00000000    0.23821620    0.20468423    0.31108336
   -2.91666667    0.23900302    0.20579908    0.33149849
   -2.83333333    0.23977059    0.20682671    0.35463932
   -2.75000000    0.24051832    0.20775553    0.38104043
   -2.66666667    0.24124440    0.20858331    0.41136815
   -2.58333333    0.24194530    0.20931134    0.44645530
   -2.50000000    0.24261525    0.20993489    0.48734209
   -2.41666667    0.24324558    0.21043614    0.53532024
   -2.33333333    0.24382392    0.21078400    0.59196566
   -2.25000000    0.24433336    0.21094155    0.65912577
   -2.16666667    0.24475137    0.21087641    0.73878113
   -2.08333333    0.24504871    0.21056737    0.83259592
   -2.00000000    0.24518817    0.21000235    0.94078817
   -1.91666667    0.24512330    0.20916836    1.05970364
   -1.83333333    0.24479708    0.20803910    1.17750906
   -1.75000000    0.24414069    0.20656832    1.26909004
   -1.66666667    0.24307255    0.20469360    1.29650254
   -1.58333333    0.24149760    0.20234897    1.22612906
   -1.50000000    0.23930732    0.19947875    1.05888085
   -1.41666667    0.23638047    0.19604342    0.83832729
   -1.33333333    0.23258503    0.19201279    0.61931736
   -1.25000000    0.22778149    0.18734961    0.43568114
   -1.16666667    0.22182789    0.18199385    0.29615463
   -1.08333333    0.21458652    0.17585873    0.19571726
   -1.00000000    0.20593241    0.16884342    0.12543814
   -0.91666667    0.19576324    0.16085735    0.07702180
   -0.83333333    0.18400985    0.15184213    0.04404797
   -0.75000000    0.17064659    0.14177690    0.02190144
   -0.66666667    0.15570006    0.13066096    0.00736378
   -0.58333333    0.13925487    0.11848154   -0.00178721
   -0.50000000    0.12145534    0.10518620   -0.00708623
   -0.41666667    0.10250213    0.09068154   -0.00959880
   -0.33333333    0.08264388    0.07486927   -0.01007018
   -0.25000000    0.06216436    0.05771243   -0.00902569
   -0.16666667    0.04136670    0.03930658   -0.00683832
   -0.08333333    0.02055632    0.01992307   -0.00377440
    0.00000000    0.00002473    0.00000000    0.00002473
    0.08333333   -0.01996423   -0.01992307   -0.00427399
    0.16666667   -0.03918453   -0.03930658   -0.00902430
    0.25000000   -0.05745398   -0.05771243   -0.01415754
    0.33333333   -0.07463626   -0.07486927   -0.01962651
    0.41666667   -0.09063957   -0.09068154   -0.02540015
    0.50000000   -0.10541277   -0.10518620   -0.03145980
    0.58333333   -0.11893983   -0.11848154   -0.03779644
    0.66666667   -0.13123368   -0.13066096   -0.04440873
    0.75000000   -0.14232979   -0.14177690   -0.05130153
    0.83333333   -0.15228031   -0.15184213   -0.05848488
    0.91666667   -0.16114878   -0.16085735   -0.06597320
    1.00000000   -0.16900575   -0.16884342   -0.07378473
    1.08333333   -0.17592524   -0.17585873   -0.08194113
    1.16666667   -0.18198196   -0.18199385   -0.09046715
    1.25000000   -0.18724932   -0.18734961   -0.09939040
    1.33333333   -0.19179793   -0.19201279   -0.10874113
    1.41666667   -0.19569468   -0.19604342   -0.11855204
    1.50000000   -0.19900219   -0.19947875   -0.12885808
    1.58333333   -0.20177849   -0.20234897   -0.13969614
    1.66666667   -0.20407696   -0.20469360   -0.15110473
    1.75000000   -0.20594642   -0.20656832   -0.16312353
    1.83333333   -0.20743128   -0.20803910   -0.17579269
    1.91666667   -0.20857182   -0.20916836   -0.18915200
    2.00000000   -0.20940444   -0.21000235   -0.20323980
    2.08333333   -0.20996199   -0.21056737   -0.21809137
    2.16666667   -0.21027403   -0.21087641   -0.23373715
    2.25000000   -0.21036714   -0.21094155   -0.25020001
    2.33333333   -0.21026523   -0.21078400   -0.26749246
    2.41666667   -0.20998973   -0.21043614   -0.28561270
    2.50000000   -0.20955991   -0.20993489   -0.30453994
    2.58333333   -0.20899305   -0.20931134   -0.32422925
    2.66666667   -0.20830464   -0.20858331   -0.34460545
    2.75000000   -0.20750861   -0.20775553   -0.36555618
    2.83333333   -0.20661746   -0.20682671   -0.38692548
    2.91666667   -0.20564240   -0.20579908   -0.40850711
    3.00000000   -0.20459352   -0.20468423   -0.43003911
    3.08333333   -0.20347986   -0.20350202   -0.45120119
    3.16666667   -0.20230957   -0.20227372   -0.47161516
    3.25000000   -0.20108997   -0.20101400   -0.49085048
    3.33333333   -0.19982765   -0.19972686   -0.50843653
    3.41666667   -0.19852851   -0.19840798   -0.52388149
    3.50000000   -0.19719790   -0.19705163   -0.53669808
    3.58333333   -0.19584060   -0.19565774   -0.54643519
    3.66666667   -0.19446095   -0.19423475   -0.55271174
    3.75000000   -0.19306282   -0.19279665   -0.55524917
    3.83333333   -0.19164972   -0.19135641   -0.55389810
    3.91666667   -0.19022480   -0.18992009   -0.54865439
    4.00000000   -0.18879091   -0.18848523   -0.53966216
    4.08333333   -0.18735058   -0.18704452   -0.52720268
    4.16666667   -0.18590613   -0.18559215   -0.51167131
    4.25000000   -0.18445960   -0.18412873   -0.49354520
    4.33333333   -0.18301287   -0.18266192   -0.47334803
    4.41666667   -0.18156760   -0.18120246   -0.45161485
    4.50000000   -0.18012528   -0.17975821   -0.42886138
    4.58333333   -0.17868725   -0.17833024   -0.40556143
    4.66666667   -0.17725472   -0.17691310   -0.38213102
    4.75000000   -0.17582874   -0.17549923   -0.35892002
    4.83333333   -0.17441028   -0.17408433   -0.33621114
    4.91666667   -0.17300020   -0.17267051   -0.31422249
    5.00000000   -0.17159924   -0.17126520   -0.29311320
    5.08333333   -0.17020807   -0.16987671   -0.27299188
    5.16666667   -0.16882730   -0.16850929   -0.25392449
    5.25000000   -0.16745742   -0.16716090   -0.23594216
    5.33333333   -0.16609890   -0.16582494   -0.21904929
    5.41666667   -0.16475213   -0.16449478   -0.20322969
    5.50000000   -0.16341746   -0.16316816   -0.18845193
    5.58333333   -0.16209517   -0.16184861   -0.17467436
    5.66666667   -0.16078552   -0.16054321   -0.16184845
    5.75000000   -0.15948871   -0.15925811   -0.14992149
    5.83333333   -0.15820491   -0.15799475   -0.13883913
    5.91666667   -0.15693427   -0.15674916   -0.12854677
    6.00000000   -0.15567689   -0.15551464   -0.11899061
    6.08333333   -0.15443285   -0.15428611   -0.11011876
    6.16666667   -0.15320222   -0.15306330   -0.10188166
    6.25000000   -0.15198501   -0.15185079   -0.09423220
    6.33333333   -0.15078126   -0.15065497   -0.08712628
    6.41666667   -0.14959095   -0.14947994   -0.08052266
    6.50000000   -0.14841406   -0.14832493   -0.07438285
    6.58333333   -0.14725056   -0.14718489   -0.06867128
    6.66666667   -0.14610040   -0.14605369   -0.06335505
    6.75000000   -0.14496351   -0.14492805   -0.05840373
    6.83333333   -0.14383983   -0.14380943   -0.05378935
    6.91666667   -0.14272927   -0.14270297   -0.04948620
    7.00000000   -0.14163174   -0.14161405   -0.04547055
    7.08333333   -0.14054714   -0.14054482   -0.04172069
    7.16666667   -0.13947537   -0.13949282   -0.03821667
    7.25000000   -0.13841631   -0.13845256   -0.03494011
    7.33333333   -0.13736985   -0.13741899   -0.03187420
    7.41666667   -0.13633587   -0.13639061   -0.02900350
    7.50000000   -0.13531424   -0.13537025   -0.02631377
    7.58333333   -0.13430484   -0.13436312   -0.02379198
    7.66666667   -0.13330752   -0.13337333   -0.02142615
    7.75000000   -0.13232216   -0.13240123   -0.01920521
    7.83333333   -0.13134862   -0.13144318   -0.01711904
    7.91666667   -0.13038676   -0.13049381   -0.01515829
    8.00000000   -0.12943643   -0.12954941   -0.01331434
    8.08333333   -0.12849751   -0.12861014   -0.01157926
    8.16666667   -0.12756983   -0.12767978   -0.00994569
    8.25000000   -0.12665328   -0.12676315   -0.00840692
    8.33333333   -0.12574770   -0.12586293   -0.00695668
    8.41666667   -0.12485294   -0.12497791   -0.00558917
    8.50000000   -0.12396887   -0.12410373   -0.00429908
    8.58333333   -0.12309534   -0.12323562   -0.00308146
    8.66666667   -0.12223221   -0.12237134   -0.00193169
    8.75000000   -0.12137934   -0.12151248   -0.00084556
    8.83333333   -0.12053659   -0.12066330    0.00018089
    8.91666667   -0.11970381   -0.11982785    0.00115134
    9.00000000   -0.11888089   -0.11900735    0.00206918
    9.08333333   -0.11806766   -0.11819933    0.00293757
    9.16666667   -0.11726399   -0.11739918    0.00375949
    9.25000000   -0.11646976   -0.11660304    0.00453764
    9.33333333   -0.11568482   -0.11581018    0.00527460
    9.41666667   -0.11490904   -0.11502329    0.00597277
    9.50000000   -0.11414230   -0.11424666    0.00663435
    9.58333333   -0.11338446   -0.11348334    0.00726144
    9.66666667   -0.11263538   -0.11273309    0.00785598
    9.75000000   -0.11189496   -0.11199254    0.00841978
    9.83333333   -0.11116307   -0.11125726    0.00895454
    9.91666667   -0.11043956   -0.11052458    0.00946186
   10.00000000   -0.10972433   -0.10979513    0.00994323
   10.08333333   -0.10901726   -0.10907235    0.01040005
   10.16666667   -0.10831822   -0.10836017    0.01083363
   10.25000000   -0.10762711   -0.10766042    0.01124520
   10.33333333   -0.10694380   -0.10697159    0.01163593
   10.41666667   -0.10626817   -0.10628977    0.01200689
   10.50000000   -0.10560012   -0.10561113    0.01235911
   10.58333333   -0.10493954   -0.10493425    0.01269356
   10.66666667   -0.10428631   -0.10426097    0.01301113
   10.75000000   -0.10364034   -0.10359508    0.01331269
   10.83333333   -0.10300151   -0.10293979    0.01359903
   10.91666667   -0.10236971   -0.10229565    0.01387091
   11.00000000   -0.10174486   -0.10166011    0.01412905
   11.08333333   -0.10112684   -0.10102914    0.01437412
   11.16666667   -0.10051556   -0.10039976    0.01460677
   11.25000000   -0.09991092   -0.09977188    0.01482758
   11.33333333   -0.09931282   -0.09914823    0.01503713
   11.41666667   -0.09872116   -0.09853256    0.01523597
   11.50000000   -0.09813586   -0.09792713    0.01542459
   11.58333333   -0.09755682   -0.09733120    0.01560348
   11.66666667   -0.09698395   -0.09674150    0.01577309
   11.75000000   -0.09641717   -0.09615426    0.01593386
   11.83333333   -0.09585639   -0.09556758    0.01608620
   11.91666667   -0.09530150   -0.09498259    0.01623050
   12.00000000   -0.09475245   -0.09440260    0.01636712
   12.08333333   -0.09420914   -0.09383095    0.01649641
   12.16666667   -0.09367149   -0.09326874    0.01661870
   12.25000000   -0.09313941   -0.09271411    0.01673432
   12.33333333   -0.09261284   -0.09216341    0.01684355
   12.41666667   -0.09209169   -0.09161345    0.01694669
   12.50000000   -0.09157588   -0.09106356    0.01704400
   12.58333333   -0.09106535   -0.09051589    0.01713574
   12.66666667   -0.09056000   -0.08997400    0.01722216
   12.75000000   -0.09005979   -0.08944044    0.01730348
   12.83333333   -0.08956462   -0.08891512    0.01737994
   12.91666667   -0.08907443   -0.08839525    0.01745173
   13.00000000   -0.08858916   -0.08787715    0.01751907
   13.08333333   -0.08810873   -0.08735856    0.01758213
   13.16666667   -0.08763307   -0.08684002    0.01764112
   13.25000000   -0.08716212   -0.08632447    0.01769619
   13.33333333   -0.08669582   -0.08581528    0.01774752
   13.41666667   -0.08623410   -0.08531402    0.01779527
   13.50000000   -0.08577690   -0.08481937    0.01783958
   13.58333333   -0.08532415   -0.08432793    0.01788060
   13.66666667   -0.08487580   -0.08383639    0.01791847
   13.75000000   -0.08443179   -0.08334358    0.01795332
   13.83333333   -0.08399206   -0.08285120    0.01798528
   13.91666667   -0.08355654   -0.08236265    0.01801446
   14.00000000   -0.08312519   -0.08188075    0.01804098
   14.08333333   -0.08269794   -0.08140587    0.01806495
   14.16666667   -0.08227475   -0.08093562    0.01808648
   14.25000000   -0.08185556   -0.08046633    0.01810567
   14.33333333   -0.08144031   -0.07999537    0.01812261
   14.41666667   -0.08102895   -0.07952284    0.01813739
   14.50000000   -0.08062143   -0.07905140    0.01815011
   14.58333333   -0.08021771   -0.07858453    0.01816084
   14.66666667   -0.07981772   -0.07812417    0.01816968
   14.75000000   -0.07942143   -0.07766940    0.01817669
   14.83333333   -0.07902878   -0.07721693    0.01818195
   14.91666667   -0.07863972   -0.07676322    0.01818553
   15.00000000   -0.07825422   -0.07630666    0.01818750
   15.08333333   -0.07787222   -0.07584863    0.01818793
   15.16666667   -0.07749367   -0.07539251    0.01818688
   15.25000000   -0.07711855   -0.07494142    0.01818441
   15.33333333   -0.07674679   -0.07449612    0.01818057
   15.41666667   -0.07637835   -0.07405437    0.01817542
   15.50000000   -0.07601321   -0.07361233    0.01816902
   15.58333333   -0.07565131   -0.07316696    0.01816142
   15.66666667   -0.07529260   -0.07271794    0.01815266
   15.75000000   -0.07493706   -0.07226786    0.01814279
   15.83333333   -0.07458465   -0.07182045    0.01813186
   15.91666667   -0.07423531   -0.07137807    0.01811991
   16.00000000   -0.07388902   -0.07094000    0.01810699
   16.08333333   -0.07354573   -0.07050280    0.01809313
   16.16666667   -0.07320542   -0.07006242    0.01807836
   16.25000000   -0.07286803   -0.06961674    0.01806274
   16.33333333   -0.07253354   -0.06916694    0.01804629
   16.41666667   -0.07220192   -0.06871667    0.01802905
   16.50000000   -0.07187311   -0.06826956    0.01801106
   16.58333333   -0.07154710   -0.06782670    0.01799233
   16.66666667   -0.07122385   -0.06738570    0.01797291
   16.75000000   -0.07090332   -0.06694209    0.01795282
   16.83333333   -0.07058547   -0.06649203    0.01793209
   16.91666667   -0.07027030   -0.06603480    0.01791075
   17.00000000   -0.06995774   -0.06557319    0.01788882
   17.08333333   -0.06964778   -0.06511163    0.01786634
   17.16666667   -0.06934038   -0.06465310    0.01784332
   17.25000000   -0.06903552   -0.06419686    0.01781978
   17.33333333   -0.06873316   -0.06373868    0.01779575
   17.41666667   -0.06843327   -0.06327326    0.01777126
   17.50000000   -0.06813583   -0.06279754    0.01774632
   17.58333333   -0.06784080   -0.06231269    0.01772095
   17.66666667   -0.06754817   -0.06182324    0.01769517
   17.75000000   -0.06725789   -0.06133396    0.01766900
   17.83333333   -0.06696994   -0.06084641    0.01764245
   17.91666667   -0.06668430   -0.06035734    0.01761556
   18.00000000   -0.06640093   -0.05986036    0.01758832
   18.08333333   -0.06611982   -0.05934969    0.01756076
   18.16666667   -0.06584094   -0.05882384    0.01753290
   18.25000000   -0.06556426   -0.05828658    0.01750474
   18.33333333   -0.06528975   -0.05774434    0.01747631
   18.41666667   -0.06501739   -0.05720170    0.01744761
   18.50000000   -0.06474716   -0.05665756    0.01741866
   18.58333333   -0.06447903   -0.05610499    0.01738948
   18.66666667   -0.06421299   -0.05553489    0.01736006
   18.75000000   -0.06394899   -0.05494163    0.01733044
   18.83333333   -0.06368703   -0.05432686    0.01730061
   18.91666667   -0.06342709   -0.05369876    0.01727060
   19.00000000   -0.06316912   -0.05306671    0.01724040
   19.08333333   -0.06291312   -0.05243438    0.01721003
   19.16666667   -0.06265907   -0.05179577    0.01717951
   19.25000000   -0.06240694   -0.05113740    0.01714883
   19.33333333   -0.06215671   -0.05044619    0.01711802
   19.41666667   -0.06190837   -0.04971886    0.01708707
   19.50000000   -0.06166187   -0.04896682    0.01705600
   19.58333333   -0.06141722   -0.04821237    0.01702481
   19.66666667   -0.06117440   -0.04747669    0.01699352
   19.75000000   -0.06093337   -0.04676492    0.01696212
   19.83333333   -0.06069412   -0.04605632    0.01693064
   19.91666667   -0.06045663   -0.04530597    0.01689907
   20.00000000   -0.06022089   -0.04445903    0.01686743
