  -20.00000000    0.03949819    0.04049511    0.00525433
  -19.91666667    0.03975192    0.04129423    0.00522653
  -19.83333333    0.04000791    0.04200766    0.00519867
  -19.75000000    0.04026622    0.04268441    0.00517076
  -19.66666667    0.04052687    0.04336466    0.00514280
  -19.58333333    0.04078987    0.04406687    0.00511480
  -19.50000000    0.04105528    0.04478612    0.00508676
  -19.41666667    0.04132311    0.04550290    0.00505867
  -19.33333333    0.04159341    0.04619649    0.00503054
  -19.25000000    0.04186621    0.04685597    0.00500238
  -19.16666667    0.04214154    0.04748383    0.00497418
  -19.08333333    0.04241944    0.04809168    0.00494595
  -19.00000000    0.04269994    0.04869177    0.00491769
  -18.91666667    0.04298308    0.04928986    0.00488940
  -18.83333333    0.04326889    0.04988295    0.00486109
  -18.75000000    0.04355742    0.05046280    0.00483276
  -18.66666667    0.04384871    0.05102199    0.00480440
  -18.58333333    0.04414278    0.05155889    0.00477604
  -18.50000000    0.04443969    0.05207846    0.00474766
  -18.41666667    0.04473947    0.05258893    0.00471927
  -18.33333333    0.04504216    0.05309681    0.00469088
  -18.25000000    0.04534781    0.05360341    0.00466248
  -18.16666667    0.04565646    0.05410488    0.00463409
  -18.08333333    0.04596814    0.05459549    0.00460570
  -18.00000000    0.04628292    0.05507174    0.00457733
  -17.91666667    0.04660084    0.05553478    0.00454897
  -17.83333333    0.04692192    0.05598970    0.00452062
  -17.75000000    0.04724624    0.05644234    0.00449230
  -17.66666667    0.04757383    0.05689585    0.00446401
  -17.58333333    0.04790475    0.05734915    0.00443575
  -17.50000000    0.04823904    0.05779809    0.00440753
  -17.41666667    0.04857676    0.05823855    0.00437936
  -17.33333333    0.04891795    0.05866933    0.00435123
  -17.25000000    0.04926268    0.05909294    0.00432316
  -17.16666667    0.04961099    0.05951408    0.00429514
  -17.08333333    0.04996294    0.05993669    0.00426720
  -17.00000000    0.05031859    0.06036167    0.00423932
  -16.91666667    0.05067800    0.06078659    0.00421153
  -16.83333333    0.05104122    0.06120758    0.00418382
  -16.75000000    0.05140832    0.06162199    0.00415621
  -16.66666667    0.05177936    0.06203026    0.00412870
  -16.58333333    0.05215438    0.06243561    0.00410129
  -16.50000000    0.05253348    0.06284208    0.00407401
  -16.41666667    0.05291671    0.06325196    0.00404684
  -16.33333333    0.05330413    0.06366455    0.00401982
  -16.25000000    0.05369582    0.06407678    0.00399293
  -16.16666667    0.05409184    0.06448538    0.00396619
  -16.08333333    0.05449226    0.06488912    0.00393962
  -16.00000000    0.05489716    0.06528965    0.00391322
  -15.91666667    0.05530662    0.06569045    0.00388700
  -15.83333333    0.05572070    0.06609466    0.00386097
  -15.75000000    0.05613949    0.06650312    0.00383514
  -15.66666667    0.05656306    0.06691400    0.00380953
  -15.58333333    0.05699151    0.06732409    0.00378415
  -15.50000000    0.05742490    0.06773100    0.00375900
  -15.41666667    0.05786332    0.06813477    0.00373411
  -15.33333333    0.05830687    0.06853789    0.00370949
  -15.25000000    0.05875563    0.06894372    0.00368514
  -15.16666667    0.05920969    0.06935436    0.00366109
  -15.08333333    0.05966915    0.06976940    0.00363735
  -15.00000000    0.06013409    0.07018627    0.00361393
  -14.91666667    0.06060461    0.07060202    0.00359085
  -14.83333333    0.06108083    0.07101527    0.00356813
  -14.75000000    0.06156283    0.07142720    0.00354579
  -14.66666667    0.06205073    0.07184078    0.00352384
  -14.58333333    0.06254462    0.07225890    0.00350231
  -14.50000000    0.06304462    0.07268257    0.00348121
  -14.41666667    0.06355084    0.07311033    0.00346056
  -14.33333333    0.06406341    0.07353927    0.00344038
  -14.25000000    0.06458241    0.07396699    0.00342071
  -14.16666667    0.06510799    0.07439322    0.00340155
  -14.08333333    0.06564027    0.07482001    0.00338294
  -14.00000000    0.06617937    0.07525049    0.00336489
  -13.91666667    0.06672542    0.07568683    0.00334744
  -13.83333333    0.06727855    0.07612895    0.00333061
  -13.75000000    0.06783890    0.07657458    0.00331443
  -13.66666667    0.06840661    0.07702083    0.00329893
  -13.58333333    0.06898183    0.07746611    0.00328414
  -13.50000000    0.06956469    0.07791119    0.00327009
  -13.41666667    0.07015535    0.07835879    0.00325682
  -13.33333333    0.07075397    0.07881181    0.00324435
  -13.25000000    0.07136069    0.07927156    0.00323273
  -13.16666667    0.07197568    0.07973691    0.00322199
  -13.08333333    0.07259912    0.08020510    0.00321217
  -13.00000000    0.07323117    0.08067359    0.00320331
  -12.91666667    0.07387200    0.08114172    0.00319545
  -12.83333333    0.07452180    0.08161123    0.00318864
  -12.75000000    0.07518075    0.08208518    0.00318293
  -12.66666667    0.07584904    0.08256599    0.00317835
  -12.58333333    0.07652687    0.08305396    0.00317497
  -12.50000000    0.07721444    0.08354709    0.00317282
  -12.41666667    0.07791194    0.08404243    0.00317198
  -12.33333333    0.07861961    0.08453806    0.00317249
  -12.25000000    0.07933764    0.08503435    0.00317441
  -12.16666667    0.08006626    0.08553381    0.00317780
  -12.08333333    0.08080572    0.08603954    0.00318274
  -12.00000000    0.08155623    0.08655323    0.00318928
  -11.91666667    0.08231805    0.08707414    0.00319749
  -11.83333333    0.08309142    0.08759962    0.00320746
  -11.75000000    0.08387661    0.08812686    0.00321926
  -11.66666667    0.08467387    0.08865476    0.00323296
  -11.58333333    0.08548348    0.08918472    0.00324865
  -11.50000000    0.08630572    0.08971981    0.00326643
  -11.41666667    0.08714087    0.09026282    0.00328637
  -11.33333333    0.08798925    0.09081453    0.00330858
  -11.25000000    0.08885115    0.09137323    0.00333316
  -11.16666667    0.08972688    0.09193587    0.00336022
  -11.08333333    0.09061678    0.09250010    0.00338986
  -11.00000000    0.09152116    0.09306581    0.00342220
  -10.91666667    0.09244039    0.09363533    0.00345736
  -10.83333333    0.09337483    0.09421198    0.00349547
  -10.75000000    0.09432482    0.09479797    0.00353667
  -10.66666667    0.09529075    0.09539306    0.00358108
  -10.58333333    0.09627303    0.09599469    0.00362887
  -10.50000000    0.09727203    0.09659974    0.00368018
  -10.41666667    0.09828817    0.09720657    0.00373517
  -10.33333333    0.09932191    0.09781618    0.00379402
  -10.25000000    0.10037365    0.09843162    0.00385691
  -10.16666667    0.10144387    0.09905616    0.00392401
  -10.08333333    0.10253305    0.09969118    0.00399554
  -10.00000000    0.10364165    0.10033534    0.00407169
   -9.91666667    0.10477019    0.10098551    0.00415269
   -9.83333333    0.10591919    0.10163879    0.00423876
   -9.75000000    0.10708917    0.10229451    0.00433015
   -9.66666667    0.10828070    0.10295473    0.00442711
   -9.58333333    0.10949436    0.10362303    0.00452992
   -9.50000000    0.11073071    0.10430225    0.00463884
   -9.41666667    0.11199039    0.10499277    0.00475419
   -9.33333333    0.11327404    0.10569222    0.00487628
   -9.25000000    0.11458229    0.10639712    0.00500544
   -9.16666667    0.11591582    0.10710517    0.00514202
   -9.08333333    0.11727537    0.10781681    0.00528639
   -9.00000000    0.11866161    0.10853510    0.00543895
   -8.91666667    0.12007533    0.10926380    0.00560011
   -8.83333333    0.12151731    0.11000505    0.00577030
   -8.75000000    0.12298832    0.11075804    0.00595000
   -8.66666667    0.12448923    0.11151955    0.00613969
   -8.58333333    0.12602090    0.11228609    0.00633989
   -8.50000000    0.12758420    0.11305623    0.00655116
   -8.41666667    0.12918008    0.11383167    0.00677407
   -8.33333333    0.13080952    0.11461623    0.00700927
   -8.25000000    0.13247347    0.11541352    0.00725738
   -8.16666667    0.13417298    0.11622467    0.00751913
   -8.08333333    0.13590915    0.11704766    0.00779525
   -8.00000000    0.13768306    0.11787862    0.00808653
   -7.91666667    0.13949587    0.11871443    0.00839382
   -7.83333333    0.14134876    0.11955481    0.00871800
   -7.75000000    0.14324299    0.12040269    0.00906004
   -7.66666667    0.14517985    0.12126240    0.00942095
   -7.58333333    0.14716063    0.12213702    0.00980180
   -7.50000000    0.14918676    0.12302641    0.01020376
   -7.41666667    0.15125965    0.12392738    0.01062805
   -7.33333333    0.15338077    0.12483572    0.01107600
   -7.25000000    0.15555170    0.12574906    0.01154902
   -7.16666667    0.15777401    0.12666850    0.01204860
   -7.08333333    0.16004935    0.12759806    0.01257636
   -7.00000000    0.16237947    0.12854223    0.01313403
   -6.91666667    0.16476614    0.12950317    0.01372345
   -6.83333333    0.16721118    0.13047930    0.01434661
   -6.75000000    0.16971655    0.13146637    0.01500563
   -6.66666667    0.17228419    0.13246023    0.01570280
   -6.58333333    0.17491617    0.13345960    0.01644056
   -6.50000000    0.17761461    0.13446707    0.01722156
   -6.41666667    0.18038172    0.13548759    0.01804862
   -6.33333333    0.18321975    0.13652536    0.01892481
   -6.25000000    0.18613107    0.13758118    0.01985340
   -6.16666667    0.18911809    0.13865193    0.02083793
   -6.08333333    0.19218329    0.13973254    0.02188222
   -6.00000000    0.19532929    0.14081932    0.02299038
   -5.91666667    0.19855871    0.14191244    0.02416686
   -5.83333333    0.20187427    0.14301600    0.02541643
   -5.75000000    0.20527878    0.14413548    0.02674429
   -5.66666667    0.20877511    0.14527429    0.02815602
   -5.58333333    0.21236615    0.14643151    0.02965764
   -5.50000000    0.21605492    0.14760238    0.03125569
   -5.41666667    0.21984445    0.14878134    0.03295722
   -5.33333333    0.22373777    0.14996559    0.03476983
   -5.25000000    0.22773805    0.15115702    0.03670175
   -5.16666667    0.23184837    0.15236106    0.03876184
   -5.08333333    0.23607182    0.15358325    0.04095966
   -5.00000000    0.24041155    0.15482556    0.04330554
   -4.91666667    0.24487059    0.15608492    0.04581053
   -4.83333333    0.24945187    0.15735494    0.04848653
   -4.75000000    0.25415832    0.15862988    0.05134628
   -4.66666667    0.25899261    0.15990824    0.05440338
   -4.58333333    0.26395726    0.16119372    0.05767223
   -4.50000000    0.26905457    0.16249274    0.06116817
   -4.41666667    0.27428648    0.16381012    0.06490720
   -4.33333333    0.27965453    0.16514553    0.06890603
   -4.25000000    0.28515988    0.16649322    0.07318190
   -4.16666667    0.29080303    0.16784511    0.07775226
   -4.08333333    0.29658380    0.16919552    0.08263446
   -4.00000000    0.30250130    0.17054448    0.08784535
   -3.91666667    0.30855357    0.17189726    0.09340047
   -3.83333333    0.31473763    0.17326044    0.09931335
   -3.75000000    0.32104912    0.17463683    0.10559425
   -3.66666667    0.32748223    0.17602253    0.11224885
   -3.58333333    0.33402938    0.17740810    0.11927643
   -3.50000000    0.34068096    0.17878330    0.12666755
   -3.41666667    0.34742511    0.18014235    0.13440159
   -3.33333333    0.35424734    0.18148640    0.14244357
   -3.25000000    0.36113015    0.18282121    0.15074058
   -3.16666667    0.36805273    0.18415158    0.15921823
   -3.08333333    0.37499049    0.18547572    0.16777687
   -3.00000000    0.38191456    0.18678341    0.17628817
   -2.91666667    0.38879138    0.18805914    0.18459302
   -2.83333333    0.39558213    0.18928858    0.19250095
   -2.75000000    0.40224211    0.19046398    0.19979214
   -2.66666667    0.40872019    0.19158512    0.20622325
   -2.58333333    0.41495812    0.19265455    0.21153717
   -2.50000000    0.42088975    0.19366994    0.21547717
   -2.41666667    0.42644038    0.19461834    0.21780495
   -2.33333333    0.43152588    0.19547595    0.21832070
   -2.25000000    0.43605179    0.19621395    0.21688290
   -2.16666667    0.43991258    0.19680662    0.21342483
   -2.08333333    0.44299076    0.19723645    0.20796458
   -2.00000000    0.44515622    0.19749227    0.20060681
   -1.91666667    0.44626586    0.19756087    0.19153518
   -1.83333333    0.44616365    0.19741686    0.18099709
   -1.75000000    0.44468152    0.19701687    0.16928291
   -1.66666667    0.44164132    0.19630225    0.15670334
   -1.58333333    0.43685837    0.19520849    0.14356796
   -1.50000000    0.43014686    0.19367560    0.13016751
   -1.41666667    0.42132768    0.19165194    0.11676157
   -1.33333333    0.41023854    0.18908789    0.10357136
   -1.25000000    0.39674639    0.18592204    0.09077755
   -1.16666667    0.38076155    0.18206811    0.07852189
   -1.08333333    0.36225221    0.17741161    0.06691138
   -1.00000000    0.34125763    0.17181996    0.05602395
   -0.91666667    0.31789840    0.16516208    0.04591489
   -0.83333333    0.29238111    0.15732644    0.03662323
   -0.75000000    0.26499646    0.14822676    0.02817791
   -0.66666667    0.23610958    0.13779104    0.02060344
   -0.58333333    0.20614334    0.12594133    0.01392525
   -0.50000000    0.17555615    0.11257996    0.00817458
   -0.41666667    0.14481662    0.09759907    0.00339338
   -0.33333333    0.11437849    0.08092091   -0.00036080
   -0.25000000    0.08465820    0.06256044   -0.00300946
   -0.16666667    0.05601762    0.04268718   -0.00444715
   -0.08333333    0.02875283    0.02165797   -0.00453440
    0.00000000    0.00308920    0.00000000    0.00308920
    0.08333333   -0.02081785   -0.02165797   -0.00012348
    0.16666667   -0.04287780   -0.04268718   -0.00540454
    0.25000000   -0.06305703   -0.06256044   -0.01313651
    0.33333333   -0.08136925   -0.08092091   -0.02380253
    0.41666667   -0.09786547   -0.09759907   -0.03800861
    0.50000000   -0.11262458   -0.11257996   -0.05650816
    0.58333333   -0.12574469   -0.12594133   -0.08022629
    0.66666667   -0.13733601   -0.13779104   -0.11027821
    0.75000000   -0.14751483   -0.14822676   -0.14796989
    0.83333333   -0.15639898   -0.15732644   -0.19476105
    0.91666667   -0.16410440   -0.16516208   -0.25215635
    1.00000000   -0.17074268   -0.17181996   -0.32147692
    1.08333333   -0.17641943   -0.17741161   -0.40345820
    1.16666667   -0.18123329   -0.18206811   -0.49764229
    1.25000000   -0.18527547   -0.18592204   -0.60162773
    1.33333333   -0.18862956   -0.18908789   -0.71041826
    1.41666667   -0.19137165   -0.19165194   -0.81633601
    1.50000000   -0.19357068   -0.19367560   -0.90999417
    1.58333333   -0.19528879   -0.19520849   -0.98239810
    1.66666667   -0.19658177   -0.19630225   -1.02743251
    1.75000000   -0.19749964   -0.19701687   -1.04346678
    1.83333333   -0.19808706   -0.19741686   -1.03325807
    1.91666667   -0.19838388   -0.19756087   -1.00243376
    2.00000000   -0.19842557   -0.19749227   -0.95755557
    2.08333333   -0.19824370   -0.19723645   -0.90463596
    2.16666667   -0.19786630   -0.19680662   -0.84840181
    2.25000000   -0.19731828   -0.19621395   -0.79216426
    2.33333333   -0.19662172   -0.19547595   -0.73801419
    2.41666667   -0.19579622   -0.19461834   -0.68712531
    2.50000000   -0.19485914   -0.19366994   -0.64004237
    2.58333333   -0.19382589   -0.19265455   -0.59690786
    2.66666667   -0.19271009   -0.19158512   -0.55762517
    2.75000000   -0.19152382   -0.19046398   -0.52196749
    2.83333333   -0.19027778   -0.18928858   -0.48964626
    2.91666667   -0.18898143   -0.18805914   -0.46035338
    3.00000000   -0.18764315   -0.18678341   -0.43378562
    3.08333333   -0.18627036   -0.18547572   -0.40965707
    3.16666667   -0.18486960   -0.18415158   -0.38770550
    3.25000000   -0.18344667   -0.18282121   -0.36769457
    3.33333333   -0.18200669   -0.18148640   -0.34941318
    3.41666667   -0.18055415   -0.18014235   -0.33267423
    3.50000000   -0.17909306   -0.17878330   -0.31731262
    3.58333333   -0.17762691   -0.17740810   -0.30318281
    3.66666667   -0.17615879   -0.17602253   -0.29015667
    3.75000000   -0.17469141   -0.17463683   -0.27812151
    3.83333333   -0.17322716   -0.17326044   -0.26697798
    3.91666667   -0.17176810   -0.17189726   -0.25663846
    4.00000000   -0.17031607   -0.17054448   -0.24702562
    4.08333333   -0.16887264   -0.16919552   -0.23807097
    4.16666667   -0.16743920   -0.16784511   -0.22971388
    4.25000000   -0.16601692   -0.16649322   -0.22190035
    4.33333333   -0.16460684   -0.16514553   -0.21458244
    4.41666667   -0.16320984   -0.16381012   -0.20771736
    4.50000000   -0.16182666   -0.16249274   -0.20126677
    4.58333333   -0.16045793   -0.16119372   -0.19519642
    4.66666667   -0.15910419   -0.15990824   -0.18947555
    4.75000000   -0.15776585   -0.15862988   -0.18407640
    4.83333333   -0.15644329   -0.15735494   -0.17897402
    4.91666667   -0.15513678   -0.15608492   -0.17414590
    5.00000000   -0.15384653   -0.15482556   -0.16957155
    5.08333333   -0.15257270   -0.15358325   -0.16523248
    5.16666667   -0.15131542   -0.15236106   -0.16111190
    5.25000000   -0.15007474   -0.15115702   -0.15719443
    5.33333333   -0.14885067   -0.14996559   -0.15346613
    5.41666667   -0.14764322   -0.14878134   -0.14991428
    5.50000000   -0.14645234   -0.14760238   -0.14652715
    5.58333333   -0.14527797   -0.14643151   -0.14329407
    5.66666667   -0.14412001   -0.14527429   -0.14020523
    5.75000000   -0.14297834   -0.14413548   -0.13725158
    5.83333333   -0.14185284   -0.14301600   -0.13442481
    5.91666667   -0.14074337   -0.14191244   -0.13171728
    6.00000000   -0.13964976   -0.14081932   -0.12912188
    6.08333333   -0.13857184   -0.13973254   -0.12663209
    6.16666667   -0.13750943   -0.13865193   -0.12424186
    6.25000000   -0.13646234   -0.13758118   -0.12194554
    6.33333333   -0.13543037   -0.13652536   -0.11973795
    6.41666667   -0.13441332   -0.13548759   -0.11761424
    6.50000000   -0.13341099   -0.13446707   -0.11556989
    6.58333333   -0.13242316   -0.13345960   -0.11360072
    6.66666667   -0.13144963   -0.13246023   -0.11170281
    6.75000000   -0.13049016   -0.13146637   -0.10987251
    6.83333333   -0.12954455   -0.13047930   -0.10810639
    6.91666667   -0.12861259   -0.12950317   -0.10640129
    7.00000000   -0.12769405   -0.12854223   -0.10475419
    7.08333333   -0.12678871   -0.12759806   -0.10316229
    7.16666667   -0.12589636   -0.12666850   -0.10162299
    7.25000000   -0.12501678   -0.12574906   -0.10013378
    7.33333333   -0.12414976   -0.12483572   -0.09869237
    7.41666667   -0.12329509   -0.12392738   -0.09729658
    7.50000000   -0.12245255   -0.12302641   -0.09594434
    7.58333333   -0.12162193   -0.12213702   -0.09463371
    7.66666667   -0.12080304   -0.12126240   -0.09336289
    7.75000000   -0.11999565   -0.12040269   -0.09213014
    7.83333333   -0.11919958   -0.11955481   -0.09093384
    7.91666667   -0.11841463   -0.11871443   -0.08977245
    8.00000000   -0.11764059   -0.11787862   -0.08864452
    8.08333333   -0.11687728   -0.11704766   -0.08754867
    8.16666667   -0.11612450   -0.11622467   -0.08648360
    8.25000000   -0.11538208   -0.11541352   -0.08544808
    8.33333333   -0.11464982   -0.11461623   -0.08444093
    8.41666667   -0.11392754   -0.11383167   -0.08346104
    8.50000000   -0.11321507   -0.11305623   -0.08250736
    8.58333333   -0.11251223   -0.11228609   -0.08157889
    8.66666667   -0.11181884   -0.11151955   -0.08067466
    8.75000000   -0.11113476   -0.11075804   -0.07979379
    8.83333333   -0.11045979   -0.11000505   -0.07893541
    8.91666667   -0.10979379   -0.10926380   -0.07809867
    9.00000000   -0.10913660   -0.10853510   -0.07728283
    9.08333333   -0.10848805   -0.10781681   -0.07648711
    9.16666667   -0.10784799   -0.10710517   -0.07571081
    9.25000000   -0.10721628   -0.10639712   -0.07495326
    9.33333333   -0.10659277   -0.10569222   -0.07421380
    9.41666667   -0.10597731   -0.10499277   -0.07349181
    9.50000000   -0.10536976   -0.10430225   -0.07278670
    9.58333333   -0.10476999   -0.10362303   -0.07209791
    9.66666667   -0.10417784   -0.10295473   -0.07142489
    9.75000000   -0.10359320   -0.10229451   -0.07076713
    9.83333333   -0.10301593   -0.10163879   -0.07012412
    9.91666667   -0.10244590   -0.10098551   -0.06949539
   10.00000000   -0.10188300   -0.10033534   -0.06888049
   10.08333333   -0.10132709   -0.09969118   -0.06827898
   10.16666667   -0.10077804   -0.09905616   -0.06769044
   10.25000000   -0.10023576   -0.09843162   -0.06711447
   10.33333333   -0.09970012   -0.09781618   -0.06655069
   10.41666667   -0.09917100   -0.09720657   -0.06599870
   10.50000000   -0.09864830   -0.09659974   -0.06545819
   10.58333333   -0.09813191   -0.09599469   -0.06492878
   10.66666667   -0.09762171   -0.09539306   -0.06441015
   10.75000000   -0.09711762   -0.09479797   -0.06390200
   10.83333333   -0.09661952   -0.09421198   -0.06340402
   10.91666667   -0.09612730   -0.09363533   -0.06291589
   11.00000000   -0.09564089   -0.09306581   -0.06243737
   11.08333333   -0.09516018   -0.09250010   -0.06196816
   11.16666667   -0.09468506   -0.09193587   -0.06150800
   11.25000000   -0.09421547   -0.09137323   -0.06105666
   11.33333333   -0.09375129   -0.09081453   -0.06061387
   11.41666667   -0.09329244   -0.09026282   -0.06017941
   11.50000000   -0.09283885   -0.08971981   -0.05975306
   11.58333333   -0.09239041   -0.08918472   -0.05933459
   11.66666667   -0.09194705   -0.08865476   -0.05892378
   11.75000000   -0.09150869   -0.08812686   -0.05852046
   11.83333333   -0.09107524   -0.08759962   -0.05812440
   11.91666667   -0.09064662   -0.08707414   -0.05773543
   12.00000000   -0.09022277   -0.08655323   -0.05735337
   12.08333333   -0.08980361   -0.08603954   -0.05697803
   12.16666667   -0.08938905   -0.08553381   -0.05660924
   12.25000000   -0.08897903   -0.08503435   -0.05624684
   12.33333333   -0.08857348   -0.08453806   -0.05589067
   12.41666667   -0.08817232   -0.08404243   -0.05554057
   12.50000000   -0.08777550   -0.08354709   -0.05519640
   12.58333333   -0.08738293   -0.08305396   -0.05485802
   12.66666667   -0.08699456   -0.08256599   -0.05452526
   12.75000000   -0.08661032   -0.08208518   -0.05419801
   12.83333333   -0.08623016   -0.08161123   -0.05387614
   12.91666667   -0.08585399   -0.08114172   -0.05355950
   13.00000000   -0.08548177   -0.08067359   -0.05324799
   13.08333333   -0.08511344   -0.08020510   -0.05294148
   13.16666667   -0.08474894   -0.07973691   -0.05263985
   13.25000000   -0.08438820   -0.07927156   -0.05234300
   13.33333333   -0.08403118   -0.07881181   -0.05205081
   13.41666667   -0.08367782   -0.07835879   -0.05176317
   13.50000000   -0.08332806   -0.07791119   -0.05147999
   13.58333333   -0.08298186   -0.07746611   -0.05120116
   13.66666667   -0.08263915   -0.07702083   -0.05092659
   13.75000000   -0.08229989   -0.07657458   -0.05065618
   13.83333333   -0.08196403   -0.07612895   -0.05038984
   13.91666667   -0.08163151   -0.07568683   -0.05012748
   14.00000000   -0.08130230   -0.07525049   -0.04986902
   14.08333333   -0.08097634   -0.07482001   -0.04961438
   14.16666667   -0.08065358   -0.07439322   -0.04936346
   14.25000000   -0.08033398   -0.07396699   -0.04911619
   14.33333333   -0.08001751   -0.07353927   -0.04887250
   14.41666667   -0.07970409   -0.07311033   -0.04863230
   14.50000000   -0.07939371   -0.07268257   -0.04839554
   14.58333333   -0.07908632   -0.07225890   -0.04816213
   14.66666667   -0.07878186   -0.07184078   -0.04793200
   14.75000000   -0.07848031   -0.07142720   -0.04770510
   14.83333333   -0.07818163   -0.07101527   -0.04748135
   14.91666667   -0.07788576   -0.07060202   -0.04726068
   15.00000000   -0.07759268   -0.07018627   -0.04704305
   15.08333333   -0.07730234   -0.06976940   -0.04682839
   15.16666667   -0.07701471   -0.06935436   -0.04661663
   15.25000000   -0.07672976   -0.06894372   -0.04640772
   15.33333333   -0.07644744   -0.06853789   -0.04620161
   15.41666667   -0.07616771   -0.06813477   -0.04599825
   15.50000000   -0.07589056   -0.06773100   -0.04579757
   15.58333333   -0.07561593   -0.06732409   -0.04559953
   15.66666667   -0.07534380   -0.06691400   -0.04540407
   15.75000000   -0.07507413   -0.06650312   -0.04521115
   15.83333333   -0.07480689   -0.06609466   -0.04502072
   15.91666667   -0.07454205   -0.06569045   -0.04483274
   16.00000000   -0.07427958   -0.06528965   -0.04464715
   16.08333333   -0.07401945   -0.06488912   -0.04446391
   16.16666667   -0.07376162   -0.06448538   -0.04428299
   16.25000000   -0.07350607   -0.06407678   -0.04410433
   16.33333333   -0.07325276   -0.06366455   -0.04392789
   16.41666667   -0.07300167   -0.06325196   -0.04375365
   16.50000000   -0.07275277   -0.06284208   -0.04358154
   16.58333333   -0.07250603   -0.06243561   -0.04341155
   16.66666667   -0.07226143   -0.06203026   -0.04324362
   16.75000000   -0.07201893   -0.06162199   -0.04307773
   16.83333333   -0.07177851   -0.06120758   -0.04291383
   16.91666667   -0.07154015   -0.06078659   -0.04275190
   17.00000000   -0.07130382   -0.06036167   -0.04259190
   17.08333333   -0.07106948   -0.05993669   -0.04243379
   17.16666667   -0.07083713   -0.05951408   -0.04227754
   17.25000000   -0.07060673   -0.05909294   -0.04212312
   17.33333333   -0.07037825   -0.05866933   -0.04197050
   17.41666667   -0.07015169   -0.05823855   -0.04181965
   17.50000000   -0.06992700   -0.05779809   -0.04167053
   17.58333333   -0.06970418   -0.05734915   -0.04152313
   17.66666667   -0.06948319   -0.05689585   -0.04137741
   17.75000000   -0.06926402   -0.05644234   -0.04123333
   17.83333333   -0.06904663   -0.05598970   -0.04109089
   17.91666667   -0.06883103   -0.05553478   -0.04095004
   18.00000000   -0.06861716   -0.05507174   -0.04081076
   18.08333333   -0.06840503   -0.05459549   -0.04067304
   18.16666667   -0.06819461   -0.05410488   -0.04053683
   18.25000000   -0.06798587   -0.05360341   -0.04040212
   18.33333333   -0.06777881   -0.05309681   -0.04026888
   18.41666667   -0.06757339   -0.05258893   -0.04013710
   18.50000000   -0.06736960   -0.05207846   -0.04000673
   18.58333333   -0.06716742   -0.05155889   -0.03987778
   18.66666667   -0.06696683   -0.05102199   -0.03975020
   18.75000000   -0.06676782   -0.05046280   -0.03962399
   18.83333333   -0.06657035   -0.04988295   -0.03949911
   18.91666667   -0.06637443   -0.04928986   -0.03937556
   19.00000000   -0.06618003   -0.04869177   -0.03925330
   19.08333333   -0.06598712   -0.04809168   -0.03913231
   19.16666667   -0.06579571   -0.04748383   -0.03901259
   19.25000000   -0.06560576   -0.04685597   -0.03889411
   19.33333333   -0.06541726   -0.04619649   -0.03877685
   19.41666667   -0.06523020   -0.04550290   -0.03866079
   19.50000000   -0.06504455   -0.04478612   -0.03854591
   19.58333333   -0.06486031   -0.04406687   -0.03843220
   19.66666667   -0.06467746   -0.04336466   -0.03831964
   19.75000000   -0.06449598   -0.04268441   -0.03820821
   19.83333333   -0.06431585   -0.04200766   -0.03809790
   19.91666667   -0.06413707   -0.04129423   -0.03798869
   20.00000000   -0.06395961   -0.04049511   -0.03788056
