  -20.00000000    0.08029007    0.04314542    0.00962741
  -19.91666667    0.08060455    0.04395886    0.00970885
  -19.83333333    0.08092162    0.04467563    0.00979108
  -19.75000000    0.08124130    0.04535298    0.00987410
  -19.66666667    0.08156363    0.04603768    0.00995793
  -19.58333333    0.08188864    0.04675121    0.01004257
  -19.50000000    0.08221636    0.04748788    0.01012804
  -19.41666667    0.08254683    0.04822497    0.01021435
  -19.33333333    0.08288007    0.04893831    0.01030151
  -19.25000000    0.08321612    0.04961507    0.01038954
  -19.16666667    0.08355502    0.05025798    0.01047844
  -19.08333333    0.08389679    0.05088047    0.01056823
  -19.00000000    0.08424148    0.05149688    0.01065893
  -18.91666667    0.08458912    0.05211399    0.01075054
  -18.83333333    0.08493973    0.05272839    0.01084308
  -18.75000000    0.08529338    0.05333029    0.01093656
  -18.66666667    0.08565009    0.05391069    0.01103100
  -18.58333333    0.08600988    0.05446721    0.01112640
  -18.50000000    0.08637282    0.05500521    0.01122280
  -18.41666667    0.08673893    0.05553415    0.01132019
  -18.33333333    0.08710825    0.05606170    0.01141859
  -18.25000000    0.08748083    0.05658959    0.01151803
  -18.16666667    0.08785670    0.05711347    0.01161852
  -18.08333333    0.08823590    0.05762652    0.01172006
  -18.00000000    0.08861849    0.05812427    0.01182269
  -17.91666667    0.08900450    0.05860762    0.01192641
  -17.83333333    0.08939396    0.05908216    0.01203124
  -17.75000000    0.08978695    0.05955470    0.01213720
  -17.66666667    0.09018348    0.06002916    0.01224431
  -17.58333333    0.09058360    0.06050454    0.01235258
  -17.50000000    0.09098738    0.06097616    0.01246204
  -17.41666667    0.09139485    0.06143905    0.01257270
  -17.33333333    0.09180604    0.06189138    0.01268458
  -17.25000000    0.09222104    0.06233567    0.01279770
  -17.16666667    0.09263987    0.06277717    0.01291209
  -17.08333333    0.09306258    0.06322061    0.01302775
  -17.00000000    0.09348923    0.06366737    0.01314472
  -16.91666667    0.09391987    0.06411495    0.01326301
  -16.83333333    0.09435454    0.06455888    0.01338265
  -16.75000000    0.09479332    0.06499586    0.01350366
  -16.66666667    0.09523624    0.06542593    0.01362605
  -16.58333333    0.09568336    0.06585250    0.01374986
  -16.50000000    0.09613474    0.06628014    0.01387511
  -16.41666667    0.09659044    0.06671180    0.01400182
  -16.33333333    0.09705050    0.06714705    0.01413002
  -16.25000000    0.09751500    0.06758259    0.01425973
  -16.16666667    0.09798399    0.06801462    0.01439097
  -16.08333333    0.09845751    0.06844136    0.01452378
  -16.00000000    0.09893566    0.06886425    0.01465819
  -15.91666667    0.09941848    0.06928706    0.01479421
  -15.83333333    0.09990604    0.06971348    0.01493189
  -15.75000000    0.10039839    0.07014484    0.01507123
  -15.66666667    0.10089561    0.07057942    0.01521229
  -15.58333333    0.10139776    0.07101371    0.01535508
  -15.50000000    0.10190491    0.07144478    0.01549964
  -15.41666667    0.10241712    0.07187229    0.01564600
  -15.33333333    0.10293448    0.07229867    0.01579420
  -15.25000000    0.10345703    0.07272761    0.01594426
  -15.16666667    0.10398487    0.07316175    0.01609622
  -15.08333333    0.10451805    0.07360102    0.01625011
  -15.00000000    0.10505666    0.07404285    0.01640598
  -14.91666667    0.10560076    0.07448391    0.01656385
  -14.83333333    0.10615044    0.07492237    0.01672378
  -14.75000000    0.10670577    0.07535910    0.01688578
  -14.66666667    0.10726683    0.07579715    0.01704991
  -14.58333333    0.10783370    0.07623980    0.01721620
  -14.50000000    0.10840645    0.07668853    0.01738470
  -14.41666667    0.10898518    0.07714211    0.01755545
  -14.33333333    0.10956997    0.07759750    0.01772849
  -14.25000000    0.11016088    0.07805192    0.01790387
  -14.16666667    0.11075803    0.07850468    0.01808163
  -14.08333333    0.11136148    0.07895767    0.01826182
  -14.00000000    0.11197134    0.07941418    0.01844449
  -13.91666667    0.11258768    0.07987679    0.01862968
  -13.83333333    0.11321060    0.08034581    0.01881746
  -13.75000000    0.11384019    0.08081911    0.01900787
  -13.66666667    0.11447654    0.08129359    0.01920096
  -13.58333333    0.11511976    0.08176724    0.01939680
  -13.50000000    0.11576992    0.08224052    0.01959543
  -13.41666667    0.11642713    0.08271605    0.01979692
  -13.33333333    0.11709150    0.08319702    0.02000132
  -13.25000000    0.11776311    0.08368512    0.02020870
  -13.16666667    0.11844207    0.08417954    0.02041912
  -13.08333333    0.11912848    0.08467754    0.02063264
  -13.00000000    0.11982245    0.08517632    0.02084934
  -12.91666667    0.12052407    0.08567483    0.02106928
  -12.83333333    0.12123346    0.08617455    0.02129253
  -12.75000000    0.12195072    0.08667856    0.02151916
  -12.66666667    0.12267596    0.08718961    0.02174925
  -12.58333333    0.12340930    0.08770837    0.02198288
  -12.50000000    0.12415082    0.08823307    0.02222013
  -12.41666667    0.12490066    0.08876071    0.02246107
  -12.33333333    0.12565893    0.08928903    0.02270579
  -12.25000000    0.12642573    0.08981807    0.02295438
  -12.16666667    0.12720118    0.09035016    0.02320693
  -12.08333333    0.12798541    0.09088850    0.02346353
  -12.00000000    0.12877852    0.09143514    0.02372428
  -11.91666667    0.12958062    0.09198969    0.02398926
  -11.83333333    0.13039186    0.09254963    0.02425859
  -11.75000000    0.13121232    0.09311202    0.02453237
  -11.66666667    0.13204215    0.09367542    0.02481070
  -11.58333333    0.13288146    0.09424092    0.02509370
  -11.50000000    0.13373036    0.09481149    0.02538148
  -11.41666667    0.13458897    0.09539013    0.02567416
  -11.33333333    0.13545744    0.09597797    0.02597186
  -11.25000000    0.13633586    0.09657360    0.02627471
  -11.16666667    0.13722436    0.09717404    0.02658283
  -11.08333333    0.13812307    0.09777671    0.02689637
  -11.00000000    0.13903209    0.09838118    0.02721546
  -10.91666667    0.13995155    0.09898952    0.02754024
  -10.83333333    0.14088158    0.09960503    0.02787088
  -10.75000000    0.14182228    0.10023020    0.02820751
  -10.66666667    0.14277377    0.10086512    0.02855030
  -10.58333333    0.14373619    0.10150750    0.02889942
  -10.50000000    0.14470961    0.10215418    0.02925503
  -10.41666667    0.14569416    0.10280327    0.02961731
  -10.33333333    0.14668997    0.10345542    0.02998646
  -10.25000000    0.14769711    0.10411351    0.03036266
  -10.16666667    0.14871570    0.10478089    0.03074610
  -10.08333333    0.14974586    0.10545923    0.03113700
  -10.00000000    0.15078764    0.10614755    0.03153557
   -9.91666667    0.15184117    0.10684287    0.03194202
   -9.83333333    0.15290653    0.10754220    0.03235659
   -9.75000000    0.15398378    0.10824458    0.03277952
   -9.66666667    0.15507302    0.10895176    0.03321106
   -9.58333333    0.15617432    0.10966720    0.03365146
   -9.50000000    0.15728771    0.11039392    0.03410099
   -9.41666667    0.15841328    0.11113259    0.03455994
   -9.33333333    0.15955107    0.11188120    0.03502860
   -9.25000000    0.16070109    0.11263634    0.03550726
   -9.16666667    0.16186340    0.11339554    0.03599625
   -9.08333333    0.16303800    0.11415895    0.03649589
   -9.00000000    0.16422489    0.11492934    0.03700653
   -8.91666667    0.16542407    0.11571044    0.03752853
   -8.83333333    0.16663552    0.11650461    0.03806227
   -8.75000000    0.16785918    0.11731140    0.03860812
   -8.66666667    0.16909502    0.11812784    0.03916651
   -8.58333333    0.17034297    0.11895049    0.03973787
   -8.50000000    0.17160291    0.11977769    0.04032262
   -8.41666667    0.17287475    0.12061079    0.04092126
   -8.33333333    0.17415836    0.12145342    0.04153426
   -8.25000000    0.17545357    0.12230923    0.04216214
   -8.16666667    0.17676021    0.12317963    0.04280544
   -8.08333333    0.17807807    0.12406294    0.04346473
   -8.00000000    0.17940689    0.12495551    0.04414059
   -7.91666667    0.18074643    0.12585418    0.04483366
   -7.83333333    0.18209637    0.12675841    0.04554458
   -7.75000000    0.18345638    0.12767077    0.04627404
   -7.66666667    0.18482608    0.12859546    0.04702277
   -7.58333333    0.18620505    0.12953566    0.04779153
   -7.50000000    0.18759284    0.13049160    0.04858114
   -7.41666667    0.18898895    0.13146040    0.04939242
   -7.33333333    0.19039280    0.13243801    0.05022628
   -7.25000000    0.19180382    0.13342193    0.05108368
   -7.16666667    0.19322134    0.13441294    0.05196560
   -7.08333333    0.19464463    0.13541477    0.05287309
   -7.00000000    0.19607294    0.13643182    0.05380730
   -6.91666667    0.19750542    0.13746644    0.05476940
   -6.83333333    0.19894116    0.13851742    0.05576064
   -6.75000000    0.20037920    0.13958082    0.05678237
   -6.66666667    0.20181848    0.14065256    0.05783602
   -6.58333333    0.20325787    0.14173118    0.05892307
   -6.50000000    0.20469618    0.14281891    0.06004517
   -6.41666667    0.20613213    0.14392041    0.06120401
   -6.33333333    0.20756434    0.14503987    0.06240142
   -6.25000000    0.20899135    0.14617837    0.06363938
   -6.16666667    0.21041163    0.14733316    0.06491996
   -6.08333333    0.21182351    0.14849944    0.06624540
   -6.00000000    0.21322529    0.14967350    0.06761813
   -5.91666667    0.21461512    0.15085525    0.06904072
   -5.83333333    0.21599108    0.15204839    0.07051593
   -5.75000000    0.21735117    0.15325816    0.07204677
   -5.66666667    0.21869328    0.15448802    0.07363645
   -5.58333333    0.22001519    0.15573737    0.07528844
   -5.50000000    0.22131465    0.15700183    0.07700652
   -5.41666667    0.22258926    0.15827603    0.07879477
   -5.33333333    0.22383660    0.15955706    0.08065759
   -5.25000000    0.22505416    0.16084641    0.08259982
   -5.16666667    0.22623938    0.16214912    0.08462667
   -5.08333333    0.22738965    0.16347048    0.08674386
   -5.00000000    0.22850235    0.16481258    0.08895764
   -4.91666667    0.22957484    0.16617267    0.09127486
   -4.83333333    0.23060447    0.16754471    0.09370301
   -4.75000000    0.23158868    0.16892305    0.09625038
   -4.66666667    0.23252492    0.17030590    0.09892609
   -4.58333333    0.23341076    0.17169645    0.10174020
   -4.50000000    0.23424391    0.17310062    0.10470391
   -4.41666667    0.23502224    0.17452298    0.10782964
   -4.33333333    0.23574383    0.17596334    0.11113122
   -4.25000000    0.23640703    0.17741621    0.11462417
   -4.16666667    0.23701051    0.17887373    0.11832585
   -4.08333333    0.23755328    0.18033013    0.12225577
   -4.00000000    0.23803483    0.18178487    0.12643605
   -3.91666667    0.23845510    0.18324249    0.13089168
   -3.83333333    0.23881458    0.18470888    0.13565113
   -3.75000000    0.23911442    0.18618650    0.14074689
   -3.66666667    0.23935641    0.18767144    0.14621627
   -3.58333333    0.23954311    0.18915437    0.15210228
   -3.50000000    0.23967788    0.19062496    0.15845465
   -3.41666667    0.23976494    0.19207691    0.16533136
   -3.33333333    0.23980938    0.19351032    0.17280023
   -3.25000000    0.23981723    0.19492977    0.18094102
   -3.16666667    0.23979545    0.19633893    0.18984827
   -3.08333333    0.23975190    0.19773530    0.19963465
   -3.00000000    0.23969529    0.19910821    0.21043527
   -2.91666667    0.23963510    0.20044180    0.22241353
   -2.83333333    0.23958143    0.20172092    0.23576850
   -2.75000000    0.23954480    0.20293646    0.25074446
   -2.66666667    0.23953586    0.20408622    0.26764410
   -2.58333333    0.23956503    0.20517054    0.28684556
   -2.50000000    0.23964200    0.20618511    0.30882534
   -2.41666667    0.23977512    0.20711532    0.33418971
   -2.33333333    0.23997062    0.20793605    0.36371639
   -2.25000000    0.24023165    0.20861701    0.39840997
   -2.16666667    0.24055708    0.20913044    0.43957487
   -2.08333333    0.24094006    0.20945599    0.48890366
   -2.00000000    0.24136631    0.20957897    0.54856876
   -1.91666667    0.24181207    0.20948255    0.62127195
   -1.83333333    0.24224173    0.20913809    0.71010740
   -1.75000000    0.24260519    0.20849973    0.81786886
   -1.66666667    0.24283491    0.20750685    0.94491907
   -1.58333333    0.24284281    0.20609314    1.08398627
   -1.50000000    0.24251724    0.20419647    1.21061407
   -1.41666667    0.24172036    0.20176265    1.27508003
   -1.33333333    0.24028632    0.19873956    1.21926883
   -1.25000000    0.23802097    0.19506432    1.03234129
   -1.16666667    0.23470404    0.19065121    0.77832382
   -1.08333333    0.23009449    0.18538898    0.53798943
   -1.00000000    0.22394025    0.17915099    0.35135822
   -0.91666667    0.21599287    0.17181427    0.22058362
   -0.83333333    0.20602723    0.16327691    0.13335540
   -0.75000000    0.19386544    0.15346315    0.07651597
   -0.66666667    0.17940255    0.14231245    0.04001986
   -0.58333333    0.16263073    0.12975923    0.01700374
   -0.50000000    0.14365724    0.11571895    0.00295920
   -0.41666667    0.12271157    0.10009657   -0.00504736
   -0.33333333    0.10013887    0.08282481   -0.00893209
   -0.25000000    0.07637850    0.06392401   -0.00995855
   -0.16666667    0.05193078    0.04356163   -0.00896949
   -0.08333333    0.02731661    0.02208394   -0.00653331
    0.00000000    0.00303704    0.00000000    0.00303704
    0.08333333   -0.02046128   -0.02208394   -0.00125395
    0.16666667   -0.04281030   -0.04356163   -0.00615709
    0.25000000   -0.06373304   -0.06392401   -0.01154705
    0.33333333   -0.08304480   -0.08282481   -0.01733860
    0.41666667   -0.10064595   -0.10009657   -0.02347503
    0.50000000   -0.11650919   -0.11571895   -0.02992023
    0.58333333   -0.13066444   -0.12975923   -0.03665312
    0.66666667   -0.14318357   -0.14231245   -0.04366385
    0.75000000   -0.15416661   -0.15346315   -0.05095102
    0.83333333   -0.16373021   -0.16327691   -0.05851972
    0.91666667   -0.17199860   -0.17181427   -0.06638014
    1.00000000   -0.17909682   -0.17915099   -0.07454648
    1.08333333   -0.18514619   -0.18538898   -0.08303620
    1.16666667   -0.19026119   -0.19065121   -0.09186935
    1.25000000   -0.19454785   -0.19506432   -0.10106816
    1.33333333   -0.19810284   -0.19873956   -0.11065652
    1.41666667   -0.20101338   -0.20176265   -0.12065957
    1.50000000   -0.20335749   -0.20419647   -0.13110336
    1.58333333   -0.20520452   -0.20609314   -0.14201430
    1.66666667   -0.20661581   -0.20750685   -0.15341863
    1.75000000   -0.20764544   -0.20849973   -0.16534189
    1.83333333   -0.20834096   -0.20913809   -0.17780801
    1.91666667   -0.20874414   -0.20948255   -0.19083848
    2.00000000   -0.20889159   -0.20957897   -0.20445129
    2.08333333   -0.20881543   -0.20945599   -0.21865942
    2.16666667   -0.20854381   -0.20913044   -0.23346948
    2.25000000   -0.20810142   -0.20861701   -0.24887960
    2.33333333   -0.20750991   -0.20793605   -0.26487759
    2.41666667   -0.20678830   -0.20711532   -0.28143839
    2.50000000   -0.20595330   -0.20618511   -0.29852130
    2.58333333   -0.20501963   -0.20517054   -0.31606752
    2.66666667   -0.20400023   -0.20408622   -0.33399710
    2.75000000   -0.20290651   -0.20293646   -0.35220612
    2.83333333   -0.20174857   -0.20172092   -0.37056459
    2.91666667   -0.20053530   -0.20044180   -0.38891464
    3.00000000   -0.19927458   -0.19910821   -0.40706966
    3.08333333   -0.19797340   -0.19773530   -0.42481537
    3.16666667   -0.19663793   -0.19633893   -0.44191211
    3.25000000   -0.19527368   -0.19492977   -0.45809946
    3.33333333   -0.19388552   -0.19351032   -0.47310344
    3.41666667   -0.19247777   -0.19207691   -0.48664569
    3.50000000   -0.19105431   -0.19062496   -0.49845466
    3.58333333   -0.18961856   -0.18915437   -0.50827857
    3.66666667   -0.18817357   -0.18767144   -0.51589846
    3.75000000   -0.18672207   -0.18618650   -0.52114066
    3.83333333   -0.18526649   -0.18470888   -0.52388747
    3.91666667   -0.18380898   -0.18324249   -0.52408459
    4.00000000   -0.18235147   -0.18178487   -0.52174466
    4.08333333   -0.18089567   -0.18033013   -0.51694639
    4.16666667   -0.17944311   -0.17887373   -0.50982958
    4.25000000   -0.17799515   -0.17741621   -0.50058610
    4.33333333   -0.17655298   -0.17596334   -0.48944876
    4.41666667   -0.17511769   -0.17452298   -0.47667831
    4.50000000   -0.17369021   -0.17310062   -0.46255012
    4.58333333   -0.17227138   -0.17169645   -0.44734237
    4.66666667   -0.17086196   -0.17030590   -0.43132530
    4.75000000   -0.16946258   -0.16892305   -0.41475250
    4.83333333   -0.16807381   -0.16754471   -0.39785541
    4.91666667   -0.16669617   -0.16617267   -0.38083920
    5.00000000   -0.16533007   -0.16481258   -0.36388070
    5.08333333   -0.16397589   -0.16347048   -0.34712881
    5.16666667   -0.16263396   -0.16214912   -0.33070528
    5.25000000   -0.16130454   -0.16084641   -0.31470641
    5.33333333   -0.15998787   -0.15955706   -0.29920613
    5.41666667   -0.15868414   -0.15827603   -0.28425839
    5.50000000   -0.15739350   -0.15700183   -0.26989983
    5.58333333   -0.15611607   -0.15573737   -0.25615291
    5.66666667   -0.15485196   -0.15448802   -0.24302822
    5.75000000   -0.15360123   -0.15325816   -0.23052653
    5.83333333   -0.15236391   -0.15204839   -0.21864122
    5.91666667   -0.15114004   -0.15085525   -0.20735980
    6.00000000   -0.14992962   -0.14967350   -0.19666513
    6.08333333   -0.14873263   -0.14849944   -0.18653709
    6.16666667   -0.14754906   -0.14733316   -0.17695332
    6.25000000   -0.14637883   -0.14617837   -0.16788990
    6.33333333   -0.14522192   -0.14503987   -0.15932231
    6.41666667   -0.14407825   -0.14392041   -0.15122580
    6.50000000   -0.14294773   -0.14281891   -0.14357559
    6.58333333   -0.14183029   -0.14173118   -0.13634751
    6.66666667   -0.14072584   -0.14065256   -0.12951802
    6.75000000   -0.13963426   -0.13958082   -0.12306430
    6.83333333   -0.13855545   -0.13851742   -0.11696457
    6.91666667   -0.13748931   -0.13746644   -0.11119801
    7.00000000   -0.13643569   -0.13643182   -0.10574477
    7.08333333   -0.13539449   -0.13541477   -0.10058612
    7.16666667   -0.13436559   -0.13441294   -0.09570435
    7.25000000   -0.13334884   -0.13342193   -0.09108271
    7.33333333   -0.13234412   -0.13243801   -0.08670550
    7.41666667   -0.13135130   -0.13146040   -0.08255798
    7.50000000   -0.13037023   -0.13049160   -0.07862625
    7.58333333   -0.12940078   -0.12953566   -0.07489734
    7.66666667   -0.12844281   -0.12859546   -0.07135910
    7.75000000   -0.12749617   -0.12767077   -0.06800012
    7.83333333   -0.12656073   -0.12675841   -0.06480974
    7.91666667   -0.12563636   -0.12585418   -0.06177803
    8.00000000   -0.12472289   -0.12495551   -0.05889562
    8.08333333   -0.12382021   -0.12406294   -0.05615383
    8.16666667   -0.12292814   -0.12317963   -0.05354445
    8.25000000   -0.12204658   -0.12230923   -0.05105993
    8.33333333   -0.12117537   -0.12145342   -0.04869310
    8.41666667   -0.12031436   -0.12061079   -0.04643726
    8.50000000   -0.11946343   -0.11977769   -0.04428622
    8.58333333   -0.11862244   -0.11895049   -0.04223411
    8.66666667   -0.11779124   -0.11812784   -0.04027543
    8.75000000   -0.11696971   -0.11731140   -0.03840510
    8.83333333   -0.11615770   -0.11650461   -0.03661829
    8.91666667   -0.11535509   -0.11571044   -0.03491049
    9.00000000   -0.11456174   -0.11492934   -0.03327750
    9.08333333   -0.11377753   -0.11415895   -0.03171535
    9.16666667   -0.11300230   -0.11339554   -0.03022030
    9.25000000   -0.11223597   -0.11263634   -0.02878889
    9.33333333   -0.11147838   -0.11188120   -0.02741782
    9.41666667   -0.11072940   -0.11113259   -0.02610400
    9.50000000   -0.10998893   -0.11039392   -0.02484456
    9.58333333   -0.10925684   -0.10966720   -0.02363676
    9.66666667   -0.10853300   -0.10895176   -0.02247800
    9.75000000   -0.10781731   -0.10824458   -0.02136591
    9.83333333   -0.10710963   -0.10754220   -0.02029818
    9.91666667   -0.10640986   -0.10684287   -0.01927267
   10.00000000   -0.10571788   -0.10614755   -0.01828737
   10.08333333   -0.10503359   -0.10545923   -0.01734035
   10.16666667   -0.10435685   -0.10478089   -0.01642980
   10.25000000   -0.10368759   -0.10411351   -0.01555404
   10.33333333   -0.10302567   -0.10345542   -0.01471145
   10.41666667   -0.10237099   -0.10280327   -0.01390050
   10.50000000   -0.10172347   -0.10215418   -0.01311976
   10.58333333   -0.10108298   -0.10150750   -0.01236786
   10.66666667   -0.10044942   -0.10086512   -0.01164351
   10.75000000   -0.09982271   -0.10023020   -0.01094551
   10.83333333   -0.09920274   -0.09960503   -0.01027268
   10.91666667   -0.09858940   -0.09898952   -0.00962392
   11.00000000   -0.09798262   -0.09838118   -0.00899821
   11.08333333   -0.09738229   -0.09777671   -0.00839455
   11.16666667   -0.09678832   -0.09717404   -0.00781199
   11.25000000   -0.09620063   -0.09657360   -0.00724967
   11.33333333   -0.09561912   -0.09597797   -0.00670673
   11.41666667   -0.09504369   -0.09539013   -0.00618236
   11.50000000   -0.09447428   -0.09481149   -0.00567581
   11.58333333   -0.09391080   -0.09424092   -0.00518634
   11.66666667   -0.09335315   -0.09367542   -0.00471326
   11.75000000   -0.09280126   -0.09311202   -0.00425592
   11.83333333   -0.09225504   -0.09254963   -0.00381369
   11.91666667   -0.09171442   -0.09198969   -0.00338597
   12.00000000   -0.09117932   -0.09143514   -0.00297220
   12.08333333   -0.09064966   -0.09088850   -0.00257182
   12.16666667   -0.09012535   -0.09035016   -0.00218432
   12.25000000   -0.08960635   -0.08981807   -0.00180922
   12.33333333   -0.08909256   -0.08928903   -0.00144603
   12.41666667   -0.08858391   -0.08876071   -0.00109431
   12.50000000   -0.08808034   -0.08823307   -0.00075363
   12.58333333   -0.08758177   -0.08770837   -0.00042357
   12.66666667   -0.08708813   -0.08718961   -0.00010374
   12.75000000   -0.08659936   -0.08667856    0.00020622
   12.83333333   -0.08611539   -0.08617455    0.00050669
   12.91666667   -0.08563615   -0.08567483    0.00079800
   13.00000000   -0.08516159   -0.08517632    0.00108048
   13.08333333   -0.08469163   -0.08467754    0.00135445
   13.16666667   -0.08422622   -0.08417954    0.00162022
   13.25000000   -0.08376529   -0.08368512    0.00187806
   13.33333333   -0.08330878   -0.08319702    0.00212825
   13.41666667   -0.08285664   -0.08271605    0.00237107
   13.50000000   -0.08240880   -0.08224052    0.00260675
   13.58333333   -0.08196521   -0.08176724    0.00283556
   13.66666667   -0.08152581   -0.08129359    0.00305772
   13.75000000   -0.08109055   -0.08081911    0.00327346
   13.83333333   -0.08065937   -0.08034581    0.00348299
   13.91666667   -0.08023221   -0.07987679    0.00368652
   14.00000000   -0.07980903   -0.07941418    0.00388425
   14.08333333   -0.07938978   -0.07895767    0.00407637
   14.16666667   -0.07897439   -0.07850468    0.00426307
   14.25000000   -0.07856282   -0.07805192    0.00444451
   14.33333333   -0.07815503   -0.07759750    0.00462088
   14.41666667   -0.07775095   -0.07714211    0.00479233
   14.50000000   -0.07735056   -0.07668853    0.00495901
   14.58333333   -0.07695379   -0.07623980    0.00512109
   14.66666667   -0.07656059   -0.07579715    0.00527871
   14.75000000   -0.07617094   -0.07535910    0.00543201
   14.83333333   -0.07578477   -0.07492237    0.00558111
   14.91666667   -0.07540205   -0.07448391    0.00572616
   15.00000000   -0.07502273   -0.07404285    0.00586728
   15.08333333   -0.07464677   -0.07360102    0.00600458
   15.16666667   -0.07427412   -0.07316175    0.00613819
   15.25000000   -0.07390475   -0.07272761    0.00626822
   15.33333333   -0.07353862   -0.07229867    0.00639476
   15.41666667   -0.07317567   -0.07187229    0.00651794
   15.50000000   -0.07281589   -0.07144478    0.00663785
   15.58333333   -0.07245921   -0.07101371    0.00675458
   15.66666667   -0.07210561   -0.07057942    0.00686823
   15.75000000   -0.07175505   -0.07014484    0.00697889
   15.83333333   -0.07140750   -0.06971348    0.00708665
   15.91666667   -0.07106290   -0.06928706    0.00719159
   16.00000000   -0.07072123   -0.06886425    0.00729379
   16.08333333   -0.07038246   -0.06844136    0.00739334
   16.16666667   -0.07004655   -0.06801462    0.00749030
   16.25000000   -0.06971345   -0.06758259    0.00758475
   16.33333333   -0.06938314   -0.06714705    0.00767677
   16.41666667   -0.06905560   -0.06671180    0.00776642
   16.50000000   -0.06873077   -0.06628014    0.00785376
   16.58333333   -0.06840863   -0.06585250    0.00793887
   16.66666667   -0.06808916   -0.06542593    0.00802180
   16.75000000   -0.06777231   -0.06499586    0.00810261
   16.83333333   -0.06745805   -0.06455888    0.00818137
   16.91666667   -0.06714636   -0.06411495    0.00825812
   17.00000000   -0.06683720   -0.06366737    0.00833293
   17.08333333   -0.06653055   -0.06322061    0.00840584
   17.16666667   -0.06622638   -0.06277717    0.00847691
   17.25000000   -0.06592465   -0.06233567    0.00854618
   17.33333333   -0.06562534   -0.06189138    0.00861371
   17.41666667   -0.06532843   -0.06143905    0.00867954
   17.50000000   -0.06503387   -0.06097616    0.00874372
   17.58333333   -0.06474165   -0.06050454    0.00880629
   17.66666667   -0.06445174   -0.06002916    0.00886728
   17.75000000   -0.06416412   -0.05955470    0.00892675
   17.83333333   -0.06387875   -0.05908216    0.00898474
   17.91666667   -0.06359561   -0.05860762    0.00904127
   18.00000000   -0.06331468   -0.05812427    0.00909639
   18.08333333   -0.06303593   -0.05762652    0.00915014
   18.16666667   -0.06275934   -0.05711347    0.00920255
   18.25000000   -0.06248488   -0.05658959    0.00925365
   18.33333333   -0.06221253   -0.05606170    0.00930348
   18.41666667   -0.06194227   -0.05553415    0.00935207
   18.50000000   -0.06167407   -0.05500521    0.00939945
   18.58333333   -0.06140790   -0.05446721    0.00944565
   18.66666667   -0.06114376   -0.05391069    0.00949070
   18.75000000   -0.06088161   -0.05333029    0.00953463
   18.83333333   -0.06062144   -0.05272839    0.00957747
   18.91666667   -0.06036322   -0.05211399    0.00961924
   19.00000000   -0.06010692   -0.05149688    0.00965997
   19.08333333   -0.05985253   -0.05088047    0.00969969
   19.16666667   -0.05960004   -0.05025798    0.00973842
   19.25000000   -0.05934941   -0.04961507    0.00977619
   19.33333333   -0.05910063   -0.04893831    0.00981301
   19.41666667   -0.05885369   -0.04822497    0.00984891
   19.50000000   -0.05860855   -0.04748788    0.00988392
   19.58333333   -0.05836519   -0.04675121    0.00991805
   19.66666667   -0.05812362   -0.04603768    0.00995133
   19.75000000   -0.05788379   -0.04535298    0.00998377
   19.83333333   -0.05764569   -0.04467563    0.01001540
   19.91666667   -0.05740932   -0.04395886    0.01004624
   20.00000000   -0.05717464   -0.04314542    0.01007630
