  -20.00000000    0.07288221    0.04444021    0.02033641
  -19.91666667    0.07317408    0.04528633    0.02044525
  -19.83333333    0.07346831    0.04603588    0.02055508
  -19.75000000    0.07376493    0.04674367    0.02066594
  -19.66666667    0.07406396    0.04745457    0.02077782
  -19.58333333    0.07436542    0.04818936    0.02089076
  -19.50000000    0.07466936    0.04894297    0.02100475
  -19.41666667    0.07497580    0.04969427    0.02111982
  -19.33333333    0.07528476    0.05042094    0.02123598
  -19.25000000    0.07559629    0.05111150    0.02135325
  -19.16666667    0.07591041    0.05176918    0.02147164
  -19.08333333    0.07622714    0.05240704    0.02159117
  -19.00000000    0.07654653    0.05303857    0.02171186
  -18.91666667    0.07686860    0.05366984    0.02183371
  -18.83333333    0.07719338    0.05429727    0.02195675
  -18.75000000    0.07752091    0.05491148    0.02208100
  -18.66666667    0.07785123    0.05550427    0.02220647
  -18.58333333    0.07818436    0.05607391    0.02233318
  -18.50000000    0.07852034    0.05662596    0.02246115
  -18.41666667    0.07885921    0.05716948    0.02259040
  -18.33333333    0.07920100    0.05771149    0.02272094
  -18.25000000    0.07954574    0.05825313    0.02285280
  -18.16666667    0.07989348    0.05878992    0.02298600
  -18.08333333    0.08024425    0.05931540    0.02312055
  -18.00000000    0.08059808    0.05982577    0.02325648
  -17.91666667    0.08095503    0.06032241    0.02339381
  -17.83333333    0.08131511    0.06081105    0.02353255
  -17.75000000    0.08167838    0.06129809    0.02367274
  -17.66666667    0.08204488    0.06178683    0.02381439
  -17.58333333    0.08241463    0.06227582    0.02395752
  -17.50000000    0.08278770    0.06276032    0.02410217
  -17.41666667    0.08316412    0.06323579    0.02424834
  -17.33333333    0.08354392    0.06370100    0.02439608
  -17.25000000    0.08392716    0.06415889    0.02454539
  -17.16666667    0.08431389    0.06461472    0.02469632
  -17.08333333    0.08470412    0.06507278    0.02484887
  -17.00000000    0.08509793    0.06553386    0.02500309
  -16.91666667    0.08549536    0.06599508    0.02515899
  -16.83333333    0.08589644    0.06645206    0.02531660
  -16.75000000    0.08630124    0.06690194    0.02547596
  -16.66666667    0.08670979    0.06734535    0.02563709
  -16.58333333    0.08712214    0.06778605    0.02580001
  -16.50000000    0.08753836    0.06822850    0.02596477
  -16.41666667    0.08795848    0.06867514    0.02613139
  -16.33333333    0.08838255    0.06912497    0.02629989
  -16.25000000    0.08881064    0.06957444    0.02647033
  -16.16666667    0.08924279    0.07001991    0.02664272
  -16.08333333    0.08967905    0.07046014    0.02681709
  -16.00000000    0.09011949    0.07089712    0.02699350
  -15.91666667    0.09056416    0.07133486    0.02717196
  -15.83333333    0.09101311    0.07177680    0.02735252
  -15.75000000    0.09146640    0.07222373    0.02753521
  -15.66666667    0.09192409    0.07267340    0.02772007
  -15.58333333    0.09238624    0.07312213    0.02790714
  -15.50000000    0.09285291    0.07356733    0.02809645
  -15.41666667    0.09332415    0.07400920    0.02828805
  -15.33333333    0.09380005    0.07445069    0.02848199
  -15.25000000    0.09428064    0.07489561    0.02867829
  -15.16666667    0.09476600    0.07534621    0.02887700
  -15.08333333    0.09525621    0.07580185    0.02907818
  -15.00000000    0.09575131    0.07625950    0.02928186
  -14.91666667    0.09625137    0.07671580    0.02948809
  -14.83333333    0.09675648    0.07716934    0.02969693
  -14.75000000    0.09726668    0.07762161    0.02990840
  -14.66666667    0.09778207    0.07807607    0.03012258
  -14.58333333    0.09830270    0.07853598    0.03033951
  -14.50000000    0.09882865    0.07900232    0.03055923
  -14.41666667    0.09935999    0.07947327    0.03078182
  -14.33333333    0.09989680    0.07994544    0.03100731
  -14.25000000    0.10043916    0.08041616    0.03123578
  -14.16666667    0.10098713    0.08088528    0.03146727
  -14.08333333    0.10154081    0.08135528    0.03170185
  -14.00000000    0.10210026    0.08182977    0.03193957
  -13.91666667    0.10266557    0.08231115    0.03218051
  -13.83333333    0.10323683    0.08279914    0.03242473
  -13.75000000    0.10381411    0.08329103    0.03267229
  -13.66666667    0.10439750    0.08378350    0.03292326
  -13.58333333    0.10498708    0.08427481    0.03317772
  -13.50000000    0.10558295    0.08476603    0.03343572
  -13.41666667    0.10618518    0.08526036    0.03369736
  -13.33333333    0.10679387    0.08576115    0.03396271
  -13.25000000    0.10740911    0.08626975    0.03423183
  -13.16666667    0.10803100    0.08678471    0.03450482
  -13.08333333    0.10865962    0.08730277    0.03478177
  -13.00000000    0.10929506    0.08782104    0.03506274
  -12.91666667    0.10993743    0.08833889    0.03534784
  -12.83333333    0.11058683    0.08885849    0.03563715
  -12.75000000    0.11124334    0.08938341    0.03593076
  -12.66666667    0.11190708    0.08991639    0.03622878
  -12.58333333    0.11257814    0.09045764    0.03653130
  -12.50000000    0.11325661    0.09100469    0.03683842
  -12.41666667    0.11394261    0.09155411    0.03715025
  -12.33333333    0.11463626    0.09210374    0.03746690
  -12.25000000    0.11533763    0.09265418    0.03778848
  -12.16666667    0.11604684    0.09320846    0.03811509
  -12.08333333    0.11676401    0.09377016    0.03844688
  -12.00000000    0.11748924    0.09434114    0.03878394
  -11.91666667    0.11822264    0.09492041    0.03912642
  -11.83333333    0.11896433    0.09550478    0.03947444
  -11.75000000    0.11971441    0.09609099    0.03982813
  -11.66666667    0.12047300    0.09667790    0.04018764
  -11.58333333    0.12124023    0.09726728    0.04055312
  -11.50000000    0.12201618    0.09786276    0.04092470
  -11.41666667    0.12280100    0.09846756    0.04130254
  -11.33333333    0.12359479    0.09908247    0.04168680
  -11.25000000    0.12439767    0.09970535    0.04207765
  -11.16666667    0.12520976    0.10033259    0.04247525
  -11.08333333    0.12603119    0.10096150    0.04287979
  -11.00000000    0.12686206    0.10159211    0.04329143
  -10.91666667    0.12770249    0.10222725    0.04371038
  -10.83333333    0.12855263    0.10287082    0.04413683
  -10.75000000    0.12941257    0.10352535    0.04457098
  -10.66666667    0.13028244    0.10419038    0.04501303
  -10.58333333    0.13116237    0.10486285    0.04546321
  -10.50000000    0.13205246    0.10553908    0.04592175
  -10.41666667    0.13295284    0.10621724    0.04638886
  -10.33333333    0.13386364    0.10689864    0.04686482
  -10.25000000    0.13478496    0.10758696    0.04734984
  -10.16666667    0.13571692    0.10828600    0.04784422
  -10.08333333    0.13665965    0.10899728    0.04834821
  -10.00000000    0.13761325    0.10971911    0.04886209
   -9.91666667    0.13857783    0.11044771    0.04938617
   -9.83333333    0.13955352    0.11117973    0.04992075
   -9.75000000    0.14054040    0.11191449    0.05046615
   -9.66666667    0.14153859    0.11265454    0.05102269
   -9.58333333    0.14254821    0.11340414    0.05159074
   -9.50000000    0.14356932    0.11416659    0.05217063
   -9.41666667    0.14460203    0.11494218    0.05276275
   -9.33333333    0.14564646    0.11572803    0.05336750
   -9.25000000    0.14670265    0.11652000    0.05398527
   -9.16666667    0.14777070    0.11731545    0.05461650
   -9.08333333    0.14885070    0.11811503    0.05526164
   -9.00000000    0.14994269    0.11892243    0.05592114
   -8.91666667    0.15104675    0.11974211    0.05659549
   -8.83333333    0.15216293    0.12057650    0.05728522
   -8.75000000    0.15329127    0.12142450    0.05799083
   -8.66666667    0.15443180    0.12228224    0.05871289
   -8.58333333    0.15558457    0.12314559    0.05945201
   -8.50000000    0.15674957    0.12401296    0.06020877
   -8.41666667    0.15792681    0.12488648    0.06098382
   -8.33333333    0.15911630    0.12577071    0.06177786
   -8.25000000    0.16031799    0.12666991    0.06259156
   -8.16666667    0.16153185    0.12758529    0.06342569
   -8.08333333    0.16275785    0.12851433    0.06428104
   -8.00000000    0.16399589    0.12945238    0.06515842
   -7.91666667    0.16524591    0.13039581    0.06605870
   -7.83333333    0.16650778    0.13134438    0.06698280
   -7.75000000    0.16778138    0.13230164    0.06793169
   -7.66666667    0.16906657    0.13327275    0.06890638
   -7.58333333    0.17036316    0.13426128    0.06990795
   -7.50000000    0.17167097    0.13526695    0.07093754
   -7.41666667    0.17298976    0.13628583    0.07199635
   -7.33333333    0.17431928    0.13731293    0.07308566
   -7.25000000    0.17565925    0.13834545    0.07420682
   -7.16666667    0.17700935    0.13938481    0.07536127
   -7.08333333    0.17836923    0.14043584    0.07655051
   -7.00000000    0.17973850    0.14150384    0.07777617
   -6.91666667    0.18111675    0.14259123    0.07903997
   -6.83333333    0.18250350    0.14369601    0.08034374
   -6.75000000    0.18389826    0.14481301    0.08168943
   -6.66666667    0.18530047    0.14593727    0.08307913
   -6.58333333    0.18670953    0.14706734    0.08451504
   -6.50000000    0.18812482    0.14820635    0.08599956
   -6.41666667    0.18954564    0.14936015    0.08753523
   -6.33333333    0.19097123    0.15053365    0.08912477
   -6.25000000    0.19240082    0.15172766    0.09077112
   -6.16666667    0.19383356    0.15293826    0.09247743
   -6.08333333    0.19526853    0.15415930    0.09424706
   -6.00000000    0.19670478    0.15538637    0.09608369
   -5.91666667    0.19814129    0.15661965    0.09799123
   -5.83333333    0.19957699    0.15786402    0.09997395
   -5.75000000    0.20101074    0.15912589    0.10203645
   -5.66666667    0.20244136    0.16040915    0.10418373
   -5.58333333    0.20386759    0.16171243    0.10642119
   -5.50000000    0.20528815    0.16302984    0.10875474
   -5.41666667    0.20670169    0.16435458    0.11119082
   -5.33333333    0.20810679    0.16568319    0.11373641
   -5.25000000    0.20950204    0.16701779    0.11639921
   -5.16666667    0.21088595    0.16836474    0.11918763
   -5.08333333    0.21225700    0.16973036    0.12211088
   -5.00000000    0.21361368    0.17111665    0.12517917
   -4.91666667    0.21495443    0.17251954    0.12840371
   -4.83333333    0.21627771    0.17393106    0.13179687
   -4.75000000    0.21758200    0.17534401    0.13537247
   -4.66666667    0.21886576    0.17675629    0.13914577
   -4.58333333    0.22012753    0.17817196    0.14313381
   -4.50000000    0.22136592    0.17959827    0.14735568
   -4.41666667    0.22257957    0.18104041    0.15183275
   -4.33333333    0.22376726    0.18249737    0.15658901
   -4.25000000    0.22492788    0.18396157    0.16165166
   -4.16666667    0.22606046    0.18542264    0.16705137
   -4.08333333    0.22716421    0.18687313    0.17282303
   -4.00000000    0.22823853    0.18831233    0.17900653
   -3.91666667    0.22928303    0.18974574    0.18564744
   -3.83333333    0.23029758    0.19118028    0.19279827
   -3.75000000    0.23128229    0.19261824    0.20051961
   -3.66666667    0.23223756    0.19405372    0.20888186
   -3.58333333    0.23316406    0.19547417    0.21796713
   -3.50000000    0.23406276    0.19686599    0.22787163
   -3.41666667    0.23493486    0.19822087    0.23870885
   -3.33333333    0.23578185    0.19953869    0.25061334
   -3.25000000    0.23660537    0.20082473    0.26374545
   -3.16666667    0.23740719    0.20208293    0.27829766
   -3.08333333    0.23818910    0.20330921    0.29450242
   -3.00000000    0.23895276    0.20448922    0.31264196
   -2.91666667    0.23969951    0.20560224    0.33306163
   -2.83333333    0.24043012    0.20662882    0.35618628
   -2.75000000    0.24114452    0.20755743    0.38254139
   -2.66666667    0.24184139    0.20838545    0.41278025
   -2.58333333    0.24251769    0.20911361    0.44771688
   -2.50000000    0.24316813    0.20973683    0.48836420
   -2.41666667    0.24378445    0.21023736    0.53597435
   -2.33333333    0.24435468    0.21058467    0.59206604
   -2.25000000    0.24486220    0.21074252    0.65840540
   -2.16666667    0.24528469    0.21067896    0.73686226
   -2.08333333    0.24559299    0.21037265    0.82896416
   -2.00000000    0.24574980    0.20981092    0.93480119
   -1.91666667    0.24570841    0.20898005    1.05071350
   -1.83333333    0.24541129    0.20785343    1.16524466
   -1.75000000    0.24478890    0.20638514    1.25440343
   -1.66666667    0.24375860    0.20451362    1.28207224
   -1.58333333    0.24222403    0.20217379    1.21579836
   -1.50000000    0.24007500    0.19931030    1.05508250
   -1.41666667    0.23718833    0.19588315    0.84030248
   -1.33333333    0.23342980    0.19186108    0.62439674
   -1.25000000    0.22865752    0.18720582    0.44146378
   -1.16666667    0.22272705    0.18185705    0.30133398
   -1.08333333    0.21549834    0.17572868    0.19984970
   -1.00000000    0.20684433    0.16872126    0.12852150
   -0.91666667    0.19666109    0.16074533    0.07921732
   -0.83333333    0.18487857    0.15174253    0.04554765
   -0.75000000    0.17147116    0.14169048    0.02287783
   -0.66666667    0.15646642    0.13058598    0.00795686
   -0.58333333    0.13995096    0.11841394   -0.00146891
   -0.50000000    0.12207199    0.10512126   -0.00696031
   -0.41666667    0.10303370    0.09061617   -0.00960326
   -0.33333333    0.08308859    0.07480410   -0.01015842
   -0.25000000    0.06252427    0.05765240   -0.00916269
   -0.16666667    0.04164733    0.03925955   -0.00699767
   -0.08333333    0.02076597    0.01989704   -0.00393612
    0.00000000    0.00017368    0.00000000    0.00017368
    0.08333333   -0.01986462   -0.01989704   -0.00414930
    0.16666667   -0.03912268   -0.03925955   -0.00893257
    0.25000000   -0.05741875   -0.05765240   -0.01410534
    0.33333333   -0.07461753   -0.07480410   -0.01961868
    0.41666667   -0.09062852   -0.09061617   -0.02544018
    0.50000000   -0.10540210   -0.10512126   -0.03155007
    0.58333333   -0.11892377   -0.11841394   -0.03793836
    0.66666667   -0.13120790   -0.13058598   -0.04460288
    0.75000000   -0.14229126   -0.14169048   -0.05154768
    0.83333333   -0.15222711   -0.15174253   -0.05878205
    0.91666667   -0.16107993   -0.16074533   -0.06631964
    1.00000000   -0.16892100   -0.16872126   -0.07417788
    1.08333333   -0.17582490   -0.17572868   -0.08237757
    1.16666667   -0.18186675   -0.18185705   -0.09094247
    1.25000000   -0.18712026   -0.18720582   -0.09989914
    1.33333333   -0.19165621   -0.19186108   -0.10927660
    1.41666667   -0.19554161   -0.19588315   -0.11910616
    1.50000000   -0.19883912   -0.19931030   -0.12942119
    1.58333333   -0.20160676   -0.20217379   -0.14025678
    1.66666667   -0.20389789   -0.20451362   -0.15164936
    1.75000000   -0.20576124   -0.20638514   -0.16363631
    1.83333333   -0.20724118   -0.20785343   -0.17625516
    1.91666667   -0.20837788   -0.20898005   -0.18954277
    2.00000000   -0.20920766   -0.20981092   -0.20353427
    2.08333333   -0.20976328   -0.21037265   -0.21826145
    2.16666667   -0.21007420   -0.21067896   -0.23375103
    2.25000000   -0.21016694   -0.21074252   -0.25002202
    2.33333333   -0.21006531   -0.21058467   -0.26708311
    2.41666667   -0.20979066   -0.21023736   -0.28492889
    2.50000000   -0.20936220   -0.20973683   -0.30353544
    2.58333333   -0.20879713   -0.20911361   -0.32285567
    2.66666667   -0.20811090   -0.20838545   -0.34281363
    2.75000000   -0.20731737   -0.20755743   -0.36329825
    2.83333333   -0.20642898   -0.20662882   -0.38415764
    2.91666667   -0.20545692   -0.20560224   -0.40519316
    3.00000000   -0.20441121   -0.20448922   -0.42615474
    3.08333333   -0.20330088   -0.20330921   -0.44673885
    3.16666667   -0.20213403   -0.20208293   -0.46658922
    3.25000000   -0.20091796   -0.20082473   -0.48530211
    3.33333333   -0.19965921   -0.19953869   -0.50243765
    3.41666667   -0.19836368   -0.19822087   -0.51753689
    3.50000000   -0.19703669   -0.19686599   -0.53014487
    3.58333333   -0.19568301   -0.19547417   -0.53983898
    3.66666667   -0.19430694   -0.19405372   -0.54625920
    3.75000000   -0.19291237   -0.19261824   -0.54913743
    3.83333333   -0.19150277   -0.19118028   -0.54832193
    3.91666667   -0.19008129   -0.18974574   -0.54379266
    4.00000000   -0.18865076   -0.18831233   -0.53566547
    4.08333333   -0.18721371   -0.18687313   -0.52418373
    4.16666667   -0.18577246   -0.18542264   -0.50969927
    4.25000000   -0.18432904   -0.18396157   -0.49264441
    4.33333333   -0.18288532   -0.18249737   -0.47350082
    4.41666667   -0.18144295   -0.18104041   -0.45276753
    4.50000000   -0.18000343   -0.17959827   -0.43093218
    4.58333333   -0.17856810   -0.17817196   -0.40844913
    4.66666667   -0.17713815   -0.17675629   -0.38572336
    4.75000000   -0.17571465   -0.17534401   -0.36310099
    4.83333333   -0.17429856   -0.17393106   -0.34086685
    4.91666667   -0.17289073   -0.17251954   -0.31924546
    5.00000000   -0.17149191   -0.17111665   -0.29840522
    5.08333333   -0.17010278   -0.16973036   -0.27846560
    5.16666667   -0.16872392   -0.16836474   -0.25950401
    5.25000000   -0.16735586   -0.16701779   -0.24156292
    5.33333333   -0.16599904   -0.16568319   -0.22465743
    5.41666667   -0.16465388   -0.16435458   -0.20878118
    5.50000000   -0.16332070   -0.16302984   -0.19391145
    5.58333333   -0.16199980   -0.16171243   -0.18001423
    5.66666667   -0.16069144   -0.16040915   -0.16704754
    5.75000000   -0.15939582   -0.15912589   -0.15496418
    5.83333333   -0.15811312   -0.15786402   -0.14371442
    5.91666667   -0.15684349   -0.15661965   -0.13324748
    6.00000000   -0.15558702   -0.15538637   -0.12351262
    6.08333333   -0.15434380   -0.15415930   -0.11446047
    6.16666667   -0.15311390   -0.15293826   -0.10604342
    6.25000000   -0.15189734   -0.15172766   -0.09821594
    6.33333333   -0.15069415   -0.15053365   -0.09093510
    6.41666667   -0.14950432   -0.14936015   -0.08416057
    6.50000000   -0.14832784   -0.14820635   -0.07785452
    6.58333333   -0.14716466   -0.14706734   -0.07198185
    6.66666667   -0.14601476   -0.14593727   -0.06650998
    6.75000000   -0.14487805   -0.14481301   -0.06140864
    6.83333333   -0.14375448   -0.14369601   -0.05664999
    6.91666667   -0.14264397   -0.14259123   -0.05220830
    7.00000000   -0.14154642   -0.14150384   -0.04805980
    7.08333333   -0.14046173   -0.14043584   -0.04418268
    7.16666667   -0.13938982   -0.13938481   -0.04055686
    7.25000000   -0.13833056   -0.13834545   -0.03716382
    7.33333333   -0.13728384   -0.13731293   -0.03398656
    7.41666667   -0.13624956   -0.13628583   -0.03100945
    7.50000000   -0.13522756   -0.13526695   -0.02821807
    7.58333333   -0.13421773   -0.13426128   -0.02559920
    7.66666667   -0.13321996   -0.13327275   -0.02314064
    7.75000000   -0.13223408   -0.13230164   -0.02083116
    7.83333333   -0.13125998   -0.13134438   -0.01866042
    7.91666667   -0.13029751   -0.13039581   -0.01661890
    8.00000000   -0.12934654   -0.12945238   -0.01469779
    8.08333333   -0.12840694   -0.12851433   -0.01288898
    8.16666667   -0.12747854   -0.12758529   -0.01118497
    8.25000000   -0.12656122   -0.12666991   -0.00957886
    8.33333333   -0.12565484   -0.12577071   -0.00806423
    8.41666667   -0.12475925   -0.12488648   -0.00663515
    8.50000000   -0.12387432   -0.12401296   -0.00528617
    8.58333333   -0.12299989   -0.12314559   -0.00401217
    8.66666667   -0.12213583   -0.12228224   -0.00280845
    8.75000000   -0.12128201   -0.12142450   -0.00167065
    8.83333333   -0.12043828   -0.12057650   -0.00059470
    8.91666667   -0.11960449   -0.11974211    0.00042317
    9.00000000   -0.11878052   -0.11892243    0.00138647
    9.08333333   -0.11796623   -0.11811503    0.00229845
    9.16666667   -0.11716148   -0.11731545    0.00316218
    9.25000000   -0.11636614   -0.11652000    0.00398045
    9.33333333   -0.11558008   -0.11572803    0.00475593
    9.41666667   -0.11480315   -0.11494218    0.00549108
    9.50000000   -0.11403524   -0.11416659    0.00618819
    9.58333333   -0.11327622   -0.11340414    0.00684941
    9.66666667   -0.11252594   -0.11265454    0.00747676
    9.75000000   -0.11178430   -0.11191449    0.00807211
    9.83333333   -0.11105117   -0.11117973    0.00863723
    9.91666667   -0.11032641   -0.11044771    0.00917376
   10.00000000   -0.10960992   -0.10971911    0.00968325
   10.08333333   -0.10890157   -0.10899728    0.01016714
   10.16666667   -0.10820124   -0.10828600    0.01062680
   10.25000000   -0.10750882   -0.10758696    0.01106350
   10.33333333   -0.10682420   -0.10689864    0.01147844
   10.41666667   -0.10614724   -0.10621724    0.01187276
   10.50000000   -0.10547786   -0.10553908    0.01224750
   10.58333333   -0.10481594   -0.10486285    0.01260368
   10.66666667   -0.10416135   -0.10419038    0.01294223
   10.75000000   -0.10351402   -0.10352535    0.01326403
   10.83333333   -0.10287382   -0.10287082    0.01356991
   10.91666667   -0.10224065   -0.10222725    0.01386069
   11.00000000   -0.10161442   -0.10159211    0.01413707
   11.08333333   -0.10099501   -0.10096150    0.01439978
   11.16666667   -0.10038233   -0.10033259    0.01464948
   11.25000000   -0.09977629   -0.09970535    0.01488678
   11.33333333   -0.09917678   -0.09908247    0.01511229
   11.41666667   -0.09858371   -0.09846756    0.01532656
   11.50000000   -0.09799700   -0.09786276    0.01553012
   11.58333333   -0.09741655   -0.09726728    0.01572347
   11.66666667   -0.09684226   -0.09667790    0.01590709
   11.75000000   -0.09627406   -0.09609099    0.01608143
   11.83333333   -0.09571184   -0.09550478    0.01624692
   11.91666667   -0.09515553   -0.09492041    0.01640395
   12.00000000   -0.09460505   -0.09434114    0.01655292
   12.08333333   -0.09406031   -0.09377016    0.01669418
   12.16666667   -0.09352122   -0.09320846    0.01682809
   12.25000000   -0.09298772   -0.09265418    0.01695496
   12.33333333   -0.09245971   -0.09210374    0.01707512
   12.41666667   -0.09193712   -0.09155411    0.01718887
   12.50000000   -0.09141988   -0.09100469    0.01729647
   12.58333333   -0.09090791   -0.09045764    0.01739821
   12.66666667   -0.09040114   -0.08991639    0.01749433
   12.75000000   -0.08989949   -0.08938341    0.01758509
   12.83333333   -0.08940289   -0.08885849    0.01767070
   12.91666667   -0.08891127   -0.08833889    0.01775139
   13.00000000   -0.08842456   -0.08782104    0.01782738
   13.08333333   -0.08794270   -0.08730277    0.01789886
   13.16666667   -0.08746562   -0.08678471    0.01796602
   13.25000000   -0.08699325   -0.08626975    0.01802905
   13.33333333   -0.08652552   -0.08576115    0.01808812
   13.41666667   -0.08606238   -0.08526036    0.01814339
   13.50000000   -0.08560376   -0.08476603    0.01819502
   13.58333333   -0.08514960   -0.08427481    0.01824317
   13.66666667   -0.08469983   -0.08378350    0.01828798
   13.75000000   -0.08425441   -0.08329103    0.01832958
   13.83333333   -0.08381327   -0.08279914    0.01836811
   13.91666667   -0.08337634   -0.08231115    0.01840370
   14.00000000   -0.08294359   -0.08182977    0.01843646
   14.08333333   -0.08251495   -0.08135528    0.01846652
   14.16666667   -0.08209036   -0.08088528    0.01849397
   14.25000000   -0.08166977   -0.08041616    0.01851893
   14.33333333   -0.08125313   -0.07994544    0.01854149
   14.41666667   -0.08084039   -0.07947327    0.01856176
   14.50000000   -0.08043149   -0.07900232    0.01857983
   14.58333333   -0.08002639   -0.07853598    0.01859578
   14.66666667   -0.07962503   -0.07807607    0.01860970
   14.75000000   -0.07922737   -0.07762161    0.01862168
   14.83333333   -0.07883335   -0.07716934    0.01863178
   14.91666667   -0.07844293   -0.07671580    0.01864009
   15.00000000   -0.07805607   -0.07625950    0.01864667
   15.08333333   -0.07767272   -0.07580185    0.01865160
   15.16666667   -0.07729283   -0.07534621    0.01865494
   15.25000000   -0.07691635   -0.07489561    0.01865676
   15.33333333   -0.07654326   -0.07445069    0.01865711
   15.41666667   -0.07617349   -0.07400920    0.01865605
   15.50000000   -0.07580701   -0.07356733    0.01865365
   15.58333333   -0.07544378   -0.07312213    0.01864994
   15.66666667   -0.07508375   -0.07267340    0.01864500
   15.75000000   -0.07472690   -0.07222373    0.01863886
   15.83333333   -0.07437317   -0.07177680    0.01863157
   15.91666667   -0.07402252   -0.07133486    0.01862318
   16.00000000   -0.07367493   -0.07089712    0.01861373
   16.08333333   -0.07333034   -0.07046014    0.01860326
   16.16666667   -0.07298874   -0.07001991    0.01859183
   16.25000000   -0.07265006   -0.06957444    0.01857945
   16.33333333   -0.07231429   -0.06912497    0.01856618
   16.41666667   -0.07198139   -0.06867514    0.01855205
   16.50000000   -0.07165131   -0.06822850    0.01853709
   16.58333333   -0.07132403   -0.06778605    0.01852134
   16.66666667   -0.07099952   -0.06734535    0.01850483
   16.75000000   -0.07067772   -0.06690194    0.01848758
   16.83333333   -0.07035863   -0.06645206    0.01846964
   16.91666667   -0.07004220   -0.06599508    0.01845103
   17.00000000   -0.06972840   -0.06553386    0.01843177
   17.08333333   -0.06941720   -0.06507278    0.01841189
   17.16666667   -0.06910858   -0.06461472    0.01839143
   17.25000000   -0.06880248   -0.06415889    0.01837040
   17.33333333   -0.06849890   -0.06370100    0.01834882
   17.41666667   -0.06819780   -0.06323579    0.01832673
   17.50000000   -0.06789914   -0.06276032    0.01830413
   17.58333333   -0.06760290   -0.06227582    0.01828106
   17.66666667   -0.06730907   -0.06178683    0.01825754
   17.75000000   -0.06701759   -0.06129809    0.01823358
   17.83333333   -0.06672845   -0.06081105    0.01820920
   17.91666667   -0.06644162   -0.06032241    0.01818442
   18.00000000   -0.06615707   -0.05982577    0.01815926
   18.08333333   -0.06587478   -0.05931540    0.01813374
   18.16666667   -0.06559473   -0.05878992    0.01810787
   18.25000000   -0.06531688   -0.05825313    0.01808167
   18.33333333   -0.06504121   -0.05771149    0.01805515
   18.41666667   -0.06476770   -0.05716948    0.01802833
   18.50000000   -0.06449632   -0.05662596    0.01800123
   18.58333333   -0.06422704   -0.05607391    0.01797384
   18.66666667   -0.06395985   -0.05550427    0.01794620
   18.75000000   -0.06369472   -0.05491148    0.01791831
   18.83333333   -0.06343163   -0.05429727    0.01789019
   18.91666667   -0.06317056   -0.05366984    0.01786184
   19.00000000   -0.06291147   -0.05303857    0.01783328
   19.08333333   -0.06265436   -0.05240704    0.01780452
   19.16666667   -0.06239920   -0.05176918    0.01777557
   19.25000000   -0.06214596   -0.05111150    0.01774644
   19.33333333   -0.06189462   -0.05042094    0.01771714
   19.41666667   -0.06164518   -0.04969427    0.01768768
   19.50000000   -0.06139760   -0.04894297    0.01765807
   19.58333333   -0.06115186   -0.04818936    0.01762832
   19.66666667   -0.06090795   -0.04745457    0.01759843
   19.75000000   -0.06066585   -0.04674367    0.01756842
   19.83333333   -0.06042552   -0.04603588    0.01753829
   19.91666667   -0.06018697   -0.04528633    0.01750805
   20.00000000   -0.05995016   -0.04444021    0.01747771
