  -20.00000000    0.06802187    0.04482266    0.01441814
  -19.91666667    0.06830457    0.04568492    0.01448695
  -19.83333333    0.06858953    0.04645398    0.01455640
  -19.75000000    0.06887679    0.04718608    0.01462651
  -19.66666667    0.06916635    0.04792606    0.01469728
  -19.58333333    0.06945825    0.04869300    0.01476872
  -19.50000000    0.06975252    0.04947920    0.01484085
  -19.41666667    0.07004918    0.05026117    0.01491367
  -19.33333333    0.07034826    0.05101550    0.01498718
  -19.25000000    0.07064980    0.05173119    0.01506141
  -19.16666667    0.07095381    0.05241280    0.01513636
  -19.08333333    0.07126033    0.05307456    0.01521204
  -19.00000000    0.07156939    0.05373020    0.01528847
  -18.91666667    0.07188102    0.05438495    0.01536564
  -18.83333333    0.07219524    0.05503395    0.01544358
  -18.75000000    0.07251210    0.05566704    0.01552230
  -18.66666667    0.07283162    0.05627623    0.01560180
  -18.58333333    0.07315382    0.05686093    0.01568210
  -18.50000000    0.07347876    0.05742806    0.01576320
  -18.41666667    0.07380645    0.05798736    0.01584513
  -18.33333333    0.07413693    0.05854547    0.01592789
  -18.25000000    0.07447024    0.05910241    0.01601150
  -18.16666667    0.07480641    0.05965257    0.01609597
  -18.08333333    0.07514546    0.06018912    0.01618131
  -18.00000000    0.07548746    0.06070894    0.01626753
  -17.91666667    0.07583242    0.06121476    0.01635465
  -17.83333333    0.07618037    0.06171339    0.01644269
  -17.75000000    0.07653137    0.06221148    0.01653165
  -17.66666667    0.07688545    0.06271149    0.01662155
  -17.58333333    0.07724263    0.06321070    0.01671240
  -17.50000000    0.07760298    0.06370343    0.01680423
  -17.41666667    0.07796652    0.06418519    0.01689704
  -17.33333333    0.07833328    0.06465578    0.01699085
  -17.25000000    0.07870333    0.06511950    0.01708568
  -17.16666667    0.07907669    0.06558245    0.01718155
  -17.08333333    0.07945340    0.06604868    0.01727846
  -17.00000000    0.07983351    0.06651783    0.01737643
  -16.91666667    0.08021707    0.06698573    0.01747550
  -16.83333333    0.08060410    0.06744734    0.01757566
  -16.75000000    0.08099467    0.06790031    0.01767694
  -16.66666667    0.08138882    0.06834654    0.01777936
  -16.58333333    0.08178658    0.06879105    0.01788293
  -16.50000000    0.08218802    0.06923880    0.01798768
  -16.41666667    0.08259317    0.06969155    0.01809363
  -16.33333333    0.08300207    0.07014696    0.01820079
  -16.25000000    0.08341480    0.07060028    0.01830919
  -16.16666667    0.08383138    0.07104762    0.01841884
  -16.08333333    0.08425187    0.07148860    0.01852977
  -16.00000000    0.08467632    0.07192664    0.01864201
  -15.91666667    0.08510479    0.07236684    0.01875556
  -15.83333333    0.08553733    0.07281271    0.01887046
  -15.75000000    0.08597398    0.07326400    0.01898673
  -15.66666667    0.08641480    0.07371701    0.01910439
  -15.58333333    0.08685986    0.07416710    0.01922347
  -15.50000000    0.08730920    0.07461183    0.01934399
  -15.41666667    0.08776287    0.07505262    0.01946598
  -15.33333333    0.08822096    0.07549387    0.01958947
  -15.25000000    0.08868349    0.07594020    0.01971447
  -15.16666667    0.08915054    0.07639349    0.01984103
  -15.08333333    0.08962217    0.07685175    0.01996916
  -15.00000000    0.09009843    0.07731051    0.02009890
  -14.91666667    0.09057939    0.07776580    0.02023027
  -14.83333333    0.09106513    0.07821680    0.02036331
  -14.75000000    0.09155568    0.07866645    0.02049805
  -14.66666667    0.09205112    0.07911960    0.02063452
  -14.58333333    0.09255153    0.07957993    0.02077275
  -14.50000000    0.09305695    0.08004762    0.02091277
  -14.41666667    0.09356747    0.08051928    0.02105462
  -14.33333333    0.09408315    0.08099025    0.02119834
  -14.25000000    0.09460406    0.08145762    0.02134396
  -14.16666667    0.09513027    0.08192227    0.02149152
  -14.08333333    0.09566186    0.08238828    0.02164106
  -14.00000000    0.09619889    0.08286044    0.02179260
  -13.91666667    0.09674144    0.08334113    0.02194621
  -13.83333333    0.09728959    0.08382888    0.02210191
  -13.75000000    0.09784341    0.08431931    0.02225975
  -13.66666667    0.09840297    0.08480807    0.02241977
  -13.58333333    0.09896837    0.08529367    0.02258201
  -13.50000000    0.09953967    0.08577856    0.02274653
  -13.41666667    0.10011696    0.08626759    0.02291337
  -13.33333333    0.10070032    0.08676494    0.02308257
  -13.25000000    0.10128983    0.08727148    0.02325419
  -13.16666667    0.10188557    0.08778422    0.02342827
  -13.08333333    0.10248764    0.08829829    0.02360488
  -13.00000000    0.10309611    0.08881012    0.02378406
  -12.91666667    0.10371107    0.08931984    0.02396586
  -12.83333333    0.10433262    0.08983124    0.02415036
  -12.75000000    0.10496084    0.09034946    0.02433759
  -12.66666667    0.10559581    0.09087767    0.02452763
  -12.58333333    0.10623764    0.09141508    0.02472054
  -12.50000000    0.10688641    0.09195748    0.02491637
  -12.41666667    0.10754222    0.09249997    0.02511521
  -12.33333333    0.10820517    0.09304020    0.02531710
  -12.25000000    0.10887534    0.09357994    0.02552213
  -12.16666667    0.10955283    0.09412407    0.02573036
  -12.08333333    0.11023775    0.09467749    0.02594188
  -12.00000000    0.11093019    0.09524198    0.02615674
  -11.91666667    0.11163024    0.09581512    0.02637504
  -11.83333333    0.11233803    0.09639184    0.02659686
  -11.75000000    0.11305362    0.09696773    0.02682228
  -11.66666667    0.11377714    0.09754196    0.02705138
  -11.58333333    0.11450870    0.09811792    0.02728425
  -11.50000000    0.11524837    0.09870112    0.02752099
  -11.41666667    0.11599628    0.09929572    0.02776169
  -11.33333333    0.11675253    0.09990188    0.02800646
  -11.25000000    0.11751722    0.10051568    0.02825538
  -11.16666667    0.11829045    0.10113165    0.02850857
  -11.08333333    0.11907235    0.10174635    0.02876613
  -11.00000000    0.11986300    0.10236069    0.02902818
  -10.91666667    0.12066251    0.10297945    0.02929483
  -10.83333333    0.12147101    0.10360830    0.02956620
  -10.75000000    0.12228858    0.10425023    0.02984242
  -10.66666667    0.12311533    0.10490360    0.03012361
  -10.58333333    0.12395139    0.10556327    0.03040991
  -10.50000000    0.12479683    0.10622388    0.03070145
  -10.41666667    0.12565177    0.10688341    0.03099838
  -10.33333333    0.12651633    0.10754458    0.03130085
  -10.25000000    0.12739059    0.10821324    0.03160900
  -10.16666667    0.12827466    0.10889469    0.03192300
  -10.08333333    0.12916866    0.10959033    0.03224302
  -10.00000000    0.13007265    0.11029675    0.03256922
   -9.91666667    0.13098676    0.11100796    0.03290178
   -9.83333333    0.13191108    0.11171927    0.03324089
   -9.75000000    0.13284569    0.11243041    0.03358673
   -9.66666667    0.13379070    0.11314587    0.03393951
   -9.58333333    0.13474619    0.11387212    0.03429944
   -9.50000000    0.13571223    0.11461354    0.03466673
   -9.41666667    0.13668892    0.11536964    0.03504161
   -9.33333333    0.13767634    0.11613540    0.03542431
   -9.25000000    0.13867455    0.11690445    0.03581506
   -9.16666667    0.13968362    0.11767331    0.03621414
   -9.08333333    0.14070362    0.11844372    0.03662180
   -9.00000000    0.14173460    0.11922172    0.03703831
   -8.91666667    0.14277662    0.12001386    0.03746397
   -8.83333333    0.14382973    0.12082309    0.03789908
   -8.75000000    0.14489395    0.12164688    0.03834395
   -8.66666667    0.14596932    0.12247880    0.03879890
   -8.58333333    0.14705587    0.12331274    0.03926429
   -8.50000000    0.14815360    0.12414692    0.03974046
   -8.41666667    0.14926250    0.12498521    0.04022779
   -8.33333333    0.15038260    0.12583481    0.04072669
   -8.25000000    0.15151385    0.12670178    0.04123756
   -8.16666667    0.15265622    0.12758715    0.04176082
   -8.08333333    0.15380969    0.12848628    0.04229695
   -8.00000000    0.15497416    0.12939184    0.04284639
   -7.91666667    0.15614960    0.13029854    0.04340967
   -7.83333333    0.15733589    0.13120675    0.04398730
   -7.75000000    0.15853294    0.13212240    0.04457984
   -7.66666667    0.15974062    0.13305341    0.04518786
   -7.58333333    0.16095879    0.13400465    0.04581197
   -7.50000000    0.16218729    0.13497488    0.04645283
   -7.41666667    0.16342592    0.13595745    0.04711111
   -7.33333333    0.16467449    0.13694466    0.04778751
   -7.25000000    0.16593276    0.13793272    0.04848281
   -7.16666667    0.16720048    0.13892446    0.04919781
   -7.08333333    0.16847736    0.13992769    0.04993334
   -7.00000000    0.16976309    0.14095038    0.05069030
   -6.91666667    0.17105734    0.14199558    0.05146965
   -6.83333333    0.17235973    0.14305946    0.05227237
   -6.75000000    0.17366988    0.14413368    0.05309956
   -6.66666667    0.17498733    0.14521081    0.05395234
   -6.58333333    0.17631163    0.14628921    0.05483191
   -6.50000000    0.17764228    0.14737435    0.05573957
   -6.41666667    0.17897874    0.14847552    0.05667668
   -6.33333333    0.18032042    0.14960001    0.05764469
   -6.25000000    0.18166674    0.15074838    0.05864518
   -6.16666667    0.18301704    0.15191406    0.05967980
   -6.08333333    0.18437062    0.15308745    0.06075034
   -6.00000000    0.18572678    0.15426216    0.06185872
   -5.91666667    0.18708474    0.15543928    0.06300699
   -5.83333333    0.18844372    0.15662695    0.06419734
   -5.75000000    0.18980288    0.15783533    0.06543216
   -5.66666667    0.19116136    0.15907014    0.06671400
   -5.58333333    0.19251825    0.16032885    0.06804562
   -5.50000000    0.19387266    0.16160210    0.06943000
   -5.41666667    0.19522361    0.16287965    0.07087037
   -5.33333333    0.19657014    0.16415694    0.07237021
   -5.25000000    0.19791129    0.16543827    0.07393335
   -5.16666667    0.19924606    0.16673426    0.07556390
   -5.08333333    0.20057346    0.16805512    0.07726637
   -5.00000000    0.20189254    0.16940398    0.07904568
   -4.91666667    0.20320234    0.17077455    0.08090721
   -4.83333333    0.20450193    0.17215482    0.08285684
   -4.75000000    0.20579048    0.17353456    0.08490110
   -4.66666667    0.20706716    0.17491189    0.08704709
   -4.58333333    0.20833127    0.17629465    0.08930270
   -4.50000000    0.20958222    0.17769542    0.09167667
   -4.41666667    0.21081950    0.17912329    0.09417867
   -4.33333333    0.21204280    0.18057753    0.09681946
   -4.25000000    0.21325198    0.18204736    0.09961108
   -4.16666667    0.21444711    0.18351823    0.10256697
   -4.08333333    0.21562850    0.18498067    0.10570222
   -4.00000000    0.21679675    0.18643618    0.10903386
   -3.91666667    0.21795277    0.18789608    0.11258111
   -3.83333333    0.21909783    0.18937390    0.11636581
   -3.75000000    0.22023361    0.19087581    0.12041279
   -3.66666667    0.22136219    0.19239543    0.12475051
   -3.58333333    0.22248618    0.19391637    0.12941162
   -3.50000000    0.22360865    0.19542133    0.13443383
   -3.41666667    0.22473326    0.19690203    0.13986087
   -3.33333333    0.22586424    0.19836352    0.14574376
   -3.25000000    0.22700639    0.19981979    0.15214226
   -3.16666667    0.22816514    0.20128302    0.15912691
   -3.08333333    0.22934653    0.20275326    0.16678146
   -3.00000000    0.23055713    0.20421508    0.17520591
   -2.91666667    0.23180404    0.20564386    0.18452071
   -2.83333333    0.23309477    0.20701803    0.19487199
   -2.75000000    0.23443705    0.20832941    0.20643837
   -2.66666667    0.23583870    0.20958488    0.21944035
   -2.58333333    0.23730728    0.21079755    0.23415262
   -2.50000000    0.23884971    0.21197243    0.25092064
   -2.41666667    0.24047179    0.21309569    0.27018382
   -2.33333333    0.24217747    0.21413446    0.29250712
   -2.25000000    0.24396803    0.21504792    0.31862514
   -2.16666667    0.24584096    0.21580308    0.34950440
   -2.08333333    0.24778861    0.21638469    0.38643017
   -2.00000000    0.24979638    0.21679237    0.43112630
   -1.91666667    0.25184069    0.21702526    0.48591610
   -1.83333333    0.25388631    0.21706301    0.55391409
   -1.75000000    0.25588334    0.21685499    0.63919006
   -1.66666667    0.25776354    0.21632500    0.74667051
   -1.58333333    0.25943628    0.21538930    0.88106201
   -1.50000000    0.26078409    0.21397679    1.04290654
   -1.41666667    0.26165810    0.21203740    1.21809898
   -1.33333333    0.26187389    0.20953138    1.35955980
   -1.25000000    0.26120851    0.20640361    1.38283570
   -1.16666667    0.25939968    0.20255791    1.22839390
   -1.08333333    0.25614871    0.19784801    0.94876268
   -1.00000000    0.25112881    0.19209365    0.66042860
   -0.91666667    0.24400063    0.18511519    0.43294734
   -0.83333333    0.23443624    0.17676763    0.27502925
   -0.75000000    0.22215162    0.16695321    0.17111205
   -0.66666667    0.20694571    0.15560307    0.10396689
   -0.58333333    0.18874129    0.14263800    0.06079763
   -0.50000000    0.16762037    0.12793510    0.03315348
   -0.41666667    0.14384503    0.11133015    0.01565093
   -0.33333333    0.11785635    0.09267149    0.00487523
   -0.25000000    0.09024730    0.07191485   -0.00135914
   -0.16666667    0.06171230    0.04922325   -0.00447076
   -0.08333333    0.03298209    0.02502570   -0.00539474
    0.00000000    0.00475657    0.00000000    0.00475657
    0.08333333   -0.02235223   -0.02502570    0.00298005
    0.16666667   -0.04785841   -0.04922325    0.00035519
    0.25000000   -0.07141877   -0.07191485   -0.00291828
    0.33333333   -0.09283014   -0.09267149   -0.00670265
    0.41666667   -0.11201266   -0.11133015   -0.01090348
    0.50000000   -0.12898557   -0.12793510   -0.01545714
    0.58333333   -0.14384077   -0.14263800   -0.02032228
    0.66666667   -0.15671827   -0.15560307   -0.02547396
    0.75000000   -0.16778556   -0.16695321   -0.03089967
    0.83333333   -0.17722158   -0.17676763   -0.03659646
    0.91666667   -0.18520528   -0.18511519   -0.04256906
    1.00000000   -0.19190794   -0.19209365   -0.04882843
    1.08333333   -0.19748867   -0.19784801   -0.05539093
    1.16666667   -0.20209200   -0.20255791   -0.06227763
    1.25000000   -0.20584717   -0.20640361   -0.06951399
    1.33333333   -0.20886835   -0.20953138   -0.07712958
    1.41666667   -0.21125551   -0.21203740   -0.08515802
    1.50000000   -0.21309565   -0.21397679   -0.09363701
    1.58333333   -0.21446410   -0.21538930   -0.10260833
    1.66666667   -0.21542590   -0.21632500   -0.11211797
    1.75000000   -0.21603709   -0.21685499   -0.12221630
    1.83333333   -0.21634589   -0.21706301   -0.13295810
    1.91666667   -0.21639379   -0.21702526   -0.14440266
    2.00000000   -0.21621650   -0.21679237   -0.15661380
    2.08333333   -0.21584474   -0.21638469   -0.16965961
    2.16666667   -0.21530503   -0.21580308   -0.18361226
    2.25000000   -0.21462025   -0.21504792   -0.19854707
    2.33333333   -0.21381016   -0.21413446   -0.21454175
    2.41666667   -0.21289190   -0.21309569   -0.23167469
    2.50000000   -0.21188034   -0.21197243   -0.25002241
    2.58333333   -0.21078841   -0.21079755   -0.26965663
    2.66666667   -0.20962737   -0.20958488   -0.29063962
    2.75000000   -0.20840707   -0.20832941   -0.31301805
    2.83333333   -0.20713612   -0.20701803   -0.33681564
    2.91666667   -0.20582204   -0.20564386   -0.36202327
    3.00000000   -0.20447150   -0.20421508   -0.38858681
    3.08333333   -0.20309031   -0.20275326   -0.41639367
    3.16666667   -0.20168363   -0.20128302   -0.44525699
    3.25000000   -0.20025601   -0.19981979   -0.47489925
    3.33333333   -0.19881147   -0.19836352   -0.50493786
    3.41666667   -0.19735356   -0.19690203   -0.53487379
    3.50000000   -0.19588547   -0.19542133   -0.56408770
    3.58333333   -0.19441000   -0.19391637   -0.59184837
    3.66666667   -0.19292964   -0.19239543   -0.61733566
    3.75000000   -0.19144662   -0.19087581   -0.63968158
    3.83333333   -0.18996292   -0.18937390   -0.65802941
    3.91666667   -0.18848029   -0.18789608   -0.67160510
    4.00000000   -0.18700032   -0.18643618   -0.67979277
    4.08333333   -0.18552439   -0.18498067   -0.68220219
    4.16666667   -0.18405376   -0.18351823   -0.67871469
    4.25000000   -0.18258952   -0.18204736   -0.66949826
    4.33333333   -0.18113268   -0.18057753   -0.65498871
    4.41666667   -0.17968410   -0.17912329   -0.63584036
    4.50000000   -0.17824455   -0.17769542   -0.61285634
    4.58333333   -0.17681473   -0.17629465   -0.58691266
    4.66666667   -0.17539525   -0.17491189   -0.55888673
    4.75000000   -0.17398662   -0.17353456   -0.52959919
    4.83333333   -0.17258932   -0.17215482   -0.49977550
    4.91666667   -0.17120378   -0.17077455   -0.47002403
    5.00000000   -0.16983031   -0.16940398   -0.44082946
    5.08333333   -0.16846925   -0.16805512   -0.41255902
    5.16666667   -0.16712085   -0.16673426   -0.38547421
    5.25000000   -0.16578533   -0.16543827   -0.35974621
    5.33333333   -0.16446287   -0.16415694   -0.33547347
    5.41666667   -0.16315364   -0.16287965   -0.31269717
    5.50000000   -0.16185773   -0.16160210   -0.29141489
    5.58333333   -0.16057526   -0.16032885   -0.27159332
    5.66666667   -0.15930630   -0.15907014   -0.25317752
    5.75000000   -0.15805087   -0.15783533   -0.23609823
    5.83333333   -0.15680903   -0.15662695   -0.22027833
    5.91666667   -0.15558077   -0.15543928   -0.20563679
    6.00000000   -0.15436607   -0.15426216   -0.19209162
    6.08333333   -0.15316492   -0.15308745   -0.17956257
    6.16666667   -0.15197730   -0.15191406   -0.16797227
    6.25000000   -0.15080312   -0.15074838   -0.15724706
    6.33333333   -0.14964234   -0.14960001   -0.14731788
    6.41666667   -0.14849490   -0.14847552   -0.13812034
    6.50000000   -0.14736069   -0.14737435   -0.12959459
    6.58333333   -0.14623964   -0.14628921   -0.12168558
    6.66666667   -0.14513166   -0.14521081   -0.11434269
    6.75000000   -0.14403663   -0.14413368   -0.10751940
    6.83333333   -0.14295444   -0.14305946   -0.10117324
    6.91666667   -0.14188500   -0.14199558   -0.09526543
    7.00000000   -0.14082816   -0.14095038   -0.08976045
    7.08333333   -0.13978382   -0.13992769   -0.08462600
    7.16666667   -0.13875185   -0.13892446   -0.07983261
    7.25000000   -0.13773211   -0.13793272   -0.07535335
    7.33333333   -0.13672448   -0.13694466   -0.07116370
    7.41666667   -0.13572883   -0.13595745   -0.06724132
    7.50000000   -0.13474500   -0.13497488   -0.06356573
    7.58333333   -0.13377288   -0.13400465   -0.06011830
    7.66666667   -0.13281233   -0.13305341   -0.05688201
    7.75000000   -0.13186319   -0.13212240   -0.05384124
    7.83333333   -0.13092533   -0.13120675   -0.05098173
    7.91666667   -0.12999862   -0.13029854   -0.04829045
    8.00000000   -0.12908291   -0.12939184   -0.04575539
    8.08333333   -0.12817806   -0.12848628   -0.04336558
    8.16666667   -0.12728392   -0.12758715   -0.04111091
    8.25000000   -0.12640037   -0.12670178   -0.03898216
    8.33333333   -0.12552726   -0.12583481   -0.03697077
    8.41666667   -0.12466444   -0.12498521   -0.03506886
    8.50000000   -0.12381180   -0.12414692   -0.03326925
    8.58333333   -0.12296917   -0.12331274   -0.03156523
    8.66666667   -0.12213643   -0.12247880   -0.02995062
    8.75000000   -0.12131345   -0.12164688   -0.02841978
    8.83333333   -0.12050009   -0.12082309   -0.02696739
    8.91666667   -0.11969620   -0.12001386   -0.02558859
    9.00000000   -0.11890167   -0.11922172   -0.02427886
    9.08333333   -0.11811636   -0.11844372   -0.02303402
    9.16666667   -0.11734014   -0.11767331   -0.02185015
    9.25000000   -0.11657289   -0.11690445   -0.02072365
    9.33333333   -0.11581447   -0.11613540   -0.01965117
    9.41666667   -0.11506476   -0.11536964   -0.01862956
    9.50000000   -0.11432364   -0.11461354   -0.01765592
    9.58333333   -0.11359099   -0.11387212   -0.01672753
    9.66666667   -0.11286667   -0.11314587   -0.01584185
    9.75000000   -0.11215059   -0.11243041   -0.01499653
    9.83333333   -0.11144261   -0.11171927   -0.01418935
    9.91666667   -0.11074261   -0.11100796   -0.01341823
   10.00000000   -0.11005050   -0.11029675   -0.01268126
   10.08333333   -0.10936615   -0.10959033   -0.01197662
   10.16666667   -0.10868944   -0.10889469   -0.01130261
   10.25000000   -0.10802028   -0.10821324   -0.01065765
   10.33333333   -0.10735855   -0.10754458   -0.01004023
   10.41666667   -0.10670413   -0.10688341   -0.00944896
   10.50000000   -0.10605695   -0.10622388   -0.00888252
   10.58333333   -0.10541688   -0.10556327   -0.00833968
   10.66666667   -0.10478382   -0.10490360   -0.00781926
   10.75000000   -0.10415767   -0.10425023   -0.00732017
   10.83333333   -0.10353834   -0.10360830   -0.00684138
   10.91666667   -0.10292572   -0.10297945   -0.00638191
   11.00000000   -0.10231973   -0.10236069   -0.00594085
   11.08333333   -0.10172026   -0.10174635   -0.00551733
   11.16666667   -0.10112721   -0.10113165   -0.00511053
   11.25000000   -0.10054051   -0.10051568   -0.00471968
   11.33333333   -0.09996006   -0.09990188   -0.00434405
   11.41666667   -0.09938576   -0.09929572   -0.00398294
   11.50000000   -0.09881755   -0.09870112   -0.00363571
   11.58333333   -0.09825531   -0.09811792   -0.00330173
   11.66666667   -0.09769898   -0.09754196   -0.00298042
   11.75000000   -0.09714846   -0.09696773   -0.00267123
   11.83333333   -0.09660369   -0.09639184   -0.00237362
   11.91666667   -0.09606456   -0.09581512   -0.00208709
   12.00000000   -0.09553101   -0.09524198   -0.00181118
   12.08333333   -0.09500296   -0.09467749   -0.00154543
   12.16666667   -0.09448033   -0.09412407   -0.00128942
   12.25000000   -0.09396304   -0.09357994   -0.00104274
   12.33333333   -0.09345102   -0.09304020   -0.00080499
   12.41666667   -0.09294420   -0.09249997   -0.00057582
   12.50000000   -0.09244250   -0.09195748   -0.00035488
   12.58333333   -0.09194586   -0.09141508   -0.00014183
   12.66666667   -0.09145420   -0.09087767    0.00006365
   12.75000000   -0.09096745   -0.09034946    0.00026185
   12.83333333   -0.09048555   -0.08983124    0.00045306
   12.91666667   -0.09000843   -0.08931984    0.00063757
   13.00000000   -0.08953603   -0.08881012    0.00081563
   13.08333333   -0.08906828   -0.08829829    0.00098748
   13.16666667   -0.08860511   -0.08778422    0.00115338
   13.25000000   -0.08814647   -0.08727148    0.00131354
   13.33333333   -0.08769229   -0.08676494    0.00146819
   13.41666667   -0.08724251   -0.08626759    0.00161753
   13.50000000   -0.08679709   -0.08577856    0.00176176
   13.58333333   -0.08635594   -0.08529367    0.00190107
   13.66666667   -0.08591903   -0.08480807    0.00203564
   13.75000000   -0.08548628   -0.08431931    0.00216565
   13.83333333   -0.08505766   -0.08382888    0.00229126
   13.91666667   -0.08463309   -0.08334113    0.00241263
   14.00000000   -0.08421253   -0.08286044    0.00252992
   14.08333333   -0.08379593   -0.08238828    0.00264327
   14.16666667   -0.08338323   -0.08192227    0.00275281
   14.25000000   -0.08297438   -0.08145762    0.00285870
   14.33333333   -0.08256934   -0.08099025    0.00296104
   14.41666667   -0.08216804   -0.08051928    0.00305998
   14.50000000   -0.08177045   -0.08004762    0.00315562
   14.58333333   -0.08137651   -0.07957993    0.00324808
   14.66666667   -0.08098618   -0.07911960    0.00333746
   14.75000000   -0.08059941   -0.07866645    0.00342389
   14.83333333   -0.08021615   -0.07821680    0.00350744
   14.91666667   -0.07983637   -0.07776580    0.00358823
   15.00000000   -0.07946001   -0.07731051    0.00366634
   15.08333333   -0.07908703   -0.07685175    0.00374186
   15.16666667   -0.07871739   -0.07639349    0.00381489
   15.25000000   -0.07835105   -0.07594020    0.00388549
   15.33333333   -0.07798796   -0.07549387    0.00395376
   15.41666667   -0.07762809   -0.07505262    0.00401976
   15.50000000   -0.07727139   -0.07461183    0.00408358
   15.58333333   -0.07691783   -0.07416710    0.00414528
   15.66666667   -0.07656735   -0.07371701    0.00420493
   15.75000000   -0.07621994   -0.07326400    0.00426260
   15.83333333   -0.07587555   -0.07281271    0.00431834
   15.91666667   -0.07553413   -0.07236684    0.00437223
   16.00000000   -0.07519566   -0.07192664    0.00442432
   16.08333333   -0.07486010   -0.07148860    0.00447466
   16.16666667   -0.07452742   -0.07104762    0.00452332
   16.25000000   -0.07419756   -0.07060028    0.00457033
   16.33333333   -0.07387051   -0.07014696    0.00461577
   16.41666667   -0.07354624   -0.06969155    0.00465966
   16.50000000   -0.07322470   -0.06923880    0.00470207
   16.58333333   -0.07290586   -0.06879105    0.00474304
   16.66666667   -0.07258969   -0.06834654    0.00478260
   16.75000000   -0.07227616   -0.06790031    0.00482081
   16.83333333   -0.07196523   -0.06744734    0.00485770
   16.91666667   -0.07165689   -0.06698573    0.00489332
   17.00000000   -0.07135108   -0.06651783    0.00492770
   17.08333333   -0.07104779   -0.06604868    0.00496088
   17.16666667   -0.07074699   -0.06558245    0.00499289
   17.25000000   -0.07044865   -0.06511950    0.00502377
   17.33333333   -0.07015273   -0.06465578    0.00505356
   17.41666667   -0.06985921   -0.06418519    0.00508228
   17.50000000   -0.06956806   -0.06370343    0.00510997
   17.58333333   -0.06927925   -0.06321070    0.00513666
   17.66666667   -0.06899277   -0.06271149    0.00516237
   17.75000000   -0.06870857   -0.06221148    0.00518714
   17.83333333   -0.06842663   -0.06171339    0.00521099
   17.91666667   -0.06814694   -0.06121476    0.00523395
   18.00000000   -0.06786945   -0.06070894    0.00525604
   18.08333333   -0.06759415   -0.06018912    0.00527730
   18.16666667   -0.06732102   -0.05965257    0.00529773
   18.25000000   -0.06705002   -0.05910241    0.00531738
   18.33333333   -0.06678113   -0.05854547    0.00533625
   18.41666667   -0.06651434   -0.05798736    0.00535437
   18.50000000   -0.06624961   -0.05742806    0.00537177
   18.58333333   -0.06598692   -0.05686093    0.00538846
   18.66666667   -0.06572626   -0.05627623    0.00540446
   18.75000000   -0.06546759   -0.05566704    0.00541979
   18.83333333   -0.06521090   -0.05503395    0.00543447
   18.91666667   -0.06495616   -0.05438495    0.00544853
   19.00000000   -0.06470336   -0.05373020    0.00546197
   19.08333333   -0.06445246   -0.05307456    0.00547481
   19.16666667   -0.06420346   -0.05241280    0.00548707
   19.25000000   -0.06395633   -0.05173119    0.00549877
   19.33333333   -0.06371104   -0.05101550    0.00550992
   19.41666667   -0.06346759   -0.05026117    0.00552054
   19.50000000   -0.06322594   -0.04947920    0.00553064
   19.58333333   -0.06298609   -0.04869300    0.00554023
   19.66666667   -0.06274800   -0.04792606    0.00554933
   19.75000000   -0.06251167   -0.04718608    0.00555796
   19.83333333   -0.06227707   -0.04645398    0.00556612
   19.91666667   -0.06204419   -0.04568492    0.00557383
   20.00000000   -0.06181300   -0.04482266    0.00558110
