  -20.00000000    0.03303208    0.03689943   -0.00032514
  -19.91666667    0.03324846    0.03759827   -0.00037563
  -19.83333333    0.03346673    0.03821428   -0.00042636
  -19.75000000    0.03368693    0.03880246   -0.00047735
  -19.66666667    0.03390907    0.03940576   -0.00052860
  -19.58333333    0.03413317    0.04004131   -0.00058011
  -19.50000000    0.03435927    0.04069983   -0.00063187
  -19.41666667    0.03458740    0.04135678   -0.00068389
  -19.33333333    0.03481757    0.04198815   -0.00073617
  -19.25000000    0.03504982    0.04258269   -0.00078871
  -19.16666667    0.03528417    0.04314497   -0.00084150
  -19.08333333    0.03552065    0.04368943   -0.00089456
  -19.00000000    0.03575929    0.04423014   -0.00094788
  -18.91666667    0.03600012    0.04477268   -0.00100146
  -18.83333333    0.03624317    0.04531230   -0.00105529
  -18.75000000    0.03648848    0.04583867   -0.00110939
  -18.66666667    0.03673606    0.04634330   -0.00116376
  -18.58333333    0.03698595    0.04682504   -0.00121838
  -18.50000000    0.03723819    0.04729041   -0.00127326
  -18.41666667    0.03749281    0.04774918   -0.00132840
  -18.33333333    0.03774983    0.04820834   -0.00138381
  -18.25000000    0.03800931    0.04866837   -0.00143947
  -18.16666667    0.03827126    0.04912387   -0.00149540
  -18.08333333    0.03853572    0.04956782   -0.00155158
  -18.00000000    0.03880273    0.04999650   -0.00160803
  -17.91666667    0.03907233    0.05041197   -0.00166473
  -17.83333333    0.03934455    0.05082067   -0.00172169
  -17.75000000    0.03961943    0.05122936   -0.00177891
  -17.66666667    0.03989701    0.05164100   -0.00183638
  -17.58333333    0.04017733    0.05205339   -0.00189411
  -17.50000000    0.04046043    0.05246107   -0.00195209
  -17.41666667    0.04074635    0.05285923   -0.00201033
  -17.33333333    0.04103512    0.05324698   -0.00206881
  -17.25000000    0.04132680    0.05362797   -0.00212755
  -17.16666667    0.04162144    0.05400802   -0.00218653
  -17.08333333    0.04191905    0.05439146   -0.00224575
  -17.00000000    0.04221971    0.05477858   -0.00230522
  -16.91666667    0.04252344    0.05516574   -0.00236493
  -16.83333333    0.04283030    0.05554801   -0.00242488
  -16.75000000    0.04314034    0.05592256   -0.00248507
  -16.66666667    0.04345361    0.05629055   -0.00254548
  -16.58333333    0.04377014    0.05665640   -0.00260613
  -16.50000000    0.04409000    0.05702495   -0.00266700
  -16.41666667    0.04441324    0.05739845   -0.00272810
  -16.33333333    0.04473990    0.05777527   -0.00278941
  -16.25000000    0.04507005    0.05815115   -0.00285094
  -16.16666667    0.04540374    0.05852213   -0.00291268
  -16.08333333    0.04574101    0.05888722   -0.00297463
  -16.00000000    0.04608194    0.05924905   -0.00303678
  -15.91666667    0.04642657    0.05961222   -0.00309912
  -15.83333333    0.04677498    0.05998034   -0.00316165
  -15.75000000    0.04712721    0.06035381   -0.00322437
  -15.66666667    0.04748333    0.06072968   -0.00328727
  -15.58333333    0.04784341    0.06110367   -0.00335033
  -15.50000000    0.04820750    0.06147310   -0.00341356
  -15.41666667    0.04857568    0.06183861   -0.00347695
  -15.33333333    0.04894801    0.06220383   -0.00354049
  -15.25000000    0.04932457    0.06257304   -0.00360417
  -15.16666667    0.04970541    0.06294845   -0.00366798
  -15.08333333    0.05009062    0.06332885   -0.00373191
  -15.00000000    0.05048026    0.06371050   -0.00379596
  -14.91666667    0.05087442    0.06408961   -0.00386011
  -14.83333333    0.05127317    0.06446489   -0.00392435
  -14.75000000    0.05167658    0.06483842   -0.00398867
  -14.66666667    0.05208474    0.06521434   -0.00405306
  -14.58333333    0.05249774    0.06559620   -0.00411751
  -14.50000000    0.05291564    0.06598473   -0.00418200
  -14.41666667    0.05333854    0.06637741   -0.00424651
  -14.33333333    0.05376654    0.06677019   -0.00431104
  -14.25000000    0.05419971    0.06716016   -0.00437557
  -14.16666667    0.05463815    0.06754750   -0.00444008
  -14.08333333    0.05508195    0.06793541   -0.00450455
  -14.00000000    0.05553121    0.06832805   -0.00456897
  -13.91666667    0.05598603    0.06872795   -0.00463331
  -13.83333333    0.05644651    0.06913436   -0.00469756
  -13.75000000    0.05691275    0.06954382   -0.00476169
  -13.66666667    0.05738485    0.06995244   -0.00482568
  -13.58333333    0.05786293    0.07035846   -0.00488951
  -13.50000000    0.05834710    0.07076347   -0.00495316
  -13.41666667    0.05883746    0.07117142   -0.00501659
  -13.33333333    0.05933414    0.07158609   -0.00507978
  -13.25000000    0.05983725    0.07200873   -0.00514270
  -13.16666667    0.06034691    0.07243725   -0.00520532
  -13.08333333    0.06086325    0.07286764   -0.00526761
  -13.00000000    0.06138640    0.07329658   -0.00532953
  -12.91666667    0.06191648    0.07372368   -0.00539105
  -12.83333333    0.06245365    0.07415175   -0.00545213
  -12.75000000    0.06299801    0.07458509   -0.00551273
  -12.66666667    0.06354972    0.07502671   -0.00557281
  -12.58333333    0.06410893    0.07547645   -0.00563232
  -12.50000000    0.06467578    0.07593112   -0.00569123
  -12.41666667    0.06525041    0.07638657   -0.00574948
  -12.33333333    0.06583300    0.07684044   -0.00580702
  -12.25000000    0.06642370    0.07729374   -0.00586379
  -12.16666667    0.06702266    0.07775027   -0.00591975
  -12.08333333    0.06763007    0.07821425   -0.00597482
  -12.00000000    0.06824608    0.07868759   -0.00602896
  -11.91666667    0.06887088    0.07916874   -0.00608208
  -11.83333333    0.06950465    0.07965367   -0.00613413
  -11.75000000    0.07014757    0.08013855   -0.00618503
  -11.66666667    0.07079983    0.08062226   -0.00623470
  -11.58333333    0.07146164    0.08110718   -0.00628307
  -11.50000000    0.07213318    0.08159776   -0.00633003
  -11.41666667    0.07281467    0.08209770   -0.00637552
  -11.33333333    0.07350633    0.08260760   -0.00641942
  -11.25000000    0.07420835    0.08312457   -0.00646163
  -11.16666667    0.07492098    0.08364419   -0.00650206
  -11.08333333    0.07564444    0.08416332   -0.00654060
  -11.00000000    0.07637896    0.08468227   -0.00657711
  -10.91666667    0.07712478    0.08520467   -0.00661147
  -10.83333333    0.07788217    0.08573519   -0.00664356
  -10.75000000    0.07865137    0.08627664   -0.00667324
  -10.66666667    0.07943263    0.08682812   -0.00670035
  -10.58333333    0.08022625    0.08738570   -0.00672475
  -10.50000000    0.08103248    0.08794490   -0.00674626
  -10.41666667    0.08185162    0.08850372   -0.00676471
  -10.33333333    0.08268397    0.08906397   -0.00677992
  -10.25000000    0.08352981    0.08963024   -0.00679169
  -10.16666667    0.08438946    0.09020702   -0.00679982
  -10.08333333    0.08526324    0.09079585   -0.00680408
  -10.00000000    0.08615148    0.09139435   -0.00680425
   -9.91666667    0.08705451    0.09199780   -0.00680007
   -9.83333333    0.08797269    0.09260219   -0.00679130
   -9.75000000    0.08890636    0.09320692   -0.00677765
   -9.66666667    0.08985589    0.09381528   -0.00675882
   -9.58333333    0.09082168    0.09443248   -0.00673452
   -9.50000000    0.09180408    0.09506234   -0.00670440
   -9.41666667    0.09280351    0.09570489   -0.00666812
   -9.33333333    0.09382039    0.09635638   -0.00662531
   -9.25000000    0.09485512    0.09701169   -0.00657556
   -9.16666667    0.09590815    0.09766772   -0.00651847
   -9.08333333    0.09697993    0.09832550   -0.00645357
   -9.00000000    0.09807091    0.09898966   -0.00638039
   -8.91666667    0.09918156    0.09966557   -0.00629843
   -8.83333333    0.10031239    0.10035596   -0.00620715
   -8.75000000    0.10146386    0.10105919   -0.00610596
   -8.66666667    0.10263652    0.10177032   -0.00599426
   -8.58333333    0.10383091    0.10248433   -0.00587138
   -8.50000000    0.10504753    0.10319947   -0.00573663
   -8.41666667    0.10628698    0.10391849   -0.00558926
   -8.33333333    0.10754983    0.10464709   -0.00542847
   -8.25000000    0.10883665    0.10539031   -0.00525341
   -8.16666667    0.11014807    0.10614937   -0.00506317
   -8.08333333    0.11148473    0.10692094   -0.00485676
   -8.00000000    0.11284724    0.10769921   -0.00463316
   -7.91666667    0.11423628    0.10847980   -0.00439122
   -7.83333333    0.11565253    0.10926264   -0.00412976
   -7.75000000    0.11709670    0.11005224   -0.00384749
   -7.66666667    0.11856949    0.11085491   -0.00354303
   -7.58333333    0.12007164    0.11167487   -0.00321490
   -7.50000000    0.12160391    0.11251151   -0.00286150
   -7.41666667    0.12316708    0.11335984   -0.00248113
   -7.33333333    0.12476192    0.11421369   -0.00207195
   -7.25000000    0.12638928    0.11506982   -0.00163199
   -7.16666667    0.12804997    0.11593014   -0.00115911
   -7.08333333    0.12974484    0.11680073   -0.00065103
   -7.00000000    0.13147478    0.11768808   -0.00010528
   -6.91666667    0.13324068    0.11859499    0.00048079
   -6.83333333    0.13504343    0.11951879    0.00111005
   -6.75000000    0.13688399    0.12045305    0.00178560
   -6.66666667    0.13876330    0.12139179    0.00251076
   -6.58333333    0.14068231    0.12233341    0.00328913
   -6.50000000    0.14264203    0.12328202    0.00412460
   -6.41666667    0.14464345    0.12424496    0.00502137
   -6.33333333    0.14668757    0.12522826    0.00598394
   -6.25000000    0.14877545    0.12623279    0.00701722
   -6.16666667    0.15090811    0.12725367    0.00812650
   -6.08333333    0.15308660    0.12828342    0.00931745
   -6.00000000    0.15531200    0.12931681    0.01059625
   -5.91666667    0.15758537    0.13035445    0.01196953
   -5.83333333    0.15990778    0.13140262    0.01344444
   -5.75000000    0.16228032    0.13246949    0.01502869
   -5.66666667    0.16470406    0.13355991    0.01673058
   -5.58333333    0.16718007    0.13467230    0.01855900
   -5.50000000    0.16970943    0.13579957    0.02052351
   -5.41666667    0.17229320    0.13693365    0.02263434
   -5.33333333    0.17493241    0.13807077    0.02490236
   -5.25000000    0.17762811    0.13921412    0.02733917
   -5.16666667    0.18038130    0.14037204    0.02995703
   -5.08333333    0.18319297    0.14155285    0.03276881
   -5.00000000    0.18606408    0.14275942    0.03578801
   -4.91666667    0.18899558    0.14398721    0.03902857
   -4.83333333    0.19198833    0.14522699    0.04250477
   -4.75000000    0.19504323    0.14647069    0.04623108
   -4.66666667    0.19816110    0.14771667    0.05022177
   -4.58333333    0.20134272    0.14897099    0.05449061
   -4.50000000    0.20458887    0.15024368    0.05905045
   -4.41666667    0.20790026    0.15154225    0.06391248
   -4.33333333    0.21127758    0.15286660    0.06908549
   -4.25000000    0.21472155    0.15420866    0.07457508
   -4.16666667    0.21823281    0.15555716    0.08038228
   -4.08333333    0.22181203    0.15690463    0.08650230
   -4.00000000    0.22545994    0.15825214    0.09292307
   -3.91666667    0.22917726    0.15960864    0.09962326
   -3.83333333    0.23296480    0.16098499    0.10657061
   -3.75000000    0.23682345    0.16238652    0.11371980
   -3.66666667    0.24075424    0.16380867    0.12101078
   -3.58333333    0.24475837    0.16523895    0.12836715
   -3.50000000    0.24883716    0.16666389    0.13569512
   -3.41666667    0.25299219    0.16807699    0.14288343
   -3.33333333    0.25722528    0.16948216    0.14980443
   -3.25000000    0.26153841    0.17089048    0.15631639
   -3.16666667    0.26593380    0.17231182    0.16226793
   -3.08333333    0.27041381    0.17374661    0.16750375
   -3.00000000    0.27498077    0.17518310    0.17187205
   -2.91666667    0.27963687    0.17660215    0.17523306
   -2.83333333    0.28438382    0.17798674    0.17746776
   -2.75000000    0.28922244    0.17933025    0.17848594
   -2.66666667    0.29415207    0.18063779    0.17823276
   -2.58333333    0.29916982    0.18191940    0.17669269
   -2.50000000    0.30426941    0.18317879    0.17389049
   -2.41666667    0.30943993    0.18440482    0.16988902
   -2.33333333    0.31466401    0.18557115    0.16478426
   -2.25000000    0.31991565    0.18664485    0.15869822
   -2.16666667    0.32515764    0.18759865    0.15177063
   -2.08333333    0.33033833    0.18841877    0.14415048
   -2.00000000    0.33538801    0.18910260    0.13598827
   -1.91666667    0.34021479    0.18964664    0.12742925
   -1.83333333    0.34470022    0.19003149    0.11860860
   -1.75000000    0.34869489    0.19021317    0.10964797
   -1.66666667    0.35201442    0.19012662    0.10065380
   -1.58333333    0.35443656    0.18969961    0.09171682
   -1.50000000    0.35570032    0.18886821    0.08291264
   -1.41666667    0.35550809    0.18758314    0.07430313
   -1.33333333    0.35353230    0.18580097    0.06593818
   -1.25000000    0.34942770    0.18346377    0.05785782
   -1.16666667    0.34285022    0.18047886    0.05009447
   -1.08333333    0.33348272    0.17671176    0.04267523
   -1.00000000    0.32106623    0.17199879    0.03562412
   -0.91666667    0.30543427    0.16617411    0.02896443
   -0.83333333    0.28654531    0.15909601    0.02272106
   -0.75000000    0.26450789    0.15065658    0.01692297
   -0.66666667    0.23959230    0.14076764    0.01160593
   -0.58333333    0.21222469    0.12933183    0.00681554
   -0.50000000    0.18296240    0.11622040    0.00261096
   -0.41666667    0.15245286    0.10128119   -0.00093070
   -0.33333333    0.12138292    0.08438839   -0.00370877
   -0.25000000    0.09042608    0.06552413   -0.00559192
   -0.16666667    0.06019627    0.04486143   -0.00640889
   -0.08333333    0.03121341    0.02281052   -0.00593648
    0.00000000    0.00388379    0.00000000    0.00388379
    0.08333333   -0.02150524   -0.02281052   -0.00012848
    0.16666667   -0.04477915   -0.04486143   -0.00659503
    0.25000000   -0.06586207   -0.06552413   -0.01616071
    0.33333333   -0.08475864   -0.08438839   -0.02966434
    0.41666667   -0.10153483   -0.10128119   -0.04819146
    0.50000000   -0.11629995   -0.11622040   -0.07313280
    0.58333333   -0.12919107   -0.12933183   -0.10623714
    0.66666667   -0.14036044   -0.14076764   -0.14963242
    0.75000000   -0.14996577   -0.15065658   -0.20575941
    0.83333333   -0.15816335   -0.15909601   -0.27711875
    0.91666667   -0.16510320   -0.16617411   -0.36568041
    1.00000000   -0.17092607   -0.17199879   -0.47179929
    1.08333333   -0.17576183   -0.17671176   -0.59264714
    1.16666667   -0.17972872   -0.18047886   -0.72066518
    1.25000000   -0.18293336   -0.18346377   -0.84328525
    1.33333333   -0.18547109   -0.18580097   -0.94533099
    1.41666667   -0.18742672   -0.18758314   -1.01397743
    1.50000000   -0.18887531   -0.18886821   -1.04352347
    1.58333333   -0.18988305   -0.18969961   -1.03668130
    1.66666667   -0.19050816   -0.19012662   -1.00194103
    1.75000000   -0.19080174   -0.19021317   -0.94950494
    1.83333333   -0.19080858   -0.19003149   -0.88829474
    1.91666667   -0.19056788   -0.18964664   -0.82475565
    2.00000000   -0.19011394   -0.18910260   -0.76291671
    2.08333333   -0.18947673   -0.18841877   -0.70496381
    2.16666667   -0.18868245   -0.18759865   -0.65185931
    2.25000000   -0.18775400   -0.18664485   -0.60383161
    2.33333333   -0.18671138   -0.18557115   -0.56070630
    2.41666667   -0.18557207   -0.18440482   -0.52211332
    2.50000000   -0.18435133   -0.18317879   -0.48760761
    2.58333333   -0.18306250   -0.18191940   -0.45673452
    2.66666667   -0.18171723   -0.18063779   -0.42906369
    2.75000000   -0.18032571   -0.17933025   -0.40420411
    2.83333333   -0.17889681   -0.17798674   -0.38180833
    2.91666667   -0.17743830   -0.17660215   -0.36157198
    3.00000000   -0.17595697   -0.17518310   -0.34323075
    3.08333333   -0.17445871   -0.17374661   -0.32655573
    3.16666667   -0.17294868   -0.17231182   -0.31134923
    3.25000000   -0.17143137   -0.17089048   -0.29744064
    3.33333333   -0.16991069   -0.16948216   -0.28468239
    3.41666667   -0.16839003   -0.16807699   -0.27294673
    3.50000000   -0.16687233   -0.16666389   -0.26212294
    3.58333333   -0.16536015   -0.16523895   -0.25211463
    3.66666667   -0.16385567   -0.16380867   -0.24283776
    3.75000000   -0.16236081   -0.16238652   -0.23421891
    3.83333333   -0.16087719   -0.16098499   -0.22619364
    3.91666667   -0.15940618   -0.15960864   -0.21870526
    4.00000000   -0.15794899   -0.15825214   -0.21170385
    4.08333333   -0.15650660   -0.15690463   -0.20514518
    4.16666667   -0.15507986   -0.15555716   -0.19899010
    4.25000000   -0.15366944   -0.15420866   -0.19320368
    4.33333333   -0.15227593   -0.15286660   -0.18775487
    4.41666667   -0.15089979   -0.15154225   -0.18261589
    4.50000000   -0.14954136   -0.15024368   -0.17776179
    4.58333333   -0.14820094   -0.14897099   -0.17317020
    4.66666667   -0.14687872   -0.14771667   -0.16882099
    4.75000000   -0.14557483   -0.14647069   -0.16469592
    4.83333333   -0.14428935   -0.14522699   -0.16077855
    4.91666667   -0.14302232   -0.14398721   -0.15705399
    5.00000000   -0.14177371   -0.14275942   -0.15350862
    5.08333333   -0.14054347   -0.14155285   -0.15013013
    5.16666667   -0.13933152   -0.14037204   -0.14690729
    5.25000000   -0.13813773   -0.13921412   -0.14382978
    5.33333333   -0.13696195   -0.13807077   -0.14088820
    5.41666667   -0.13580405   -0.13693365   -0.13807393
    5.50000000   -0.13466381   -0.13579957   -0.13537902
    5.58333333   -0.13354105   -0.13467230   -0.13279620
    5.66666667   -0.13243557   -0.13355991   -0.13031875
    5.75000000   -0.13134712   -0.13246949   -0.12794045
    5.83333333   -0.13027549   -0.13140262   -0.12565558
    5.91666667   -0.12922044   -0.13035445   -0.12345885
    6.00000000   -0.12818171   -0.12931681   -0.12134533
    6.08333333   -0.12715907   -0.12828342   -0.11931046
    6.16666667   -0.12615225   -0.12725367   -0.11735002
    6.25000000   -0.12516101   -0.12623279   -0.11546004
    6.33333333   -0.12418508   -0.12522826   -0.11363688
    6.41666667   -0.12322421   -0.12424496   -0.11187710
    6.50000000   -0.12227813   -0.12328202   -0.11017750
    6.58333333   -0.12134660   -0.12233341   -0.10853510
    6.66666667   -0.12042935   -0.12139179   -0.10694712
    6.75000000   -0.11952613   -0.12045305   -0.10541091
    6.83333333   -0.11863669   -0.11951879   -0.10392403
    6.91666667   -0.11776078   -0.11859499   -0.10248420
    7.00000000   -0.11689814   -0.11768808   -0.10108922
    7.08333333   -0.11604853   -0.11680073   -0.09973708
    7.16666667   -0.11521173   -0.11593014   -0.09842587
    7.25000000   -0.11438747   -0.11506982   -0.09715377
    7.33333333   -0.11357553   -0.11421369   -0.09591908
    7.41666667   -0.11277568   -0.11335984   -0.09472022
    7.50000000   -0.11198768   -0.11251151   -0.09355566
    7.58333333   -0.11121131   -0.11167487   -0.09242397
    7.66666667   -0.11044637   -0.11085491   -0.09132381
    7.75000000   -0.10969261   -0.11005224   -0.09025388
    7.83333333   -0.10894984   -0.10926264   -0.08921298
    7.91666667   -0.10821785   -0.10847980   -0.08819997
    8.00000000   -0.10749643   -0.10769921   -0.08721374
    8.08333333   -0.10678537   -0.10692094   -0.08625328
    8.16666667   -0.10608449   -0.10614937   -0.08531758
    8.25000000   -0.10539359   -0.10539031   -0.08440573
    8.33333333   -0.10471248   -0.10464709   -0.08351684
    8.41666667   -0.10404096   -0.10391849   -0.08265005
    8.50000000   -0.10337888   -0.10319947   -0.08180458
    8.58333333   -0.10272604   -0.10248433   -0.08097966
    8.66666667   -0.10208226   -0.10177032   -0.08017454
    8.75000000   -0.10144739   -0.10105919   -0.07938855
    8.83333333   -0.10082125   -0.10035596   -0.07862101
    8.91666667   -0.10020367   -0.09966557   -0.07787129
    9.00000000   -0.09959451   -0.09898966   -0.07713879
    9.08333333   -0.09899360   -0.09832550   -0.07642294
    9.16666667   -0.09840078   -0.09766772   -0.07572316
    9.25000000   -0.09781592   -0.09701169   -0.07503895
    9.33333333   -0.09723886   -0.09635638   -0.07436979
    9.41666667   -0.09666945   -0.09570489   -0.07371519
    9.50000000   -0.09610756   -0.09506234   -0.07307470
    9.58333333   -0.09555306   -0.09443248   -0.07244787
    9.66666667   -0.09500579   -0.09381528   -0.07183427
    9.75000000   -0.09446564   -0.09320692   -0.07123350
    9.83333333   -0.09393247   -0.09260219   -0.07064516
    9.91666667   -0.09340616   -0.09199780   -0.07006887
   10.00000000   -0.09288659   -0.09139435   -0.06950428
   10.08333333   -0.09237363   -0.09079585   -0.06895104
   10.16666667   -0.09186716   -0.09020702   -0.06840880
   10.25000000   -0.09136708   -0.08963024   -0.06787726
   10.33333333   -0.09087327   -0.08906397   -0.06735610
   10.41666667   -0.09038561   -0.08850372   -0.06684502
   10.50000000   -0.08990400   -0.08794490   -0.06634375
   10.58333333   -0.08942834   -0.08738570   -0.06585200
   10.66666667   -0.08895850   -0.08682812   -0.06536951
   10.75000000   -0.08849442   -0.08627664   -0.06489602
   10.83333333   -0.08803597   -0.08573519   -0.06443129
   10.91666667   -0.08758305   -0.08520467   -0.06397508
   11.00000000   -0.08713559   -0.08468227   -0.06352716
   11.08333333   -0.08669348   -0.08416332   -0.06308732
   11.16666667   -0.08625663   -0.08364419   -0.06265532
   11.25000000   -0.08582496   -0.08312457   -0.06223098
   11.33333333   -0.08539837   -0.08260760   -0.06181410
   11.41666667   -0.08497678   -0.08209770   -0.06140447
   11.50000000   -0.08456011   -0.08159776   -0.06100191
   11.58333333   -0.08414827   -0.08110718   -0.06060626
   11.66666667   -0.08374119   -0.08062226   -0.06021732
   11.75000000   -0.08333878   -0.08013855   -0.05983494
   11.83333333   -0.08294097   -0.07965367   -0.05945896
   11.91666667   -0.08254769   -0.07916874   -0.05908921
   12.00000000   -0.08215885   -0.07868759   -0.05872554
   12.08333333   -0.08177440   -0.07821425   -0.05836781
   12.16666667   -0.08139424   -0.07775027   -0.05801588
   12.25000000   -0.08101833   -0.07729374   -0.05766960
   12.33333333   -0.08064659   -0.07684044   -0.05732885
   12.41666667   -0.08027895   -0.07638657   -0.05699349
   12.50000000   -0.07991535   -0.07593112   -0.05666340
   12.58333333   -0.07955572   -0.07547645   -0.05633846
   12.66666667   -0.07920000   -0.07502671   -0.05601854
   12.75000000   -0.07884814   -0.07458509   -0.05570355
   12.83333333   -0.07850006   -0.07415175   -0.05539336
   12.91666667   -0.07815572   -0.07372368   -0.05508786
   13.00000000   -0.07781504   -0.07329658   -0.05478695
   13.08333333   -0.07747799   -0.07286764   -0.05449054
   13.16666667   -0.07714449   -0.07243725   -0.05419852
   13.25000000   -0.07681451   -0.07200873   -0.05391079
   13.33333333   -0.07648797   -0.07158609   -0.05362727
   13.41666667   -0.07616484   -0.07117142   -0.05334786
   13.50000000   -0.07584505   -0.07076347   -0.05307248
   13.58333333   -0.07552857   -0.07035846   -0.05280104
   13.66666667   -0.07521533   -0.06995244   -0.05253345
   13.75000000   -0.07490530   -0.06954382   -0.05226965
   13.83333333   -0.07459842   -0.06913436   -0.05200954
   13.91666667   -0.07429464   -0.06872795   -0.05175305
   14.00000000   -0.07399393   -0.06832805   -0.05150012
   14.08333333   -0.07369624   -0.06793541   -0.05125066
   14.16666667   -0.07340151   -0.06754750   -0.05100460
   14.25000000   -0.07310972   -0.06716016   -0.05076188
   14.33333333   -0.07282082   -0.06677019   -0.05052243
   14.41666667   -0.07253476   -0.06637741   -0.05028619
   14.50000000   -0.07225150   -0.06598473   -0.05005309
   14.58333333   -0.07197102   -0.06559620   -0.04982307
   14.66666667   -0.07169325   -0.06521434   -0.04959607
   14.75000000   -0.07141817   -0.06483842   -0.04937204
   14.83333333   -0.07114574   -0.06446489   -0.04915091
   14.91666667   -0.07087593   -0.06408961   -0.04893264
   15.00000000   -0.07060869   -0.06371050   -0.04871716
   15.08333333   -0.07034398   -0.06332885   -0.04850442
   15.16666667   -0.07008178   -0.06294845   -0.04829437
   15.25000000   -0.06982206   -0.06257304   -0.04808697
   15.33333333   -0.06956476   -0.06220383   -0.04788216
   15.41666667   -0.06930987   -0.06183861   -0.04767990
   15.50000000   -0.06905735   -0.06147310   -0.04748013
   15.58333333   -0.06880717   -0.06110367   -0.04728282
   15.66666667   -0.06855929   -0.06072968   -0.04708792
   15.75000000   -0.06831368   -0.06035381   -0.04689538
   15.83333333   -0.06807032   -0.05998034   -0.04670517
   15.91666667   -0.06782917   -0.05961222   -0.04651724
   16.00000000   -0.06759021   -0.05924905   -0.04633155
   16.08333333   -0.06735341   -0.05888722   -0.04614806
   16.16666667   -0.06711873   -0.05852213   -0.04596674
   16.25000000   -0.06688615   -0.05815115   -0.04578754
   16.33333333   -0.06665564   -0.05777527   -0.04561043
   16.41666667   -0.06642717   -0.05739845   -0.04543538
   16.50000000   -0.06620073   -0.05702495   -0.04526234
   16.58333333   -0.06597627   -0.05665640   -0.04509129
   16.66666667   -0.06575378   -0.05629055   -0.04492219
   16.75000000   -0.06553323   -0.05592256   -0.04475501
   16.83333333   -0.06531460   -0.05554801   -0.04458971
   16.91666667   -0.06509786   -0.05516574   -0.04442627
   17.00000000   -0.06488299   -0.05477858   -0.04426465
   17.08333333   -0.06466996   -0.05439146   -0.04410483
   17.16666667   -0.06445875   -0.05400802   -0.04394677
   17.25000000   -0.06424934   -0.05362797   -0.04379045
   17.33333333   -0.06404170   -0.05324698   -0.04363583
   17.41666667   -0.06383582   -0.05285923   -0.04348289
   17.50000000   -0.06363167   -0.05246107   -0.04333161
   17.58333333   -0.06342922   -0.05205339   -0.04318195
   17.66666667   -0.06322847   -0.05164100   -0.04303390
   17.75000000   -0.06302939   -0.05122936   -0.04288742
   17.83333333   -0.06283195   -0.05082067   -0.04274249
   17.91666667   -0.06263614   -0.05041197   -0.04259909
   18.00000000   -0.06244194   -0.04999650   -0.04245719
   18.08333333   -0.06224933   -0.04956782   -0.04231677
   18.16666667   -0.06205829   -0.04912387   -0.04217781
   18.25000000   -0.06186880   -0.04866837   -0.04204028
   18.33333333   -0.06168083   -0.04820834   -0.04190417
   18.41666667   -0.06149439   -0.04774918   -0.04176945
   18.50000000   -0.06130944   -0.04729041   -0.04163609
   18.58333333   -0.06112597   -0.04682504   -0.04150409
   18.66666667   -0.06094396   -0.04634330   -0.04137342
   18.75000000   -0.06076339   -0.04583867   -0.04124406
   18.83333333   -0.06058425   -0.04531230   -0.04111598
   18.91666667   -0.06040652   -0.04477268   -0.04098919
   19.00000000   -0.06023018   -0.04423014   -0.04086364
   19.08333333   -0.06005522   -0.04368943   -0.04073932
   19.16666667   -0.05988163   -0.04314497   -0.04061623
   19.25000000   -0.05970938   -0.04258269   -0.04049433
   19.33333333   -0.05953845   -0.04198815   -0.04037361
   19.41666667   -0.05936885   -0.04135678   -0.04025406
   19.50000000   -0.05920055   -0.04069983   -0.04013566
   19.58333333   -0.05903353   -0.04004131   -0.04001839
   19.66666667   -0.05886779   -0.03940576   -0.03990224
   19.75000000   -0.05870329   -0.03880246   -0.03978718
   19.83333333   -0.05854005   -0.03821428   -0.03967321
   19.91666667   -0.05837803   -0.03759827   -0.03956032
   20.00000000   -0.05821723   -0.03689943   -0.03944847
