  -20.00000000    0.03440429    0.03097379   -0.00091270
  -19.91666667    0.03460675    0.03165098   -0.00094663
  -19.83333333    0.03481100    0.03227638   -0.00098071
  -19.75000000    0.03501707    0.03287730   -0.00101495
  -19.66666667    0.03522499    0.03347598   -0.00104934
  -19.58333333    0.03543477    0.03408205   -0.00108388
  -19.50000000    0.03564646    0.03469142   -0.00111858
  -19.41666667    0.03586006    0.03529153   -0.00115344
  -19.33333333    0.03607560    0.03586940   -0.00118845
  -19.25000000    0.03629312    0.03641837   -0.00122361
  -19.16666667    0.03651264    0.03694034   -0.00125893
  -19.08333333    0.03673418    0.03744317   -0.00129441
  -19.00000000    0.03695777    0.03793547   -0.00133004
  -18.91666667    0.03718345    0.03842183   -0.00136582
  -18.83333333    0.03741124    0.03890119   -0.00140176
  -18.75000000    0.03764117    0.03936874   -0.00143786
  -18.66666667    0.03787327    0.03981976   -0.00147411
  -18.58333333    0.03810757    0.04025290   -0.00151051
  -18.50000000    0.03834410    0.04067113   -0.00154706
  -18.41666667    0.03858290    0.04107993   -0.00158377
  -18.33333333    0.03882398    0.04148414   -0.00162064
  -18.25000000    0.03906740    0.04188549   -0.00165765
  -18.16666667    0.03931318    0.04228223   -0.00169482
  -18.08333333    0.03956135    0.04267087   -0.00173214
  -18.00000000    0.03981196    0.04304882   -0.00176960
  -17.91666667    0.04006503    0.04341625   -0.00180722
  -17.83333333    0.04032060    0.04377610   -0.00184499
  -17.75000000    0.04057871    0.04413233   -0.00188291
  -17.66666667    0.04083939    0.04448769   -0.00192097
  -17.58333333    0.04110269    0.04484231   -0.00195918
  -17.50000000    0.04136864    0.04519403   -0.00199753
  -17.41666667    0.04163729    0.04554013   -0.00203603
  -17.33333333    0.04190866    0.04587923   -0.00207467
  -17.25000000    0.04218281    0.04621229   -0.00211345
  -17.16666667    0.04245977    0.04654207   -0.00215237
  -17.08333333    0.04273959    0.04687143   -0.00219143
  -17.00000000    0.04302232    0.04720177   -0.00223062
  -16.91666667    0.04330799    0.04753230   -0.00226995
  -16.83333333    0.04359665    0.04786080   -0.00230941
  -16.75000000    0.04388836    0.04818526   -0.00234901
  -16.66666667    0.04418315    0.04850518   -0.00238873
  -16.58333333    0.04448106    0.04882202   -0.00242857
  -16.50000000    0.04478217    0.04913825   -0.00246854
  -16.41666667    0.04508652    0.04945588   -0.00250864
  -16.33333333    0.04539414    0.04977532   -0.00254884
  -16.25000000    0.04570511    0.05009526   -0.00258917
  -16.16666667    0.04601946    0.05041366   -0.00262960
  -16.08333333    0.04633726    0.05072918   -0.00267015
  -16.00000000    0.04665857    0.05104203   -0.00271080
  -15.91666667    0.04698343    0.05135392   -0.00275155
  -15.83333333    0.04731192    0.05166697   -0.00279240
  -15.75000000    0.04764407    0.05198244   -0.00283335
  -15.66666667    0.04797997    0.05230002   -0.00287438
  -15.58333333    0.04831967    0.05261815   -0.00291550
  -15.50000000    0.04866322    0.05293512   -0.00295670
  -15.41666667    0.04901071    0.05325021   -0.00299797
  -15.33333333    0.04936220    0.05356418   -0.00303932
  -15.25000000    0.04971774    0.05387881   -0.00308073
  -15.16666667    0.05007741    0.05419580   -0.00312220
  -15.08333333    0.05044130    0.05451574   -0.00316372
  -15.00000000    0.05080945    0.05483782   -0.00320529
  -14.91666667    0.05118195    0.05516044   -0.00324690
  -14.83333333    0.05155888    0.05548228   -0.00328855
  -14.75000000    0.05194031    0.05580322   -0.00333022
  -14.66666667    0.05232632    0.05612439   -0.00337191
  -14.58333333    0.05271699    0.05644750   -0.00341361
  -14.50000000    0.05311241    0.05677377   -0.00345531
  -14.41666667    0.05351266    0.05710322   -0.00349700
  -14.33333333    0.05391782    0.05743472   -0.00353868
  -14.25000000    0.05432799    0.05776678   -0.00358033
  -14.16666667    0.05474326    0.05809854   -0.00362194
  -14.08333333    0.05516372    0.05843038   -0.00366351
  -14.00000000    0.05558946    0.05876367   -0.00370502
  -13.91666667    0.05602058    0.05909990   -0.00374646
  -13.83333333    0.05645719    0.05943983   -0.00378781
  -13.75000000    0.05689938    0.05978298   -0.00382908
  -13.66666667    0.05734726    0.06012805   -0.00387023
  -13.58333333    0.05780094    0.06047381   -0.00391126
  -13.50000000    0.05826052    0.06081987   -0.00395215
  -13.41666667    0.05872613    0.06116702   -0.00399289
  -13.33333333    0.05919787    0.06151670   -0.00403346
  -13.25000000    0.05967586    0.06187012   -0.00407384
  -13.16666667    0.06016023    0.06222754   -0.00411402
  -13.08333333    0.06065110    0.06258813   -0.00415397
  -13.00000000    0.06114859    0.06295059   -0.00419368
  -12.91666667    0.06165284    0.06331398   -0.00423313
  -12.83333333    0.06216399    0.06367841   -0.00427229
  -12.75000000    0.06268216    0.06404495   -0.00431114
  -12.66666667    0.06320750    0.06441498   -0.00434966
  -12.58333333    0.06374016    0.06478937   -0.00438782
  -12.50000000    0.06428028    0.06516791   -0.00442560
  -12.41666667    0.06482802    0.06554954   -0.00446296
  -12.33333333    0.06538354    0.06593307   -0.00449989
  -12.25000000    0.06594698    0.06631797   -0.00453635
  -12.16666667    0.06651852    0.06670475   -0.00457231
  -12.08333333    0.06709833    0.06709465   -0.00460773
  -12.00000000    0.06768658    0.06748891   -0.00464258
  -11.91666667    0.06828345    0.06788795   -0.00467683
  -11.83333333    0.06888913    0.06829120   -0.00471043
  -11.75000000    0.06950379    0.06869751   -0.00474335
  -11.66666667    0.07012763    0.06910590   -0.00477555
  -11.58333333    0.07076087    0.06951625   -0.00480697
  -11.50000000    0.07140368    0.06992943   -0.00483757
  -11.41666667    0.07205630    0.07034672   -0.00486731
  -11.33333333    0.07271893    0.07076908   -0.00489613
  -11.25000000    0.07339179    0.07119654   -0.00492397
  -11.16666667    0.07407512    0.07162824   -0.00495079
  -11.08333333    0.07476914    0.07206304   -0.00497653
  -11.00000000    0.07547410    0.07250026   -0.00500111
  -10.91666667    0.07619025    0.07294022   -0.00502447
  -10.83333333    0.07691784    0.07338402   -0.00504655
  -10.75000000    0.07765713    0.07383287   -0.00506728
  -10.66666667    0.07840840    0.07428739   -0.00508657
  -10.58333333    0.07917192    0.07474722   -0.00510434
  -10.50000000    0.07994798    0.07521133   -0.00512051
  -10.41666667    0.08073687    0.07567870   -0.00513500
  -10.33333333    0.08153890    0.07614904   -0.00514770
  -10.25000000    0.08235436    0.07662304   -0.00515852
  -10.16666667    0.08318360    0.07710192   -0.00516736
  -10.08333333    0.08402694    0.07758673   -0.00517410
  -10.00000000    0.08488472    0.07807769   -0.00517863
   -9.91666667    0.08575728    0.07857412   -0.00518082
   -9.83333333    0.08664500    0.07907491   -0.00518056
   -9.75000000    0.08754824    0.07957930   -0.00517769
   -9.66666667    0.08846738    0.08008741   -0.00517209
   -9.58333333    0.08940283    0.08060020   -0.00516360
   -9.50000000    0.09035498    0.08111893   -0.00515205
   -9.41666667    0.09132426    0.08164436   -0.00513729
   -9.33333333    0.09231110    0.08217633   -0.00511912
   -9.25000000    0.09331593    0.08271390   -0.00509738
   -9.16666667    0.09433923    0.08325603   -0.00507184
   -9.08333333    0.09538147    0.08380228   -0.00504232
   -9.00000000    0.09644312    0.08435315   -0.00500857
   -8.91666667    0.09752468    0.08490984   -0.00497038
   -8.83333333    0.09862670    0.08547348   -0.00492748
   -8.75000000    0.09974968    0.08604448   -0.00487962
   -8.66666667    0.10089417    0.08662231   -0.00482652
   -8.58333333    0.10206077    0.08720590   -0.00476787
   -8.50000000    0.10325001    0.08779437   -0.00470338
   -8.41666667    0.10446252    0.08838766   -0.00463269
   -8.33333333    0.10569893    0.08898664   -0.00455547
   -8.25000000    0.10695985    0.08959258   -0.00447133
   -8.16666667    0.10824594    0.09020641   -0.00437988
   -8.08333333    0.10955789    0.09082813   -0.00428070
   -8.00000000    0.11089637    0.09145690   -0.00417334
   -7.91666667    0.11226212    0.09209161   -0.00405732
   -7.83333333    0.11365585    0.09273166   -0.00393214
   -7.75000000    0.11507833    0.09337739   -0.00379725
   -7.66666667    0.11653034    0.09402997   -0.00365209
   -7.58333333    0.11801265    0.09469061   -0.00349605
   -7.50000000    0.11952612    0.09535992   -0.00332848
   -7.41666667    0.12107156    0.09603748   -0.00314868
   -7.33333333    0.12264983    0.09672221   -0.00295593
   -7.25000000    0.12426182    0.09741309   -0.00274943
   -7.16666667    0.12590845    0.09810987   -0.00252836
   -7.08333333    0.12759060    0.09881331   -0.00229183
   -7.00000000    0.12930926    0.09952470   -0.00203889
   -6.91666667    0.13106538    0.10024510   -0.00176852
   -6.83333333    0.13285992    0.10097469   -0.00147965
   -6.75000000    0.13469390    0.10171264   -0.00117112
   -6.66666667    0.13656833    0.10245773   -0.00084172
   -6.58333333    0.13848422    0.10320913   -0.00049013
   -6.50000000    0.14044264    0.10396700   -0.00011496
   -6.41666667    0.14244462    0.10473241    0.00028528
   -6.33333333    0.14449121    0.10550669    0.00071218
   -6.25000000    0.14658348    0.10629055    0.00116742
   -6.16666667    0.14872248    0.10708366    0.00165282
   -6.08333333    0.15090924    0.10788482    0.00217027
   -6.00000000    0.15314483    0.10869274    0.00272184
   -5.91666667    0.15543024    0.10950689    0.00330969
   -5.83333333    0.15776645    0.11032780    0.00393613
   -5.75000000    0.16015445    0.11115677    0.00460359
   -5.66666667    0.16259511    0.11199492    0.00531468
   -5.58333333    0.16508929    0.11284245    0.00607213
   -5.50000000    0.16763778    0.11369844    0.00687882
   -5.41666667    0.17024128    0.11456133    0.00773781
   -5.33333333    0.17290034    0.11542984    0.00865226
   -5.25000000    0.17561549    0.11630375    0.00962552
   -5.16666667    0.17838702    0.11718388    0.01066103
   -5.08333333    0.18121510    0.11807150    0.01176236
   -5.00000000    0.18409971    0.11896726    0.01293319
   -4.91666667    0.18704060    0.11987061    0.01417724
   -4.83333333    0.19003724    0.12077989    0.01549824
   -4.75000000    0.19308885    0.12169315    0.01689992
   -4.66666667    0.19619429    0.12260910    0.01838587
   -4.58333333    0.19935202    0.12352771    0.01995949
   -4.50000000    0.20256013    0.12444984    0.02162391
   -4.41666667    0.20581617    0.12537629    0.02338178
   -4.33333333    0.20911714    0.12630680    0.02523515
   -4.25000000    0.21245949    0.12723965    0.02718532
   -4.16666667    0.21583895    0.12817215    0.02923248
   -4.08333333    0.21925049    0.12910171    0.03137555
   -4.00000000    0.22268829    0.13002679    0.03361184
   -3.91666667    0.22614558    0.13094710    0.03593662
   -3.83333333    0.22961461    0.13186289    0.03834284
   -3.75000000    0.23308652    0.13277368    0.04082062
   -3.66666667    0.23655128    0.13367740    0.04335685
   -3.58333333    0.23999760    0.13457029    0.04593477
   -3.50000000    0.24341276    0.13544786    0.04853352
   -3.41666667    0.24678263    0.13630611    0.05112790
   -3.33333333    0.25009148    0.13714229    0.05368812
   -3.25000000    0.25332191    0.13795466    0.05617980
   -3.16666667    0.25645479    0.13874125    0.05856421
   -3.08333333    0.25946913    0.13949848    0.06079879
   -3.00000000    0.26234196    0.14022041    0.06283801
   -2.91666667    0.26504832    0.14089919    0.06463464
   -2.83333333    0.26756107    0.14152640    0.06614137
   -2.75000000    0.26985079    0.14209432    0.06731269
   -2.66666667    0.27188570    0.14259635    0.06810705
   -2.58333333    0.27363149    0.14302604    0.06848908
   -2.50000000    0.27505116    0.14337534    0.06843160
   -2.41666667    0.27610492    0.14363307    0.06791743
   -2.33333333    0.27674996    0.14378458    0.06694059
   -2.25000000    0.27694041    0.14381280    0.06550693
   -2.16666667    0.27662718    0.14370001    0.06363397
   -2.08333333    0.27575808    0.14342899    0.06135007
   -2.00000000    0.27427792    0.14298271    0.05869296
   -1.91666667    0.27212894    0.14234249    0.05570783
   -1.83333333    0.26925151    0.14148568    0.05244510
   -1.75000000    0.26558511    0.14038422    0.04895820
   -1.66666667    0.26106990    0.13900520    0.04530145
   -1.58333333    0.25564859    0.13731294    0.04152823
   -1.50000000    0.24926887    0.13527150    0.03768946
   -1.41666667    0.24188634    0.13284578    0.03383264
   -1.33333333    0.23346767    0.13000041    0.03000120
   -1.25000000    0.22399389    0.12669716    0.02623419
   -1.16666667    0.21346383    0.12289270    0.02256650
   -1.08333333    0.20189691    0.11853876    0.01902912
   -1.00000000    0.18933539    0.11358561    0.01564974
   -0.91666667    0.17584571    0.10798751    0.01245347
   -0.83333333    0.16151837    0.10170762    0.00946370
   -0.75000000    0.14646662    0.09471958    0.00670296
   -0.66666667    0.13082362    0.08700515    0.00419396
   -0.58333333    0.11473833    0.07854985    0.00196063
   -0.50000000    0.09837047    0.06934075    0.00002926
   -0.41666667    0.08188474    0.05937075   -0.00157022
   -0.33333333    0.06544489    0.04865069   -0.00280287
   -0.25000000    0.04920809    0.03722683   -0.00362710
   -0.16666667    0.03331996    0.02519709   -0.00399276
   -0.08333333    0.01791051    0.01271844   -0.00383897
    0.00000000    0.00309130    0.00000000    0.00309130
    0.08333333   -0.01104624   -0.01271844    0.00165849
    0.16666667   -0.02443133   -0.02519709   -0.00057173
    0.25000000   -0.03701342   -0.03722683   -0.00373778
    0.33333333   -0.04876087   -0.04865069   -0.00801074
    0.41666667   -0.05965912   -0.05937075   -0.01360238
    0.50000000   -0.06970854   -0.06934075   -0.02077536
    0.58333333   -0.07892202   -0.07854985   -0.02985576
    0.66666667   -0.08732263   -0.08700515   -0.04124856
    0.75000000   -0.09494132   -0.09471958   -0.05545615
    0.83333333   -0.10181489   -0.10170762   -0.07309993
    0.91666667   -0.10798417   -0.10798751   -0.09494363
    1.00000000   -0.11349243   -0.11358561   -0.12191540
    1.08333333   -0.11838410   -0.11853876   -0.15512237
    1.16666667   -0.12270372   -0.12289270   -0.19584394
    1.25000000   -0.12649514   -0.12669716   -0.24548180
    1.33333333   -0.12980087   -0.13000041   -0.30542791
    1.41666667   -0.13266163   -0.13284578   -0.37679864
    1.50000000   -0.13511607   -0.13527150   -0.45997803
    1.58333333   -0.13720056   -0.13731294   -0.55394699
    1.66666667   -0.13894912   -0.13900520   -0.65549753
    1.75000000   -0.14039332   -0.14038422   -0.75865215
    1.83333333   -0.14156242   -0.14148568   -0.85483961
    1.91666667   -0.14248331   -0.14234249   -0.93432687
    2.00000000   -0.14318072   -0.14298271   -0.98876331
    2.08333333   -0.14367726   -0.14342899   -1.01372993
    2.16666667   -0.14399358   -0.14370001   -1.00985864
    2.25000000   -0.14414847   -0.14381280   -0.98196927
    2.33333333   -0.14415903   -0.14378458   -0.93698435
    2.41666667   -0.14404078   -0.14363307   -0.88187077
    2.50000000   -0.14380777   -0.14337534   -0.82237400
    2.58333333   -0.14347275   -0.14302604   -0.76260158
    2.66666667   -0.14304722   -0.14259635   -0.70515157
    2.75000000   -0.14254160   -0.14209432   -0.65146012
    2.83333333   -0.14196528   -0.14152640   -0.60216470
    2.91666667   -0.14132673   -0.14089919   -0.55740102
    3.00000000   -0.14063361   -0.14022041   -0.51701522
    3.08333333   -0.13989279   -0.13949848   -0.48070261
    3.16666667   -0.13911048   -0.13874125   -0.44809452
    3.25000000   -0.13829227   -0.13795466   -0.41880910
    3.33333333   -0.13744319   -0.13714229   -0.39247849
    3.41666667   -0.13656775   -0.13630611   -0.36876282
    3.50000000   -0.13567001   -0.13544786   -0.34735593
    3.58333333   -0.13475363   -0.13457029   -0.32798576
    3.66666667   -0.13382188   -0.13367740   -0.31041301
    3.75000000   -0.13287771   -0.13277368   -0.29442849
    3.83333333   -0.13192375   -0.13186289   -0.27984965
    3.91666667   -0.13096235   -0.13094710   -0.26651749
    4.00000000   -0.12999566   -0.13002679   -0.25429370
    4.08333333   -0.12902553   -0.12910171   -0.24305758
    4.16666667   -0.12805369   -0.12817215   -0.23270399
    4.25000000   -0.12708162   -0.12723965   -0.22314083
    4.33333333   -0.12611067   -0.12630680   -0.21428760
    4.41666667   -0.12514206   -0.12537629   -0.20607362
    4.50000000   -0.12417682   -0.12444984   -0.19843658
    4.58333333   -0.12321590   -0.12352771   -0.19132165
    4.66666667   -0.12226015   -0.12260910   -0.18468033
    4.75000000   -0.12131029   -0.12169315   -0.17846956
    4.83333333   -0.12036697   -0.12077989   -0.17265114
    4.91666667   -0.11943076   -0.11987061   -0.16719109
    5.00000000   -0.11850215   -0.11896726   -0.16205893
    5.08333333   -0.11758157   -0.11807150   -0.15722752
    5.16666667   -0.11666939   -0.11718388   -0.15267247
    5.25000000   -0.11576592   -0.11630375   -0.14837181
    5.33333333   -0.11487144   -0.11542984   -0.14430581
    5.41666667   -0.11398618   -0.11456133   -0.14045663
    5.50000000   -0.11311031   -0.11369844   -0.13680811
    5.58333333   -0.11224400   -0.11284245   -0.13334562
    5.66666667   -0.11138737   -0.11199492   -0.13005590
    5.75000000   -0.11054050   -0.11115677   -0.12692682
    5.83333333   -0.10970347   -0.11032780   -0.12394735
    5.91666667   -0.10887633   -0.10950689   -0.12110746
    6.00000000   -0.10805910   -0.10869274   -0.11839789
    6.08333333   -0.10725178   -0.10788482   -0.11581022
    6.16666667   -0.10645437   -0.10708366   -0.11333671
    6.25000000   -0.10566684   -0.10629055   -0.11097020
    6.33333333   -0.10488916   -0.10550669   -0.10870416
    6.41666667   -0.10412129   -0.10473241   -0.10653255
    6.50000000   -0.10336315   -0.10396700   -0.10444976
    6.58333333   -0.10261468   -0.10320913   -0.10245064
    6.66666667   -0.10187582   -0.10245773   -0.10053042
    6.75000000   -0.10114647   -0.10171264   -0.09868465
    6.83333333   -0.10042655   -0.10097469   -0.09690922
    6.91666667   -0.09971597   -0.10024510   -0.09520033
    7.00000000   -0.09901462   -0.09952470   -0.09355439
    7.08333333   -0.09832241   -0.09881331   -0.09196810
    7.16666667   -0.09763923   -0.09810987   -0.09043838
    7.25000000   -0.09696496   -0.09741309   -0.08896234
    7.33333333   -0.09629951   -0.09672221   -0.08753728
    7.41666667   -0.09564276   -0.09603748   -0.08616069
    7.50000000   -0.09499459   -0.09535992   -0.08483019
    7.58333333   -0.09435489   -0.09469061   -0.08354358
    7.66666667   -0.09372354   -0.09402997   -0.08229878
    7.75000000   -0.09310043   -0.09337739   -0.08109384
    7.83333333   -0.09248543   -0.09273166   -0.07992693
    7.91666667   -0.09187845   -0.09209161   -0.07879632
    8.00000000   -0.09127934   -0.09145690   -0.07770039
    8.08333333   -0.09068801   -0.09082813   -0.07663762
    8.16666667   -0.09010432   -0.09020641   -0.07560654
    8.25000000   -0.08952817   -0.08959258   -0.07460582
    8.33333333   -0.08895945   -0.08898664   -0.07363416
    8.41666667   -0.08839803   -0.08838766   -0.07269033
    8.50000000   -0.08784381   -0.08779437   -0.07177320
    8.58333333   -0.08729667   -0.08720590   -0.07088168
    8.66666667   -0.08675651   -0.08662231   -0.07001472
    8.75000000   -0.08622321   -0.08604448   -0.06917136
    8.83333333   -0.08569666   -0.08547348   -0.06835068
    8.91666667   -0.08517676   -0.08490984   -0.06755178
    9.00000000   -0.08466340   -0.08435315   -0.06677384
    9.08333333   -0.08415649   -0.08380228   -0.06601605
    9.16666667   -0.08365590   -0.08325603   -0.06527767
    9.25000000   -0.08316155   -0.08271390   -0.06455797
    9.33333333   -0.08267333   -0.08217633   -0.06385628
    9.41666667   -0.08219115   -0.08164436   -0.06317193
    9.50000000   -0.08171491   -0.08111893   -0.06250432
    9.58333333   -0.08124451   -0.08060020   -0.06185285
    9.66666667   -0.08077985   -0.08008741   -0.06121694
    9.75000000   -0.08032086   -0.07957930   -0.06059607
    9.83333333   -0.07986743   -0.07907491   -0.05998972
    9.91666667   -0.07941948   -0.07857412   -0.05939738
   10.00000000   -0.07897691   -0.07807769   -0.05881861
   10.08333333   -0.07853965   -0.07758673   -0.05825295
   10.16666667   -0.07810760   -0.07710192   -0.05769995
   10.25000000   -0.07768069   -0.07662304   -0.05715923
   10.33333333   -0.07725882   -0.07614904   -0.05663037
   10.41666667   -0.07684193   -0.07567870   -0.05611300
   10.50000000   -0.07642993   -0.07521133   -0.05560676
   10.58333333   -0.07602274   -0.07474722   -0.05511130
   10.66666667   -0.07562028   -0.07428739   -0.05462628
   10.75000000   -0.07522249   -0.07383287   -0.05415140
   10.83333333   -0.07482928   -0.07338402   -0.05368633
   10.91666667   -0.07444059   -0.07294022   -0.05323079
   11.00000000   -0.07405634   -0.07250026   -0.05278449
   11.08333333   -0.07367647   -0.07206304   -0.05234715
   11.16666667   -0.07330090   -0.07162824   -0.05191852
   11.25000000   -0.07292957   -0.07119654   -0.05149835
   11.33333333   -0.07256241   -0.07076908   -0.05108639
   11.41666667   -0.07219936   -0.07034672   -0.05068241
   11.50000000   -0.07184035   -0.06992943   -0.05028618
   11.58333333   -0.07148532   -0.06951625   -0.04989749
   11.66666667   -0.07113421   -0.06910590   -0.04951612
   11.75000000   -0.07078696   -0.06869751   -0.04914188
   11.83333333   -0.07044350   -0.06829120   -0.04877457
   11.91666667   -0.07010379   -0.06788795   -0.04841401
   12.00000000   -0.06976776   -0.06748891   -0.04806001
   12.08333333   -0.06943536   -0.06709465   -0.04771241
   12.16666667   -0.06910653   -0.06670475   -0.04737102
   12.25000000   -0.06878123   -0.06631797   -0.04703570
   12.33333333   -0.06845938   -0.06593307   -0.04670629
   12.41666667   -0.06814095   -0.06554954   -0.04638262
   12.50000000   -0.06782589   -0.06516791   -0.04606456
   12.58333333   -0.06751413   -0.06478937   -0.04575196
   12.66666667   -0.06720564   -0.06441498   -0.04544468
   12.75000000   -0.06690037   -0.06404495   -0.04514261
   12.83333333   -0.06659826   -0.06367841   -0.04484560
   12.91666667   -0.06629927   -0.06331398   -0.04455353
   13.00000000   -0.06600336   -0.06295059   -0.04426628
   13.08333333   -0.06571048   -0.06258813   -0.04398374
   13.16666667   -0.06542058   -0.06222754   -0.04370579
   13.25000000   -0.06513363   -0.06187012   -0.04343233
   13.33333333   -0.06484958   -0.06151670   -0.04316325
   13.41666667   -0.06456838   -0.06116702   -0.04289844
   13.50000000   -0.06429000   -0.06081987   -0.04263781
   13.58333333   -0.06401440   -0.06047381   -0.04238126
   13.66666667   -0.06374154   -0.06012805   -0.04212869
   13.75000000   -0.06347137   -0.05978298   -0.04188003
   13.83333333   -0.06320387   -0.05943983   -0.04163517
   13.91666667   -0.06293898   -0.05909990   -0.04139403
   14.00000000   -0.06267669   -0.05876367   -0.04115654
   14.08333333   -0.06241694   -0.05843038   -0.04092260
   14.16666667   -0.06215971   -0.05809854   -0.04069215
   14.25000000   -0.06190495   -0.05776678   -0.04046511
   14.33333333   -0.06165264   -0.05743472   -0.04024139
   14.41666667   -0.06140274   -0.05710322   -0.04002094
   14.50000000   -0.06115522   -0.05677377   -0.03980368
   14.58333333   -0.06091005   -0.05644750   -0.03958955
   14.66666667   -0.06066719   -0.05612439   -0.03937847
   14.75000000   -0.06042661   -0.05580322   -0.03917038
   14.83333333   -0.06018828   -0.05548228   -0.03896523
   14.91666667   -0.05995217   -0.05516044   -0.03876295
   15.00000000   -0.05971825   -0.05483782   -0.03856348
   15.08333333   -0.05948649   -0.05451574   -0.03836677
   15.16666667   -0.05925687   -0.05419580   -0.03817276
   15.25000000   -0.05902935   -0.05387881   -0.03798139
   15.33333333   -0.05880390   -0.05356418   -0.03779262
   15.41666667   -0.05858051   -0.05325021   -0.03760638
   15.50000000   -0.05835913   -0.05293512   -0.03742264
   15.58333333   -0.05813976   -0.05261815   -0.03724134
   15.66666667   -0.05792234   -0.05230002   -0.03706243
   15.75000000   -0.05770688   -0.05198244   -0.03688587
   15.83333333   -0.05749333   -0.05166697   -0.03671162
   15.91666667   -0.05728168   -0.05135392   -0.03653962
   16.00000000   -0.05707189   -0.05104203   -0.03636984
   16.08333333   -0.05686395   -0.05072918   -0.03620224
   16.16666667   -0.05665783   -0.05041366   -0.03603677
   16.25000000   -0.05645351   -0.05009526   -0.03587339
   16.33333333   -0.05625097   -0.04977532   -0.03571206
   16.41666667   -0.05605018   -0.04945588   -0.03555275
   16.50000000   -0.05585112   -0.04913825   -0.03539542
   16.58333333   -0.05565376   -0.04882202   -0.03524004
   16.66666667   -0.05545810   -0.04850518   -0.03508656
   16.75000000   -0.05526411   -0.04818526   -0.03493496
   16.83333333   -0.05507176   -0.04786080   -0.03478520
   16.91666667   -0.05488104   -0.04753230   -0.03463724
   17.00000000   -0.05469192   -0.04720177   -0.03449106
   17.08333333   -0.05450438   -0.04687143   -0.03434663
   17.16666667   -0.05431842   -0.04654207   -0.03420391
   17.25000000   -0.05413400   -0.04621229   -0.03406287
   17.33333333   -0.05395111   -0.04587923   -0.03392349
   17.41666667   -0.05376974   -0.04554013   -0.03378573
   17.50000000   -0.05358985   -0.04519403   -0.03364957
   17.58333333   -0.05341144   -0.04484231   -0.03351498
   17.66666667   -0.05323448   -0.04448769   -0.03338194
   17.75000000   -0.05305897   -0.04413233   -0.03325042
   17.83333333   -0.05288487   -0.04377610   -0.03312038
   17.91666667   -0.05271218   -0.04341625   -0.03299182
   18.00000000   -0.05254088   -0.04304882   -0.03286470
   18.08333333   -0.05237095   -0.04267087   -0.03273900
   18.16666667   -0.05220238   -0.04228223   -0.03261470
   18.25000000   -0.05203515   -0.04188549   -0.03249177
   18.33333333   -0.05186924   -0.04148414   -0.03237019
   18.41666667   -0.05170465   -0.04107993   -0.03224994
   18.50000000   -0.05154134   -0.04067113   -0.03213100
   18.58333333   -0.05137932   -0.04025290   -0.03201334
   18.66666667   -0.05121856   -0.03981976   -0.03189696
   18.75000000   -0.05105905   -0.03936874   -0.03178181
   18.83333333   -0.05090077   -0.03890119   -0.03166790
   18.91666667   -0.05074373   -0.03842183   -0.03155519
   19.00000000   -0.05058788   -0.03793547   -0.03144368
   19.08333333   -0.05043323   -0.03744317   -0.03133333
   19.16666667   -0.05027976   -0.03694034   -0.03122413
   19.25000000   -0.05012746   -0.03641837   -0.03111607
   19.33333333   -0.04997631   -0.03586940   -0.03100913
   19.41666667   -0.04982631   -0.03529153   -0.03090329
   19.50000000   -0.04967744   -0.03469142   -0.03079853
   19.58333333   -0.04952968   -0.03408205   -0.03069484
   19.66666667   -0.04938302   -0.03347598   -0.03059220
   19.75000000   -0.04923746   -0.03287730   -0.03049060
   19.83333333   -0.04909298   -0.03227638   -0.03039001
   19.91666667   -0.04894957   -0.03165098   -0.03029043
   20.00000000   -0.04880721   -0.03097379   -0.03019184
