  -20.00000000    0.08069884    0.04312448    0.00978262
  -19.91666667    0.08101272    0.04393680    0.00986601
  -19.83333333    0.08132917    0.04465234    0.00995020
  -19.75000000    0.08164823    0.04532851    0.01003519
  -19.66666667    0.08196992    0.04601219    0.01012101
  -19.58333333    0.08229427    0.04672491    0.01020765
  -19.50000000    0.08262132    0.04746094    0.01029514
  -19.41666667    0.08295111    0.04819749    0.01038349
  -19.33333333    0.08328364    0.04891032    0.01047270
  -19.25000000    0.08361898    0.04958654    0.01056279
  -19.16666667    0.08395715    0.05022888    0.01065377
  -19.08333333    0.08429817    0.05085079    0.01074565
  -19.00000000    0.08464210    0.05146667    0.01083846
  -18.91666667    0.08498896    0.05208332    0.01093219
  -18.83333333    0.08533878    0.05269733    0.01102687
  -18.75000000    0.08569161    0.05329888    0.01112251
  -18.66666667    0.08604748    0.05387895    0.01121912
  -18.58333333    0.08640642    0.05443511    0.01131672
  -18.50000000    0.08676849    0.05497273    0.01141532
  -18.41666667    0.08713371    0.05550128    0.01151494
  -18.33333333    0.08750211    0.05602846    0.01161559
  -18.25000000    0.08787376    0.05655604    0.01171729
  -18.16666667    0.08824868    0.05707966    0.01182005
  -18.08333333    0.08862691    0.05759248    0.01192389
  -18.00000000    0.08900850    0.05808999    0.01202883
  -17.91666667    0.08939349    0.05857307    0.01213488
  -17.83333333    0.08978192    0.05904733    0.01224206
  -17.75000000    0.09017383    0.05951958    0.01235039
  -17.66666667    0.09056928    0.05999376    0.01245989
  -17.58333333    0.09096829    0.06046892    0.01257056
  -17.50000000    0.09137092    0.06094035    0.01268245
  -17.41666667    0.09177723    0.06140307    0.01279555
  -17.33333333    0.09218723    0.06185522    0.01290990
  -17.25000000    0.09260101    0.06229929    0.01302550
  -17.16666667    0.09301859    0.06274056    0.01314239
  -17.08333333    0.09344002    0.06318376    0.01326058
  -17.00000000    0.09386537    0.06363031    0.01338010
  -16.91666667    0.09429468    0.06407770    0.01350096
  -16.83333333    0.09472799    0.06452149    0.01362318
  -16.75000000    0.09516536    0.06495833    0.01374680
  -16.66666667    0.09560686    0.06538824    0.01387182
  -16.58333333    0.09605251    0.06581462    0.01399829
  -16.50000000    0.09650240    0.06624206    0.01412621
  -16.41666667    0.09695657    0.06667352    0.01425562
  -16.33333333    0.09741506    0.06710858    0.01438654
  -16.25000000    0.09787796    0.06754398    0.01451899
  -16.16666667    0.09834530    0.06797589    0.01465301
  -16.08333333    0.09881715    0.06840250    0.01478861
  -16.00000000    0.09929358    0.06882525    0.01492583
  -15.91666667    0.09977464    0.06924789    0.01506469
  -15.83333333    0.10026040    0.06967412    0.01520523
  -15.75000000    0.10075091    0.07010529    0.01534747
  -15.66666667    0.10124624    0.07053971    0.01549144
  -15.58333333    0.10174646    0.07097388    0.01563717
  -15.50000000    0.10225163    0.07140485    0.01578470
  -15.41666667    0.10276181    0.07183224    0.01593405
  -15.33333333    0.10327709    0.07225848    0.01608526
  -15.25000000    0.10379752    0.07268726    0.01623837
  -15.16666667    0.10432318    0.07312122    0.01639340
  -15.08333333    0.10485414    0.07356032    0.01655040
  -15.00000000    0.10539046    0.07400201    0.01670940
  -14.91666667    0.10593222    0.07444297    0.01687043
  -14.83333333    0.10647951    0.07488133    0.01703354
  -14.75000000    0.10703238    0.07531795    0.01719876
  -14.66666667    0.10759092    0.07575586    0.01736613
  -14.58333333    0.10815521    0.07619835    0.01753570
  -14.50000000    0.10872533    0.07664690    0.01770751
  -14.41666667    0.10930134    0.07710033    0.01788159
  -14.33333333    0.10988336    0.07755560    0.01805800
  -14.25000000    0.11047143    0.07800993    0.01823678
  -14.16666667    0.11106566    0.07846261    0.01841797
  -14.08333333    0.11166613    0.07891549    0.01860162
  -14.00000000    0.11227292    0.07937185    0.01878779
  -13.91666667    0.11288611    0.07983431    0.01897652
  -13.83333333    0.11350582    0.08030316    0.01916786
  -13.75000000    0.11413210    0.08077633    0.01936187
  -13.66666667    0.11476506    0.08125070    0.01955860
  -13.58333333    0.11540481    0.08172428    0.01975810
  -13.50000000    0.11605140    0.08219748    0.01996044
  -13.41666667    0.11670496    0.08267290    0.02016567
  -13.33333333    0.11736558    0.08315373    0.02037385
  -13.25000000    0.11803334    0.08364166    0.02058504
  -13.16666667    0.11870835    0.08413593    0.02079932
  -13.08333333    0.11939071    0.08463383    0.02101674
  -13.00000000    0.12008052    0.08513252    0.02123737
  -12.91666667    0.12077787    0.08563096    0.02146127
  -12.83333333    0.12148288    0.08613061    0.02168854
  -12.75000000    0.12219564    0.08663451    0.02191922
  -12.66666667    0.12291626    0.08714542    0.02215341
  -12.58333333    0.12364486    0.08766402    0.02239118
  -12.50000000    0.12438151    0.08818860    0.02263260
  -12.41666667    0.12512635    0.08871614    0.02287777
  -12.33333333    0.12587949    0.08924440    0.02312676
  -12.25000000    0.12664101    0.08977338    0.02337966
  -12.16666667    0.12741104    0.09030539    0.02363657
  -12.08333333    0.12818970    0.09084363    0.02389757
  -12.00000000    0.12897709    0.09139013    0.02416277
  -11.91666667    0.12977332    0.09194454    0.02443225
  -11.83333333    0.13057851    0.09250437    0.02470613
  -11.75000000    0.13139277    0.09306669    0.02498450
  -11.66666667    0.13221621    0.09363005    0.02526748
  -11.58333333    0.13304896    0.09419550    0.02555517
  -11.50000000    0.13389111    0.09476600    0.02584770
  -11.41666667    0.13474279    0.09534453    0.02614518
  -11.33333333    0.13560413    0.09593224    0.02644773
  -11.25000000    0.13647521    0.09652776    0.02675548
  -11.16666667    0.13735616    0.09712811    0.02706857
  -11.08333333    0.13824711    0.09773074    0.02738712
  -11.00000000    0.13914815    0.09833518    0.02771129
  -10.91666667    0.14005939    0.09894349    0.02804120
  -10.83333333    0.14098097    0.09955893    0.02837702
  -10.75000000    0.14191297    0.10018400    0.02871890
  -10.66666667    0.14285551    0.10081880    0.02906700
  -10.58333333    0.14380871    0.10146108    0.02942149
  -10.50000000    0.14477264    0.10210771    0.02978253
  -10.41666667    0.14574743    0.10275678    0.03015031
  -10.33333333    0.14673318    0.10340893    0.03052502
  -10.25000000    0.14772996    0.10406700    0.03090684
  -10.16666667    0.14873789    0.10473431    0.03129598
  -10.08333333    0.14975706    0.10541256    0.03169264
  -10.00000000    0.15078753    0.10610078    0.03209703
   -9.91666667    0.15182940    0.10679603    0.03250938
   -9.83333333    0.15288276    0.10749535    0.03292992
   -9.75000000    0.15394764    0.10819774    0.03335889
   -9.66666667    0.15502412    0.10890493    0.03379654
   -9.58333333    0.15611228    0.10962036    0.03424313
   -9.50000000    0.15721214    0.11034702    0.03469893
   -9.41666667    0.15832374    0.11108561    0.03516422
   -9.33333333    0.15944715    0.11183414    0.03563929
   -9.25000000    0.16058234    0.11258925    0.03612445
   -9.16666667    0.16172935    0.11334847    0.03662002
   -9.08333333    0.16288819    0.11411192    0.03712633
   -9.00000000    0.16405882    0.11488234    0.03764372
   -8.91666667    0.16524123    0.11566343    0.03817255
   -8.83333333    0.16643539    0.11645755    0.03871320
   -8.75000000    0.16764122    0.11726427    0.03926607
   -8.66666667    0.16885866    0.11808067    0.03983155
   -8.58333333    0.17008764    0.11890332    0.04041009
   -8.50000000    0.17132801    0.11973057    0.04100213
   -8.41666667    0.17257967    0.12056375    0.04160814
   -8.33333333    0.17384246    0.12140642    0.04222862
   -8.25000000    0.17511619    0.12226222    0.04286406
   -8.16666667    0.17640066    0.12313258    0.04351503
   -8.08333333    0.17769566    0.12401583    0.04418208
   -8.00000000    0.17900090    0.12490840    0.04486581
   -7.91666667    0.18031611    0.12580711    0.04556685
   -7.83333333    0.18164095    0.12671141    0.04628584
   -7.75000000    0.18297507    0.12762386    0.04702349
   -7.66666667    0.18431807    0.12854860    0.04778052
   -7.58333333    0.18566949    0.12948880    0.04855768
   -7.50000000    0.18702888    0.13044469    0.04935579
   -7.41666667    0.18839568    0.13141345    0.05017570
   -7.33333333    0.18976933    0.13239107    0.05101830
   -7.25000000    0.19114920    0.13337506    0.05188455
   -7.16666667    0.19253460    0.13436617    0.05277544
   -7.08333333    0.19392479    0.13536809    0.05369203
   -7.00000000    0.19531899    0.13638518    0.05463544
   -6.91666667    0.19671632    0.13741977    0.05560687
   -6.83333333    0.19811585    0.13847069    0.05660756
   -6.75000000    0.19951659    0.13953405    0.05763887
   -6.66666667    0.20091748    0.14060582    0.05870221
   -6.58333333    0.20231735    0.14168452    0.05979909
   -6.50000000    0.20371501    0.14277234    0.06093113
   -6.41666667    0.20510913    0.14387390    0.06210004
   -6.33333333    0.20649833    0.14499335    0.06330764
   -6.25000000    0.20788115    0.14613177    0.06455591
   -6.16666667    0.20925603    0.14728647    0.06584693
   -6.08333333    0.21062131    0.14845268    0.06718294
   -6.00000000    0.21197527    0.14962676    0.06856634
   -5.91666667    0.21331607    0.15080855    0.06999972
   -5.83333333    0.21464178    0.15200173    0.07148584
   -5.75000000    0.21595043    0.15321148    0.07302769
   -5.66666667    0.21723989    0.15444124    0.07462849
   -5.58333333    0.21850800    0.15569041    0.07629170
   -5.50000000    0.21975249    0.15695469    0.07802110
   -5.41666667    0.22097105    0.15822875    0.07982073
   -5.33333333    0.22216125    0.15950970    0.08169501
   -5.25000000    0.22332066    0.16079901    0.08364876
   -5.16666667    0.22444677    0.16210162    0.08568718
   -5.08333333    0.22553704    0.16342281    0.08781595
   -5.00000000    0.22658893    0.16476461    0.09004133
   -4.91666667    0.22759989    0.16612434    0.09237013
   -4.83333333    0.22856739    0.16749603    0.09480981
   -4.75000000    0.22948896    0.16887406    0.09736864
   -4.66666667    0.23036221    0.17025666    0.10005568
   -4.58333333    0.23118486    0.17164694    0.10288095
   -4.50000000    0.23195476    0.17305076    0.10585561
   -4.41666667    0.23266998    0.17447264    0.10899201
   -4.33333333    0.23332878    0.17591239    0.11230388
   -4.25000000    0.23392973    0.17736458    0.11580667
   -4.16666667    0.23447174    0.17882143    0.11951763
   -4.08333333    0.23495407    0.18027720    0.12345614
   -4.00000000    0.23537645    0.18173134    0.12764416
   -3.91666667    0.23573913    0.18318830    0.13210649
   -3.83333333    0.23604290    0.18465390    0.13687139
   -3.75000000    0.23628921    0.18613055    0.14197107
   -3.66666667    0.23648020    0.18761436    0.14744251
   -3.58333333    0.23661879    0.18909609    0.15332833
   -3.50000000    0.23670868    0.19056549    0.15967776
   -3.41666667    0.23675448    0.19201629    0.16654817
   -3.33333333    0.23676167    0.19344855    0.17400664
   -3.25000000    0.23673669    0.19486673    0.18213200
   -3.16666667    0.23668690    0.19627442    0.19101760
   -3.08333333    0.23662058    0.19766908    0.20077463
   -3.00000000    0.23654689    0.19904012    0.21153631
   -2.91666667    0.23647573    0.20037178    0.22346361
   -2.83333333    0.23641765    0.20164901    0.23675243
   -2.75000000    0.23638362    0.20286271    0.25164296
   -2.66666667    0.23638476    0.20401059    0.26843241
   -2.58333333    0.23643195    0.20509289    0.28749165
   -2.50000000    0.23653538    0.20610517    0.30928741
   -2.41666667    0.23670387    0.20703288    0.33441259
   -2.33333333    0.23694418    0.20785100    0.36362657
   -2.25000000    0.23725996    0.20852941    0.39790851
   -2.16666667    0.23765060    0.20904045    0.43852744
   -2.08333333    0.23810978    0.20936377    0.48712682
   -2.00000000    0.23862374    0.20948459    0.54581212
   -1.91666667    0.23916921    0.20938595    0.61719812
   -1.83333333    0.23971103    0.20903915    0.70427984
   -1.75000000    0.24019945    0.20839844    0.80978024
   -1.66666667    0.24056713    0.20740344    0.93414735
   -1.58333333    0.24072597    0.20598811    1.07065498
   -1.50000000    0.24056402    0.20409048    1.19630481
   -1.41666667    0.23994266    0.20165639    1.26358806
   -1.33333333    0.23869476    0.19863358    1.21498155
   -1.25000000    0.23662421    0.19495905    1.03590513
   -1.16666667    0.23350792    0.19054709    0.78582760
   -1.08333333    0.22910123    0.18528666    0.54531877
   -1.00000000    0.22314755    0.17905154    0.35675919
   -0.91666667    0.21539322    0.17171918    0.22399360
   -0.83333333    0.20560743    0.16318784    0.13527149
   -0.75000000    0.19360666    0.15338161    0.07745046
   -0.66666667    0.17928098    0.14223946    0.04035647
   -0.58333333    0.16261883    0.12969519    0.01699940
   -0.50000000    0.14372565    0.11566371    0.00277767
   -0.41666667    0.12283135    0.10004982   -0.00530434
   -0.33333333    0.10028373    0.08278641   -0.00920253
   -0.25000000    0.07652672    0.06389423   -0.01020557
   -0.16666667    0.05206638    0.04354112   -0.00917203
   -0.08333333    0.02742977    0.02207343   -0.00668026
    0.00000000    0.00312363    0.00000000    0.00312363
    0.08333333   -0.02040071   -0.02207343   -0.00122850
    0.16666667   -0.04277190   -0.04354112   -0.00619100
    0.25000000   -0.06371102   -0.06389423   -0.01163691
    0.33333333   -0.08303268   -0.08278641   -0.01747995
    0.41666667   -0.10063745   -0.10004982   -0.02366270
    0.50000000   -0.11649887   -0.11566371   -0.03014859
    0.58333333   -0.13064798   -0.12969519   -0.03691619
    0.66666667   -0.14315789   -0.14223946   -0.04395538
    0.75000000   -0.15412978   -0.15338161   -0.05126452
    0.83333333   -0.16368131   -0.16318784   -0.05884849
    0.91666667   -0.17193752   -0.17171918   -0.06671724
    1.00000000   -0.17902408   -0.17905154   -0.07488471
    1.08333333   -0.18506274   -0.18528666   -0.08336810
    1.16666667   -0.19016826   -0.19054709   -0.09218718
    1.25000000   -0.19444683   -0.19495905   -0.10136388
    1.33333333   -0.19799519   -0.19863358   -0.11092178
    1.41666667   -0.20090054   -0.20165639   -0.12088572
    1.50000000   -0.20324085   -0.20409048   -0.13128145
    1.58333333   -0.20508537   -0.20598811   -0.14213513
    1.66666667   -0.20649533   -0.20740344   -0.15347282
    1.75000000   -0.20752468   -0.20839844   -0.16531994
    1.83333333   -0.20822086   -0.20903915   -0.17770047
    1.91666667   -0.20862550   -0.20938595   -0.19063609
    2.00000000   -0.20877511   -0.20948459   -0.20414522
    2.08333333   -0.20870169   -0.20936377   -0.21824156
    2.16666667   -0.20843329   -0.20904045   -0.23293284
    2.25000000   -0.20799449   -0.20852941   -0.24821870
    2.33333333   -0.20740688   -0.20785100   -0.26408902
    2.41666667   -0.20668939   -0.20703288   -0.28052142
    2.50000000   -0.20585869   -0.20610517   -0.29747859
    2.58333333   -0.20492942   -0.20509289   -0.31490583
    2.66666667   -0.20391446   -0.20401059   -0.33272813
    2.75000000   -0.20282522   -0.20286271   -0.35084725
    2.83333333   -0.20167171   -0.20164901   -0.36913961
    2.91666667   -0.20046282   -0.20037178   -0.38745430
    3.00000000   -0.19920641   -0.19904012   -0.40561194
    3.08333333   -0.19790943   -0.19766908   -0.42340538
    3.16666667   -0.19657804   -0.19627442   -0.44060158
    3.25000000   -0.19521772   -0.19486673   -0.45694554
    3.33333333   -0.19383335   -0.19344855   -0.47216697
    3.41666667   -0.19242924   -0.19201629   -0.48598878
    3.50000000   -0.19100924   -0.19056549   -0.49813776
    3.58333333   -0.18957678   -0.18909609   -0.50835714
    3.66666667   -0.18813492   -0.18761436   -0.51641955
    3.75000000   -0.18668637   -0.18613055   -0.52213971
    3.83333333   -0.18523356   -0.18465390   -0.52538566
    3.91666667   -0.18377864   -0.18318830   -0.52608705
    4.00000000   -0.18232355   -0.18173134   -0.52423975
    4.08333333   -0.18087000   -0.18027720   -0.51990622
    4.16666667   -0.17941952   -0.17882143   -0.51321158
    4.25000000   -0.17797347   -0.17736458   -0.50433554
    4.33333333   -0.17653305   -0.17591239   -0.49350194
    4.41666667   -0.17509935   -0.17447264   -0.48096602
    4.50000000   -0.17367331   -0.17305076   -0.46700108
    4.58333333   -0.17225577   -0.17164694   -0.45188638
    4.66666667   -0.17084749   -0.17025666   -0.43589584
    4.75000000   -0.16944912   -0.16887406   -0.41928878
    4.83333333   -0.16806122   -0.16749603   -0.40230367
    4.91666667   -0.16668431   -0.16612434   -0.38515353
    5.00000000   -0.16531882   -0.16476461   -0.36802321
    5.08333333   -0.16396514   -0.16342281   -0.35106950
    5.16666667   -0.16262359   -0.16210162   -0.33442152
    5.25000000   -0.16129444   -0.16079901   -0.31818226
    5.33333333   -0.15997793   -0.15950970   -0.30243151
    5.41666667   -0.15867426   -0.15822875   -0.28722828
    5.50000000   -0.15738358   -0.15695469   -0.27261340
    5.58333333   -0.15610602   -0.15569041   -0.25861277
    5.66666667   -0.15484170   -0.15444124   -0.24523969
    5.75000000   -0.15359066   -0.15321148   -0.23249701
    5.83333333   -0.15235296   -0.15200173   -0.22037967
    5.91666667   -0.15112863   -0.15080855   -0.20887624
    6.00000000   -0.14991768   -0.14962676   -0.19797031
    6.08333333   -0.14872009   -0.14845268   -0.18764214
    6.16666667   -0.14753585   -0.14728647   -0.17786953
    6.25000000   -0.14636490   -0.14613177   -0.16862851
    6.33333333   -0.14520720   -0.14499335   -0.15989438
    6.41666667   -0.14406269   -0.14387390   -0.15164206
    6.50000000   -0.14293128   -0.14277234   -0.14384641
    6.58333333   -0.14181290   -0.14168452   -0.13648280
    6.66666667   -0.14070746   -0.14060582   -0.12952723
    6.75000000   -0.13961485   -0.13953405   -0.12295638
    6.83333333   -0.13853497   -0.13847069   -0.11674795
    6.91666667   -0.13746771   -0.13741977   -0.11088065
    7.00000000   -0.13641294   -0.13638518   -0.10533412
    7.08333333   -0.13537056   -0.13536809   -0.10008915
    7.16666667   -0.13434045   -0.13436617   -0.09512759
    7.25000000   -0.13332245   -0.13337506   -0.09043224
    7.33333333   -0.13231646   -0.13239107   -0.08598698
    7.41666667   -0.13132234   -0.13141345   -0.08177669
    7.50000000   -0.13033995   -0.13044469   -0.07778708
    7.58333333   -0.12936915   -0.12948880   -0.07400485
    7.66666667   -0.12840981   -0.12854860   -0.07041752
    7.75000000   -0.12746179   -0.12762386   -0.06701336
    7.83333333   -0.12652495   -0.12671141   -0.06378146
    7.91666667   -0.12559915   -0.12580711   -0.06071159
    8.00000000   -0.12468425   -0.12490840   -0.05779416
    8.08333333   -0.12378012   -0.12401583   -0.05502024
    8.16666667   -0.12288659   -0.12313258   -0.05238144
    8.25000000   -0.12200356   -0.12226222   -0.04986998
    8.33333333   -0.12113086   -0.12140642   -0.04747853
    8.41666667   -0.12026836   -0.12056375   -0.04520021
    8.50000000   -0.11941594   -0.11973057   -0.04302867
    8.58333333   -0.11857344   -0.11890332   -0.04095791
    8.66666667   -0.11774073   -0.11808067   -0.03898228
    8.75000000   -0.11691768   -0.11726427   -0.03709659
    8.83333333   -0.11610415   -0.11645755   -0.03529589
    8.91666667   -0.11530001   -0.11566343   -0.03357556
    9.00000000   -0.11450514   -0.11488234   -0.03193131
    9.08333333   -0.11371939   -0.11411192   -0.03035906
    9.16666667   -0.11294264   -0.11334847   -0.02885501
    9.25000000   -0.11217477   -0.11258925   -0.02741560
    9.33333333   -0.11141565   -0.11183414   -0.02603748
    9.41666667   -0.11066514   -0.11108561   -0.02471747
    9.50000000   -0.10992314   -0.11034702   -0.02345265
    9.58333333   -0.10918952   -0.10962036   -0.02224020
    9.66666667   -0.10846415   -0.10890493   -0.02107751
    9.75000000   -0.10774693   -0.10819774   -0.01996212
    9.83333333   -0.10703773   -0.10749535   -0.01889170
    9.91666667   -0.10633644   -0.10679603   -0.01786405
   10.00000000   -0.10564295   -0.10610078   -0.01687712
   10.08333333   -0.10495714   -0.10541256   -0.01592896
   10.16666667   -0.10427889   -0.10473431   -0.01501771
   10.25000000   -0.10360812   -0.10406700   -0.01414166
   10.33333333   -0.10294471   -0.10340893   -0.01329916
   10.41666667   -0.10228854   -0.10275678   -0.01248865
   10.50000000   -0.10163952   -0.10210771   -0.01170869
   10.58333333   -0.10099755   -0.10146108   -0.01095787
   10.66666667   -0.10036252   -0.10081880   -0.01023488
   10.75000000   -0.09973434   -0.10018400   -0.00953850
   10.83333333   -0.09911290   -0.09955893   -0.00886753
   10.91666667   -0.09849811   -0.09894349   -0.00822086
   11.00000000   -0.09788988   -0.09833518   -0.00759744
   11.08333333   -0.09728810   -0.09773074   -0.00699626
   11.16666667   -0.09669270   -0.09712811   -0.00641636
   11.25000000   -0.09610357   -0.09652776   -0.00585686
   11.33333333   -0.09552064   -0.09593224   -0.00531689
   11.41666667   -0.09494380   -0.09534453   -0.00479563
   11.50000000   -0.09437299   -0.09476600   -0.00429231
   11.58333333   -0.09380810   -0.09419550   -0.00380619
   11.66666667   -0.09324906   -0.09363005   -0.00333657
   11.75000000   -0.09269579   -0.09306669   -0.00288278
   11.83333333   -0.09214820   -0.09250437   -0.00244420
   11.91666667   -0.09160621   -0.09194454   -0.00202020
   12.00000000   -0.09106975   -0.09139013   -0.00161022
   12.08333333   -0.09053874   -0.09084363   -0.00121371
   12.16666667   -0.09001309   -0.09030539   -0.00083014
   12.25000000   -0.08949275   -0.08977338   -0.00045901
   12.33333333   -0.08897763   -0.08924440   -0.00009985
   12.41666667   -0.08846767   -0.08871614    0.00024780
   12.50000000   -0.08796278   -0.08818860    0.00058438
   12.58333333   -0.08746291   -0.08766402    0.00091029
   12.66666667   -0.08696798   -0.08714542    0.00122595
   12.75000000   -0.08647793   -0.08663451    0.00153172
   12.83333333   -0.08599268   -0.08613061    0.00182796
   12.91666667   -0.08551218   -0.08563096    0.00211504
   13.00000000   -0.08503636   -0.08513252    0.00239327
   13.08333333   -0.08456515   -0.08463383    0.00266298
   13.16666667   -0.08409849   -0.08413593    0.00292447
   13.25000000   -0.08363633   -0.08364166    0.00317803
   13.33333333   -0.08317860   -0.08315373    0.00342394
   13.41666667   -0.08272523   -0.08267290    0.00366247
   13.50000000   -0.08227619   -0.08219748    0.00389387
   13.58333333   -0.08183140   -0.08172428    0.00411840
   13.66666667   -0.08139081   -0.08125070    0.00433628
   13.75000000   -0.08095436   -0.08077633    0.00454775
   13.83333333   -0.08052201   -0.08030316    0.00475302
   13.91666667   -0.08009368   -0.07983431    0.00495230
   14.00000000   -0.07966934   -0.07937185    0.00514578
   14.08333333   -0.07924894   -0.07891549    0.00533367
   14.16666667   -0.07883241   -0.07846261    0.00551615
   14.25000000   -0.07841971   -0.07800993    0.00569339
   14.33333333   -0.07801079   -0.07755560    0.00586556
   14.41666667   -0.07760559   -0.07710033    0.00603284
   14.50000000   -0.07720409   -0.07664690    0.00619537
   14.58333333   -0.07680621   -0.07619835    0.00635331
   14.66666667   -0.07641193   -0.07575586    0.00650681
   14.75000000   -0.07602118   -0.07531795    0.00665601
   14.83333333   -0.07563394   -0.07488133    0.00680104
   14.91666667   -0.07525015   -0.07444297    0.00694203
   15.00000000   -0.07486976   -0.07400201    0.00707910
   15.08333333   -0.07449275   -0.07356032    0.00721239
   15.16666667   -0.07411905   -0.07312122    0.00734201
   15.25000000   -0.07374864   -0.07268726    0.00746806
   15.33333333   -0.07338148   -0.07225848    0.00759066
   15.41666667   -0.07301751   -0.07183224    0.00770991
   15.50000000   -0.07265670   -0.07140485    0.00782591
   15.58333333   -0.07229902   -0.07097388    0.00793876
   15.66666667   -0.07194441   -0.07053971    0.00804856
   15.75000000   -0.07159286   -0.07010529    0.00815539
   15.83333333   -0.07124431   -0.06967412    0.00825935
   15.91666667   -0.07089873   -0.06924789    0.00836051
   16.00000000   -0.07055610   -0.06882525    0.00845895
   16.08333333   -0.07021635   -0.06840250    0.00855477
   16.16666667   -0.06987948   -0.06797589    0.00864802
   16.25000000   -0.06954543   -0.06754398    0.00873879
   16.33333333   -0.06921418   -0.06710858    0.00882715
   16.41666667   -0.06888570   -0.06667352    0.00891317
   16.50000000   -0.06855994   -0.06624206    0.00899690
   16.58333333   -0.06823687   -0.06581462    0.00907843
   16.66666667   -0.06791648   -0.06538824    0.00915780
   16.75000000   -0.06759871   -0.06495833    0.00923508
   16.83333333   -0.06728355   -0.06452149    0.00931033
   16.91666667   -0.06697097   -0.06407770    0.00938360
   17.00000000   -0.06666091   -0.06363031    0.00945495
   17.08333333   -0.06635338   -0.06318376    0.00952443
   17.16666667   -0.06604833   -0.06274056    0.00959209
   17.25000000   -0.06574572   -0.06229929    0.00965799
   17.33333333   -0.06544555   -0.06185522    0.00972216
   17.41666667   -0.06514777   -0.06140307    0.00978465
   17.50000000   -0.06485236   -0.06094035    0.00984552
   17.58333333   -0.06455929   -0.06046892    0.00990480
   17.66666667   -0.06426855   -0.05999376    0.00996254
   17.75000000   -0.06398008   -0.05951958    0.01001877
   17.83333333   -0.06369388   -0.05904733    0.01007354
   17.91666667   -0.06340993   -0.05857307    0.01012688
   18.00000000   -0.06312818   -0.05808999    0.01017884
   18.08333333   -0.06284861   -0.05759248    0.01022944
   18.16666667   -0.06257122   -0.05707966    0.01027873
   18.25000000   -0.06229596   -0.05655604    0.01032673
   18.33333333   -0.06202281   -0.05602846    0.01037349
   18.41666667   -0.06175176   -0.05550128    0.01041903
   18.50000000   -0.06148278   -0.05497273    0.01046338
   18.58333333   -0.06121583   -0.05443511    0.01050658
   18.66666667   -0.06095092   -0.05387895    0.01054864
   18.75000000   -0.06068800   -0.05329888    0.01058961
   18.83333333   -0.06042706   -0.05269733    0.01062951
   18.91666667   -0.06016809   -0.05208332    0.01066837
   19.00000000   -0.05991104   -0.05146667    0.01070621
   19.08333333   -0.05965591   -0.05085079    0.01074305
   19.16666667   -0.05940268   -0.05022888    0.01077893
   19.25000000   -0.05915131   -0.04958654    0.01081386
   19.33333333   -0.05890180   -0.04891032    0.01084787
   19.41666667   -0.05865413   -0.04819749    0.01088099
   19.50000000   -0.05840827   -0.04746094    0.01091323
   19.58333333   -0.05816420   -0.04672491    0.01094461
   19.66666667   -0.05792192   -0.04601219    0.01097516
   19.75000000   -0.05768138   -0.04532851    0.01100489
   19.83333333   -0.05744259   -0.04465234    0.01103384
   19.91666667   -0.05720552   -0.04393680    0.01106200
   20.00000000   -0.05697015   -0.04312448    0.01108941
