  -20.00000000    0.07316738    0.04442839    0.01948720
  -19.91666667    0.07346335    0.04527437    0.01959258
  -19.83333333    0.07376172    0.04602382    0.01969893
  -19.75000000    0.07406255    0.04673150    0.01980628
  -19.66666667    0.07436584    0.04744226    0.01991464
  -19.58333333    0.07467162    0.04817686    0.02002402
  -19.50000000    0.07497994    0.04893023    0.02013444
  -19.41666667    0.07529082    0.04968125    0.02024592
  -19.33333333    0.07560428    0.05040763    0.02035846
  -19.25000000    0.07592037    0.05109793    0.02047209
  -19.16666667    0.07623911    0.05175539    0.02058682
  -19.08333333    0.07656053    0.05239306    0.02070266
  -19.00000000    0.07688467    0.05302442    0.02081963
  -18.91666667    0.07721156    0.05365551    0.02093775
  -18.83333333    0.07754123    0.05428271    0.02105703
  -18.75000000    0.07787372    0.05489667    0.02117750
  -18.66666667    0.07820906    0.05548921    0.02129916
  -18.58333333    0.07854728    0.05605862    0.02142204
  -18.50000000    0.07888844    0.05661049    0.02154616
  -18.41666667    0.07923255    0.05715386    0.02167152
  -18.33333333    0.07957965    0.05769572    0.02179816
  -18.25000000    0.07992980    0.05823720    0.02192609
  -18.16666667    0.08028301    0.05877380    0.02205533
  -18.08333333    0.08063933    0.05929907    0.02218590
  -18.00000000    0.08099880    0.05980921    0.02231782
  -17.91666667    0.08136147    0.06030567    0.02245111
  -17.83333333    0.08172735    0.06079416    0.02258579
  -17.75000000    0.08209652    0.06128108    0.02272189
  -17.66666667    0.08246900    0.06176970    0.02285943
  -17.58333333    0.08284482    0.06225855    0.02299842
  -17.50000000    0.08322405    0.06274288    0.02313889
  -17.41666667    0.08360673    0.06321815    0.02328087
  -17.33333333    0.08399288    0.06368316    0.02342438
  -17.25000000    0.08438257    0.06414089    0.02356944
  -17.16666667    0.08477584    0.06459660    0.02371608
  -17.08333333    0.08517272    0.06505456    0.02386432
  -17.00000000    0.08557329    0.06551554    0.02401420
  -16.91666667    0.08597758    0.06597662    0.02416573
  -16.83333333    0.08638562    0.06643342    0.02431895
  -16.75000000    0.08679750    0.06688311    0.02447387
  -16.66666667    0.08721324    0.06732635    0.02463054
  -16.58333333    0.08763289    0.06776691    0.02478898
  -16.50000000    0.08805653    0.06820926    0.02494922
  -16.41666667    0.08848420    0.06865581    0.02511129
  -16.33333333    0.08891593    0.06910554    0.02527521
  -16.25000000    0.08935181    0.06955487    0.02544103
  -16.16666667    0.08979188    0.07000016    0.02560878
  -16.08333333    0.09023618    0.07044020    0.02577848
  -16.00000000    0.09068481    0.07087702    0.02595018
  -15.91666667    0.09113779    0.07131464    0.02612390
  -15.83333333    0.09159520    0.07175649    0.02629969
  -15.75000000    0.09205708    0.07220333    0.02647757
  -15.66666667    0.09252351    0.07265289    0.02665759
  -15.58333333    0.09299456    0.07310148    0.02683979
  -15.50000000    0.09347027    0.07354649    0.02702420
  -15.41666667    0.09395071    0.07398818    0.02721086
  -15.33333333    0.09443596    0.07442952    0.02739982
  -15.25000000    0.09492607    0.07487433    0.02759111
  -15.16666667    0.09542112    0.07532485    0.02778479
  -15.08333333    0.09592118    0.07578040    0.02798089
  -15.00000000    0.09642631    0.07623792    0.02817946
  -14.91666667    0.09693658    0.07669406    0.02838054
  -14.83333333    0.09745207    0.07714741    0.02858419
  -14.75000000    0.09797285    0.07759949    0.02879044
  -14.66666667    0.09849900    0.07805382    0.02899936
  -14.58333333    0.09903059    0.07851363    0.02921100
  -14.50000000    0.09956770    0.07897989    0.02942539
  -14.41666667    0.10011040    0.07945074    0.02964261
  -14.33333333    0.10065879    0.07992277    0.02986270
  -14.25000000    0.10121293    0.08039331    0.03008572
  -14.16666667    0.10177290    0.08086222    0.03031174
  -14.08333333    0.10233881    0.08133205    0.03054080
  -14.00000000    0.10291072    0.08180640    0.03077297
  -13.91666667    0.10348873    0.08228769    0.03100831
  -13.83333333    0.10407292    0.08277560    0.03124689
  -13.75000000    0.10466338    0.08326738    0.03148878
  -13.66666667    0.10526020    0.08375968    0.03173404
  -13.58333333    0.10586348    0.08425078    0.03198274
  -13.50000000    0.10647331    0.08474180    0.03223496
  -13.41666667    0.10708977    0.08523596    0.03249076
  -13.33333333    0.10771298    0.08573662    0.03275023
  -13.25000000    0.10834302    0.08624513    0.03301345
  -13.16666667    0.10897999    0.08675999    0.03328049
  -13.08333333    0.10962400    0.08727791    0.03355143
  -13.00000000    0.11027515    0.08779598    0.03382637
  -12.91666667    0.11093354    0.08831361    0.03410539
  -12.83333333    0.11159928    0.08883300    0.03438859
  -12.75000000    0.11227247    0.08935775    0.03467604
  -12.66666667    0.11295322    0.08989062    0.03496786
  -12.58333333    0.11364165    0.09043176    0.03526414
  -12.50000000    0.11433786    0.09097870    0.03556497
  -12.41666667    0.11504196    0.09152795    0.03587048
  -12.33333333    0.11575408    0.09207736    0.03618076
  -12.25000000    0.11647431    0.09262756    0.03649592
  -12.16666667    0.11720280    0.09318162    0.03681608
  -12.08333333    0.11793965    0.09374316    0.03714137
  -12.00000000    0.11868498    0.09431402    0.03747190
  -11.91666667    0.11943891    0.09489318    0.03780780
  -11.83333333    0.12020158    0.09547740    0.03814920
  -11.75000000    0.12097309    0.09606341    0.03849623
  -11.66666667    0.12175359    0.09665006    0.03884903
  -11.58333333    0.12254320    0.09723918    0.03920776
  -11.50000000    0.12334204    0.09783445    0.03957255
  -11.41666667    0.12415024    0.09843909    0.03994356
  -11.33333333    0.12496795    0.09905387    0.04032096
  -11.25000000    0.12579528    0.09967661    0.04070490
  -11.16666667    0.12663238    0.10030367    0.04109555
  -11.08333333    0.12747938    0.10093234    0.04149309
  -11.00000000    0.12833641    0.10156266    0.04189771
  -10.91666667    0.12920360    0.10219753    0.04230959
  -10.83333333    0.13008112    0.10284088    0.04272893
  -10.75000000    0.13096907    0.10349524    0.04315593
  -10.66666667    0.13186761    0.10416013    0.04359080
  -10.58333333    0.13277687    0.10483243    0.04403376
  -10.50000000    0.13369700    0.10550843    0.04448504
  -10.41666667    0.13462812    0.10618631    0.04494487
  -10.33333333    0.13557039    0.10686739    0.04541350
  -10.25000000    0.13652393    0.10755542    0.04589117
  -10.16666667    0.13748889    0.10825423    0.04637815
  -10.08333333    0.13846542    0.10896534    0.04687473
  -10.00000000    0.13945363    0.10968700    0.04738117
   -9.91666667    0.14045368    0.11041539    0.04789777
   -9.83333333    0.14146569    0.11114712    0.04842486
   -9.75000000    0.14248979    0.11188154    0.04896273
   -9.66666667    0.14352613    0.11262125    0.04951172
   -9.58333333    0.14457483    0.11337054    0.05007220
   -9.50000000    0.14563600    0.11413275    0.05064451
   -9.41666667    0.14670977    0.11490814    0.05122904
   -9.33333333    0.14779629    0.11569378    0.05182618
   -9.25000000    0.14889563    0.11648549    0.05243633
   -9.16666667    0.15000793    0.11728059    0.05305993
   -9.08333333    0.15113329    0.11807978    0.05369744
   -9.00000000    0.15227180    0.11888680    0.05434931
   -8.91666667    0.15342356    0.11970615    0.05501604
   -8.83333333    0.15458868    0.12054029    0.05569815
   -8.75000000    0.15576720    0.12138806    0.05639616
   -8.66666667    0.15695921    0.12224553    0.05711064
   -8.58333333    0.15816479    0.12310854    0.05784219
   -8.50000000    0.15938396    0.12397550    0.05859142
   -8.41666667    0.16061678    0.12484857    0.05935897
   -8.33333333    0.16186329    0.12573238    0.06014555
   -8.25000000    0.16312348    0.12663123    0.06095184
   -8.16666667    0.16439737    0.12754632    0.06177862
   -8.08333333    0.16568496    0.12847507    0.06262668
   -8.00000000    0.16698620    0.12941279    0.06349684
   -7.91666667    0.16830105    0.13035578    0.06438999
   -7.83333333    0.16962945    0.13130386    0.06530705
   -7.75000000    0.17097132    0.13226060    0.06624900
   -7.66666667    0.17232654    0.13323125    0.06721687
   -7.58333333    0.17369499    0.13421939    0.06821174
   -7.50000000    0.17507651    0.13522472    0.06923479
   -7.41666667    0.17647092    0.13624325    0.07028721
   -7.33333333    0.17787800    0.13726991    0.07137030
   -7.25000000    0.17929753    0.13830190    0.07248544
   -7.16666667    0.18072921    0.13934066    0.07363408
   -7.08333333    0.18217274    0.14039110    0.07481774
   -7.00000000    0.18362777    0.14145858    0.07603809
   -6.91666667    0.18509393    0.14254553    0.07729686
   -6.83333333    0.18657076    0.14364989    0.07859590
   -6.75000000    0.18805782    0.14476644    0.07993720
   -6.66666667    0.18955457    0.14589014    0.08132288
   -6.58333333    0.19106045    0.14701955    0.08275518
   -6.50000000    0.19257485    0.14815784    0.08423654
   -6.41666667    0.19409710    0.14931097    0.08576953
   -6.33333333    0.19562645    0.15048388    0.08735692
   -6.25000000    0.19716213    0.15167736    0.08900171
   -6.16666667    0.19870330    0.15288744    0.09070709
   -6.08333333    0.20024903    0.15410790    0.09247650
   -6.00000000    0.20179838    0.15533424    0.09431367
   -5.91666667    0.20335028    0.15656671    0.09622260
   -5.83333333    0.20490364    0.15781023    0.09820762
   -5.75000000    0.20645728    0.15907133    0.10027343
   -5.66666667    0.20800997    0.16035389    0.10242514
   -5.58333333    0.20956037    0.16165653    0.10466824
   -5.50000000    0.21110713    0.16297329    0.10700879
   -5.41666667    0.21264879    0.16429726    0.10945333
   -5.33333333    0.21418383    0.16562495    0.11200902
   -5.25000000    0.21571070    0.16695855    0.11468372
   -5.16666667    0.21722774    0.16830449    0.11748603
   -5.08333333    0.21873328    0.16966919    0.12042537
   -5.00000000    0.22022560    0.17105466    0.12351219
   -4.91666667    0.22170291    0.17245678    0.12675796
   -4.83333333    0.22316341    0.17386744    0.13017538
   -4.75000000    0.22460530    0.17527939    0.13377859
   -4.66666667    0.22602675    0.17669051    0.13758325
   -4.58333333    0.22742594    0.17810495    0.14160684
   -4.50000000    0.22880109    0.17953006    0.14586898
   -4.41666667    0.23015045    0.18097112    0.15039158
   -4.33333333    0.23147232    0.18242709    0.15519935
   -4.25000000    0.23276514    0.18389030    0.16032021
   -4.16666667    0.23402739    0.18535026    0.16578577
   -4.08333333    0.23525772    0.18679946    0.17163193
   -4.00000000    0.23645492    0.18823720    0.17789980
   -3.91666667    0.23761796    0.18966911    0.18463637
   -3.83333333    0.23874602    0.19110224    0.19189582
   -3.75000000    0.23983849    0.19253891    0.19974070
   -3.66666667    0.24089501    0.19397320    0.20824374
   -3.58333333    0.24191544    0.19539240    0.21748986
   -3.50000000    0.24289991    0.19678279    0.22757860
   -3.41666667    0.24384876    0.19813603    0.23862745
   -3.33333333    0.24476257    0.19945205    0.25077582
   -3.25000000    0.24564205    0.20073630    0.26418997
   -3.16666667    0.24648802    0.20199284    0.27906959
   -3.08333333    0.24730126    0.20321763    0.29565593
   -3.00000000    0.24808244    0.20439622    0.31424210
   -2.91666667    0.24883186    0.20550770    0.33518678
   -2.83333333    0.24954925    0.20653250    0.35893130
   -2.75000000    0.25023348    0.20745909    0.38602129
   -2.66666667    0.25088212    0.20828499    0.41713447
   -2.58333333    0.25149107    0.20901111    0.45311386
   -2.50000000    0.25205391    0.20963252    0.49500520
   -2.41666667    0.25256129    0.21013145    0.54409437
   -2.33333333    0.25300011    0.21047721    0.60192655
   -2.25000000    0.25335263    0.21063335    0.67026797
   -2.16666667    0.25359546    0.21056781    0.75092069
   -2.08333333    0.25369839    0.21025931    0.84519360
   -2.00000000    0.25362317    0.20969542    0.95265904
   -1.91666667    0.25332223    0.20886267    1.06863540
   -1.83333333    0.25273740    0.20773461    1.18004497
   -1.75000000    0.25179875    0.20626527    1.26123972
   -1.66666667    0.25042365    0.20439284    1.27633210
   -1.58333333    0.24851625    0.20205200    1.19709871
   -1.50000000    0.24596752    0.19918736    1.02927718
   -1.41666667    0.24265631    0.19575915    0.81553017
   -1.33333333    0.23845138    0.19173652    0.60567223
   -1.25000000    0.23321500    0.18708165    0.42962117
   -1.16666667    0.22680814    0.18173440    0.29499371
   -1.08333333    0.21909740    0.17560856    0.19720802
   -1.00000000    0.20996352    0.16860430    0.12810681
   -0.91666667    0.19931130    0.16063188    0.08001846
   -0.83333333    0.18707990    0.15163296    0.04692630
   -0.75000000    0.17325281    0.14158571    0.02445120
   -0.66666667    0.15786596    0.13048775    0.00950504
   -0.58333333    0.14101285    0.11832478   -0.00006569
   -0.50000000    0.12284552    0.10504394   -0.00576148
   -0.41666667    0.10357045    0.09055292   -0.00863238
   -0.33333333    0.08343977    0.07475592   -0.00941807
   -0.25000000    0.06273818    0.05761877   -0.00864340
   -0.16666667    0.04176723    0.03923884   -0.00668329
   -0.08333333    0.02082861    0.01988733   -0.00380699
    0.00000000    0.00020847    0.00000000    0.00020847
    0.08333333   -0.01983565   -0.01988733   -0.00397252
    0.16666667   -0.03908441   -0.03923884   -0.00863581
    0.25000000   -0.05736205   -0.05761877   -0.01371039
    0.33333333   -0.07453813   -0.07475592   -0.01914706
    0.41666667   -0.09052583   -0.09055292   -0.02491317
    0.50000000   -0.10527805   -0.10504394   -0.03098879
    0.58333333   -0.11878187   -0.11832478   -0.03736393
    0.66666667   -0.13105243   -0.13048775   -0.04403654
    0.75000000   -0.14212669   -0.14158571   -0.05101100
    0.83333333   -0.15205769   -0.15163296   -0.05829705
    0.91666667   -0.16090943   -0.16063188   -0.06590897
    1.00000000   -0.16875257   -0.16860430   -0.07386496
    1.08333333   -0.17566105   -0.17560856   -0.08218673
    1.16666667   -0.18170932   -0.18173440   -0.09089911
    1.25000000   -0.18697050   -0.18708165   -0.10002979
    1.33333333   -0.19151487   -0.19173652   -0.10960898
    1.41666667   -0.19540898   -0.19575915   -0.11966924
    1.50000000   -0.19871516   -0.19918736   -0.13024512
    1.58333333   -0.20149114   -0.20205200   -0.14137281
    1.66666667   -0.20379006   -0.20439284   -0.15308961
    1.75000000   -0.20566055   -0.20626527   -0.16543343
    1.83333333   -0.20714685   -0.20773461   -0.17844184
    1.91666667   -0.20828910   -0.20886267   -0.19215105
    2.00000000   -0.20912360   -0.20969542   -0.20659456
    2.08333333   -0.20968312   -0.21025931   -0.22180126
    2.16666667   -0.20999716   -0.21056781   -0.23779335
    2.25000000   -0.21009226   -0.21063335   -0.25458326
    2.33333333   -0.20999229   -0.21047721   -0.27217051
    2.41666667   -0.20971869   -0.21013145   -0.29053749
    2.50000000   -0.20929070   -0.20963252   -0.30964445
    2.58333333   -0.20872559   -0.20901111   -0.32942444
    2.66666667   -0.20803888   -0.20828499   -0.34977722
    2.75000000   -0.20724450   -0.20745909   -0.37056298
    2.83333333   -0.20635495   -0.20653250   -0.39159688
    2.91666667   -0.20538144   -0.20550770   -0.41264409
    3.00000000   -0.20433409   -0.20439622   -0.43341671
    3.08333333   -0.20322194   -0.20321763   -0.45357423
    3.16666667   -0.20205315   -0.20199284   -0.47272773
    3.25000000   -0.20083505   -0.20073630   -0.49044933
    3.33333333   -0.19957423   -0.19945205   -0.50628821
    3.41666667   -0.19827661   -0.19813603   -0.51979210
    3.50000000   -0.19694754   -0.19678279   -0.53053384
    3.58333333   -0.19559182   -0.19539240   -0.53814121
    3.66666667   -0.19421377   -0.19397320   -0.54232599
    3.75000000   -0.19281728   -0.19253891   -0.54290896
    3.83333333   -0.19140586   -0.19110224   -0.53983717
    3.91666667   -0.18998265   -0.18966911   -0.53319024
    4.00000000   -0.18855051   -0.18823720   -0.52317506
    4.08333333   -0.18711198   -0.18679946   -0.51010898
    4.16666667   -0.18566936   -0.18535026   -0.49439495
    4.25000000   -0.18422472   -0.18389030   -0.47649088
    4.33333333   -0.18277990   -0.18242709   -0.45687929
    4.41666667   -0.18133658   -0.18097112   -0.43603869
    4.50000000   -0.17989625   -0.17953006   -0.41441990
    4.58333333   -0.17846024   -0.17810495   -0.39243000
    4.66666667   -0.17702977   -0.17669051   -0.37042163
    4.75000000   -0.17560588   -0.17527939   -0.34868819
    4.83333333   -0.17418953   -0.17386744   -0.32746486
    4.91666667   -0.17278159   -0.17245678   -0.30693178
    5.00000000   -0.17138278   -0.17105466   -0.28721952
    5.08333333   -0.16999379   -0.16966919   -0.26841651
    5.16666667   -0.16861521   -0.16830449   -0.25057577
    5.25000000   -0.16724753   -0.16695855   -0.23372137
    5.33333333   -0.16589122   -0.16562495   -0.21785523
    5.41666667   -0.16454668   -0.16429726   -0.20296212
    5.50000000   -0.16321422   -0.16297329   -0.18901400
    5.58333333   -0.16189416   -0.16165653   -0.17597427
    5.66666667   -0.16058674   -0.16035389   -0.16380048
    5.75000000   -0.15929215   -0.15907133   -0.15244649
    5.83333333   -0.15801057   -0.15781023   -0.14186472
    5.91666667   -0.15674214   -0.15656671   -0.13200726
    6.00000000   -0.15548696   -0.15533424   -0.12282676
    6.08333333   -0.15424511   -0.15410790   -0.11427742
    6.16666667   -0.15301665   -0.15288744   -0.10631531
    6.25000000   -0.15180161   -0.15167736   -0.09889859
    6.33333333   -0.15060000   -0.15048388   -0.09198788
    6.41666667   -0.14941182   -0.14931097   -0.08554626
    6.50000000   -0.14823703   -0.14815784   -0.07953913
    6.58333333   -0.14707561   -0.14701955   -0.07393441
    6.66666667   -0.14592752   -0.14589014   -0.06870231
    6.75000000   -0.14479266   -0.14476644   -0.06381517
    6.83333333   -0.14367099   -0.14364989   -0.05924750
    6.91666667   -0.14256242   -0.14254553   -0.05497576
    7.00000000   -0.14146685   -0.14145858   -0.05097818
    7.08333333   -0.14038418   -0.14039110   -0.04723476
    7.16666667   -0.13931432   -0.13934066   -0.04372705
    7.25000000   -0.13825713   -0.13830190   -0.04043803
    7.33333333   -0.13721252   -0.13726991   -0.03735206
    7.41666667   -0.13618036   -0.13624325   -0.03445474
    7.50000000   -0.13516051   -0.13522472   -0.03173275
    7.58333333   -0.13415286   -0.13421939   -0.02917388
    7.66666667   -0.13315727   -0.13323125   -0.02676685
    7.75000000   -0.13217360   -0.13226060   -0.02450123
    7.83333333   -0.13120171   -0.13130386   -0.02236743
    7.91666667   -0.13024148   -0.13035578   -0.02035660
    8.00000000   -0.12929275   -0.12941279   -0.01846055
    8.08333333   -0.12835539   -0.12847507   -0.01667171
    8.16666667   -0.12742924   -0.12754632   -0.01498307
    8.25000000   -0.12651419   -0.12663123   -0.01338820
    8.33333333   -0.12561007   -0.12573238   -0.01188107
    8.41666667   -0.12471674   -0.12484857   -0.01045611
    8.50000000   -0.12383408   -0.12397550   -0.00910822
    8.58333333   -0.12296192   -0.12310854   -0.00783259
    8.66666667   -0.12210012   -0.12224553   -0.00662477
    8.75000000   -0.12124856   -0.12138806   -0.00548067
    8.83333333   -0.12040709   -0.12054029   -0.00439643
    8.91666667   -0.11957555   -0.11970615   -0.00336848
    9.00000000   -0.11875384   -0.11888680   -0.00239353
    9.08333333   -0.11794179   -0.11807978   -0.00146845
    9.16666667   -0.11713927   -0.11728059   -0.00059036
    9.25000000   -0.11634616   -0.11648549    0.00024341
    9.33333333   -0.11556231   -0.11569378    0.00103540
    9.41666667   -0.11478759   -0.11490814    0.00178795
    9.50000000   -0.11402188   -0.11413275    0.00250326
    9.58333333   -0.11326504   -0.11337054    0.00318337
    9.66666667   -0.11251694   -0.11262125    0.00383022
    9.75000000   -0.11177747   -0.11188154    0.00444561
    9.83333333   -0.11104649   -0.11114712    0.00503121
    9.91666667   -0.11032387   -0.11041539    0.00558864
   10.00000000   -0.10960950   -0.10968700    0.00611935
   10.08333333   -0.10890327   -0.10896534    0.00662475
   10.16666667   -0.10820504   -0.10825423    0.00710616
   10.25000000   -0.10751471   -0.10755542    0.00756480
   10.33333333   -0.10683215   -0.10686739    0.00800183
   10.41666667   -0.10615725   -0.10618631    0.00841836
   10.50000000   -0.10548991   -0.10550843    0.00881539
   10.58333333   -0.10483002   -0.10483243    0.00919391
   10.66666667   -0.10417744   -0.10416013    0.00955482
   10.75000000   -0.10353210   -0.10349524    0.00989899
   10.83333333   -0.10289389   -0.10284088    0.01022722
   10.91666667   -0.10226268   -0.10219753    0.01054030
   11.00000000   -0.10163839   -0.10156266    0.01083893
   11.08333333   -0.10102092   -0.10093234    0.01112381
   11.16666667   -0.10041015   -0.10030367    0.01139558
   11.25000000   -0.09980601   -0.09967661    0.01165486
   11.33333333   -0.09920839   -0.09905387    0.01190223
   11.41666667   -0.09861718   -0.09843909    0.01213823
   11.50000000   -0.09803232   -0.09783445    0.01236339
   11.58333333   -0.09745370   -0.09723918    0.01257819
   11.66666667   -0.09688123   -0.09665006    0.01278311
   11.75000000   -0.09631483   -0.09606341    0.01297859
   11.83333333   -0.09575440   -0.09547740    0.01316505
   11.91666667   -0.09519986   -0.09489318    0.01334290
   12.00000000   -0.09465113   -0.09431402    0.01351249
   12.08333333   -0.09410812   -0.09374316    0.01367421
   12.16666667   -0.09357075   -0.09318162    0.01382839
   12.25000000   -0.09303895   -0.09262756    0.01397536
   12.33333333   -0.09251263   -0.09207736    0.01411543
   12.41666667   -0.09199171   -0.09152795    0.01424889
   12.50000000   -0.09147612   -0.09097870    0.01437602
   12.58333333   -0.09096579   -0.09043176    0.01449709
   12.66666667   -0.09046063   -0.08989062    0.01461236
   12.75000000   -0.08996059   -0.08935775    0.01472206
   12.83333333   -0.08946558   -0.08883300    0.01482643
   12.91666667   -0.08897553   -0.08831361    0.01492569
   13.00000000   -0.08849038   -0.08779598    0.01502005
   13.08333333   -0.08801007   -0.08727791    0.01510971
   13.16666667   -0.08753451   -0.08675999    0.01519487
   13.25000000   -0.08706365   -0.08624513    0.01527569
   13.33333333   -0.08659742   -0.08573662    0.01535237
   13.41666667   -0.08613576   -0.08523596    0.01542506
   13.50000000   -0.08567861   -0.08474180    0.01549392
   13.58333333   -0.08522590   -0.08425078    0.01555912
   13.66666667   -0.08477757   -0.08375968    0.01562079
   13.75000000   -0.08433357   -0.08326738    0.01567907
   13.83333333   -0.08389383   -0.08277560    0.01573409
   13.91666667   -0.08345830   -0.08228769    0.01578599
   14.00000000   -0.08302693   -0.08180640    0.01583489
   14.08333333   -0.08259965   -0.08133205    0.01588090
   14.16666667   -0.08217640   -0.08086222    0.01592413
   14.25000000   -0.08175716   -0.08039331    0.01596470
   14.33333333   -0.08134184   -0.07992277    0.01600270
   14.41666667   -0.08093040   -0.07945074    0.01603823
   14.50000000   -0.08052280   -0.07897989    0.01607139
   14.58333333   -0.08011898   -0.07851363    0.01610227
   14.66666667   -0.07971889   -0.07805382    0.01613096
   14.75000000   -0.07932248   -0.07759949    0.01615753
   14.83333333   -0.07892971   -0.07714741    0.01618208
   14.91666667   -0.07854052   -0.07669406    0.01620467
   15.00000000   -0.07815488   -0.07623792    0.01622537
   15.08333333   -0.07777273   -0.07578040    0.01624427
   15.16666667   -0.07739402   -0.07532485    0.01626143
   15.25000000   -0.07701873   -0.07487433    0.01627691
   15.33333333   -0.07664680   -0.07442952    0.01629077
   15.41666667   -0.07627818   -0.07398818    0.01630308
   15.50000000   -0.07591285   -0.07354649    0.01631390
   15.58333333   -0.07555075   -0.07310148    0.01632327
   15.66666667   -0.07519184   -0.07265289    0.01633126
   15.75000000   -0.07483609   -0.07220333    0.01633791
   15.83333333   -0.07448345   -0.07175649    0.01634328
   15.91666667   -0.07413389   -0.07131464    0.01634741
   16.00000000   -0.07378737   -0.07087702    0.01635035
   16.08333333   -0.07344384   -0.07044020    0.01635214
   16.16666667   -0.07310329   -0.07000016    0.01635282
   16.25000000   -0.07276565   -0.06955487    0.01635244
   16.33333333   -0.07243091   -0.06910554    0.01635103
   16.41666667   -0.07209902   -0.06865581    0.01634864
   16.50000000   -0.07176995   -0.06820926    0.01634529
   16.58333333   -0.07144367   -0.06776691    0.01634103
   16.66666667   -0.07112014   -0.06732635    0.01633589
   16.75000000   -0.07079932   -0.06688311    0.01632990
   16.83333333   -0.07048119   -0.06643342    0.01632309
   16.91666667   -0.07016572   -0.06597662    0.01631549
   17.00000000   -0.06985286   -0.06551554    0.01630713
   17.08333333   -0.06954260   -0.06505456    0.01629805
   17.16666667   -0.06923490   -0.06459660    0.01628826
   17.25000000   -0.06892972   -0.06414089    0.01627780
   17.33333333   -0.06862704   -0.06368316    0.01626668
   17.41666667   -0.06832684   -0.06321815    0.01625494
   17.50000000   -0.06802907   -0.06274288    0.01624259
   17.58333333   -0.06773371   -0.06225855    0.01622967
   17.66666667   -0.06744074   -0.06176970    0.01621618
   17.75000000   -0.06715012   -0.06128108    0.01620216
   17.83333333   -0.06686183   -0.06079416    0.01618762
   17.91666667   -0.06657585   -0.06030567    0.01617259
   18.00000000   -0.06629214   -0.05980921    0.01615707
   18.08333333   -0.06601067   -0.05929907    0.01614110
   18.16666667   -0.06573144   -0.05877380    0.01612468
   18.25000000   -0.06545440   -0.05823720    0.01610784
   18.33333333   -0.06517952   -0.05769572    0.01609059
   18.41666667   -0.06490681   -0.05715386    0.01607294
   18.50000000   -0.06463621   -0.05661049    0.01605492
   18.58333333   -0.06436771   -0.05605862    0.01603654
   18.66666667   -0.06410129   -0.05548921    0.01601781
   18.75000000   -0.06383692   -0.05489667    0.01599875
   18.83333333   -0.06357458   -0.05428271    0.01597936
   18.91666667   -0.06331425   -0.05365551    0.01595967
   19.00000000   -0.06305590   -0.05302442    0.01593968
   19.08333333   -0.06279951   -0.05239306    0.01591942
   19.16666667   -0.06254508   -0.05175539    0.01589888
   19.25000000   -0.06229255   -0.05109793    0.01587808
   19.33333333   -0.06204193   -0.05040763    0.01585703
   19.41666667   -0.06179318   -0.04968125    0.01583575
   19.50000000   -0.06154630   -0.04893023    0.01581423
   19.58333333   -0.06130124   -0.04817686    0.01579250
   19.66666667   -0.06105802   -0.04744226    0.01577056
   19.75000000   -0.06081658   -0.04673150    0.01574843
   19.83333333   -0.06057692   -0.04602382    0.01572610
   19.91666667   -0.06033903   -0.04527437    0.01570359
   20.00000000   -0.06010288   -0.04442839    0.01568091
