  -20.00000000    0.08004600    0.04310080    0.01002997
  -19.91666667    0.08035787    0.04391238    0.01011306
  -19.83333333    0.08067228    0.04462724    0.01019694
  -19.75000000    0.08098929    0.04530274    0.01028162
  -19.66666667    0.08130890    0.04598574    0.01036712
  -19.58333333    0.08163116    0.04669777    0.01045344
  -19.50000000    0.08195610    0.04743313    0.01054060
  -19.41666667    0.08228375    0.04816905    0.01062862
  -19.33333333    0.08261412    0.04888129    0.01071749
  -19.25000000    0.08294728    0.04955694    0.01080724
  -19.16666667    0.08328325    0.05019870    0.01089787
  -19.08333333    0.08362205    0.05082000    0.01098941
  -19.00000000    0.08396373    0.05143524    0.01108186
  -18.91666667    0.08430832    0.05205128    0.01117523
  -18.83333333    0.08465585    0.05266472    0.01126954
  -18.75000000    0.08500636    0.05326578    0.01136481
  -18.66666667    0.08535989    0.05384538    0.01146105
  -18.58333333    0.08571647    0.05440109    0.01155826
  -18.50000000    0.08607615    0.05493823    0.01165648
  -18.41666667    0.08643895    0.05546626    0.01175570
  -18.33333333    0.08680492    0.05599291    0.01185595
  -18.25000000    0.08717410    0.05651998    0.01195724
  -18.16666667    0.08754653    0.05704315    0.01205959
  -18.08333333    0.08792224    0.05755558    0.01216302
  -18.00000000    0.08830129    0.05805274    0.01226753
  -17.91666667    0.08868371    0.05853545    0.01237315
  -17.83333333    0.08906953    0.05900929    0.01247989
  -17.75000000    0.08945882    0.05948108    0.01258778
  -17.66666667    0.08985161    0.05995480    0.01269683
  -17.58333333    0.09024793    0.06042952    0.01280705
  -17.50000000    0.09064785    0.06090059    0.01291847
  -17.41666667    0.09105141    0.06136299    0.01303110
  -17.33333333    0.09145864    0.06181484    0.01314497
  -17.25000000    0.09186961    0.06225858    0.01326009
  -17.16666667    0.09228435    0.06269946    0.01337649
  -17.08333333    0.09270292    0.06314223    0.01349417
  -17.00000000    0.09312536    0.06358835    0.01361318
  -16.91666667    0.09355173    0.06403537    0.01373352
  -16.83333333    0.09398207    0.06447885    0.01385522
  -16.75000000    0.09441645    0.06491541    0.01397831
  -16.66666667    0.09485491    0.06534505    0.01410280
  -16.58333333    0.09529749    0.06577110    0.01422871
  -16.50000000    0.09574427    0.06619815    0.01435607
  -16.41666667    0.09619529    0.06662918    0.01448492
  -16.33333333    0.09665060    0.06706384    0.01461526
  -16.25000000    0.09711028    0.06749890    0.01474712
  -16.16666667    0.09757437    0.06793053    0.01488055
  -16.08333333    0.09804293    0.06835689    0.01501554
  -16.00000000    0.09851602    0.06877936    0.01515215
  -15.91666667    0.09899371    0.06920165    0.01529039
  -15.83333333    0.09947605    0.06962747    0.01543029
  -15.75000000    0.09996310    0.07005823    0.01557188
  -15.66666667    0.10045494    0.07049226    0.01571519
  -15.58333333    0.10095162    0.07092611    0.01586026
  -15.50000000    0.10145320    0.07135681    0.01600711
  -15.41666667    0.10195976    0.07178395    0.01615577
  -15.33333333    0.10247137    0.07220988    0.01630629
  -15.25000000    0.10298808    0.07263829    0.01645868
  -15.16666667    0.10350997    0.07307182    0.01661299
  -15.08333333    0.10403712    0.07351049    0.01676925
  -15.00000000    0.10456958    0.07395181    0.01692750
  -14.91666667    0.10510744    0.07439246    0.01708777
  -14.83333333    0.10565077    0.07483056    0.01725010
  -14.75000000    0.10619964    0.07526690    0.01741453
  -14.66666667    0.10675412    0.07570447    0.01758110
  -14.58333333    0.10731430    0.07614655    0.01774985
  -14.50000000    0.10788025    0.07659465    0.01792083
  -14.41666667    0.10845206    0.07704764    0.01809406
  -14.33333333    0.10902980    0.07750254    0.01826961
  -14.25000000    0.10961354    0.07795657    0.01844751
  -14.16666667    0.11020339    0.07840897    0.01862781
  -14.08333333    0.11079942    0.07886154    0.01881056
  -14.00000000    0.11140170    0.07931751    0.01899580
  -13.91666667    0.11201034    0.07977950    0.01918359
  -13.83333333    0.11262543    0.08024788    0.01937397
  -13.75000000    0.11324703    0.08072060    0.01956700
  -13.66666667    0.11387525    0.08119461    0.01976274
  -13.58333333    0.11451018    0.08166788    0.01996123
  -13.50000000    0.11515190    0.08214077    0.02016254
  -13.41666667    0.11580052    0.08261583    0.02036671
  -13.33333333    0.11645613    0.08309621    0.02057383
  -13.25000000    0.11711881    0.08358364    0.02078393
  -13.16666667    0.11778868    0.08407740    0.02099709
  -13.08333333    0.11846582    0.08457484    0.02121338
  -13.00000000    0.11915034    0.08507315    0.02143286
  -12.91666667    0.11984233    0.08557127    0.02165559
  -12.83333333    0.12054191    0.08607056    0.02188165
  -12.75000000    0.12124915    0.08657405    0.02211112
  -12.66666667    0.12196418    0.08708444    0.02234406
  -12.58333333    0.12268710    0.08760249    0.02258056
  -12.50000000    0.12341801    0.08812652    0.02282068
  -12.41666667    0.12415701    0.08865360    0.02306453
  -12.33333333    0.12490423    0.08918147    0.02331217
  -12.25000000    0.12565976    0.08971009    0.02356370
  -12.16666667    0.12642370    0.09024170    0.02381920
  -12.08333333    0.12719619    0.09077943    0.02407878
  -12.00000000    0.12797731    0.09132535    0.02434251
  -11.91666667    0.12876718    0.09187915    0.02461050
  -11.83333333    0.12956593    0.09243842    0.02488286
  -11.75000000    0.13037365    0.09300025    0.02515968
  -11.66666667    0.13119045    0.09356319    0.02544107
  -11.58333333    0.13201647    0.09412824    0.02572715
  -11.50000000    0.13285179    0.09469826    0.02601802
  -11.41666667    0.13369654    0.09527620    0.02631381
  -11.33333333    0.13455084    0.09586326    0.02661464
  -11.25000000    0.13541479    0.09645811    0.02692063
  -11.16666667    0.13628850    0.09705787    0.02723191
  -11.08333333    0.13717210    0.09765999    0.02754863
  -11.00000000    0.13806567    0.09826397    0.02787091
  -10.91666667    0.13896935    0.09887179    0.02819890
  -10.83333333    0.13988325    0.09948667    0.02853276
  -10.75000000    0.14080745    0.10011105    0.02887263
  -10.66666667    0.14174208    0.10074512    0.02921867
  -10.58333333    0.14268724    0.10138669    0.02957106
  -10.50000000    0.14364303    0.10203269    0.02992995
  -10.41666667    0.14460954    0.10268121    0.03029553
  -10.33333333    0.14558690    0.10333284    0.03066799
  -10.25000000    0.14657517    0.10399034    0.03104751
  -10.16666667    0.14757445    0.10465697    0.03143429
  -10.08333333    0.14858485    0.10533443    0.03182853
  -10.00000000    0.14960642    0.10602183    0.03223045
   -9.91666667    0.15063925    0.10671631    0.03264027
   -9.83333333    0.15168344    0.10741495    0.03305822
   -9.75000000    0.15273902    0.10811675    0.03348453
   -9.66666667    0.15380607    0.10882334    0.03391946
   -9.58333333    0.15488465    0.10953809    0.03436326
   -9.50000000    0.15597479    0.11026394    0.03481620
   -9.41666667    0.15707655    0.11100163    0.03527856
   -9.33333333    0.15818995    0.11174925    0.03575063
   -9.25000000    0.15931501    0.11250353    0.03623270
   -9.16666667    0.16045174    0.11326202    0.03672511
   -9.08333333    0.16160016    0.11402481    0.03722817
   -9.00000000    0.16276022    0.11479452    0.03774222
   -8.91666667    0.16393191    0.11557479    0.03826763
   -8.83333333    0.16511522    0.11636796    0.03880478
   -8.75000000    0.16631005    0.11717366    0.03935403
   -8.66666667    0.16751634    0.11798906    0.03991581
   -8.58333333    0.16873402    0.11881081    0.04049054
   -8.50000000    0.16996296    0.11963726    0.04107867
   -8.41666667    0.17120303    0.12046967    0.04168065
   -8.33333333    0.17245410    0.12131150    0.04229699
   -8.25000000    0.17371596    0.12216632    0.04292818
   -8.16666667    0.17498843    0.12303557    0.04357476
   -8.08333333    0.17627130    0.12391767    0.04423731
   -8.00000000    0.17756426    0.12480914    0.04491640
   -7.91666667    0.17886707    0.12570687    0.04561266
   -7.83333333    0.18017938    0.12661028    0.04632673
   -7.75000000    0.18150084    0.12752183    0.04705930
   -7.66666667    0.18283107    0.12844556    0.04781110
   -7.58333333    0.18416961    0.12938460    0.04858287
   -7.50000000    0.18551600    0.13033921    0.04937542
   -7.41666667    0.18686972    0.13130667    0.05018959
   -7.33333333    0.18823018    0.13228310    0.05102627
   -7.25000000    0.18959678    0.13326601    0.05188640
   -7.16666667    0.19096884    0.13425611    0.05277097
   -7.08333333    0.19234563    0.13525697    0.05368103
   -7.00000000    0.19372637    0.13627285    0.05461770
   -6.91666667    0.19511021    0.13730607    0.05558215
   -6.83333333    0.19649622    0.13835553    0.05657562
   -6.75000000    0.19788343    0.13941745    0.05759946
   -6.66666667    0.19927079    0.14048791    0.05865506
   -6.58333333    0.20065715    0.14156541    0.05974392
   -6.50000000    0.20204134    0.14265208    0.06086765
   -6.41666667    0.20342206    0.14375239    0.06202794
   -6.33333333    0.20479795    0.14487041    0.06322660
   -6.25000000    0.20616756    0.14600724    0.06446559
   -6.16666667    0.20752935    0.14716027    0.06574697
   -6.08333333    0.20888171    0.14832491    0.06707296
   -6.00000000    0.21022294    0.14949755    0.06844595
   -5.91666667    0.21155122    0.15067804    0.06986849
   -5.83333333    0.21286468    0.15186989    0.07134332
   -5.75000000    0.21416134    0.15307818    0.07287341
   -5.66666667    0.21543915    0.15430625    0.07446196
   -5.58333333    0.21669596    0.15555360    0.07611238
   -5.50000000    0.21792956    0.15681604    0.07782842
   -5.41666667    0.21913766    0.15808840    0.07961411
   -5.33333333    0.22031789    0.15936781    0.08147381
   -5.25000000    0.22146786    0.16065568    0.08341229
   -5.16666667    0.22258510    0.16195680    0.08543472
   -5.08333333    0.22366712    0.16327629    0.08754674
   -5.00000000    0.22471142    0.16461618    0.08975453
   -4.91666667    0.22571551    0.16597389    0.09206486
   -4.83333333    0.22667690    0.16734360    0.09448512
   -4.75000000    0.22759318    0.16871985    0.09702350
   -4.66666667    0.22846200    0.17010086    0.09968900
   -4.58333333    0.22928110    0.17148962    0.10249155
   -4.50000000    0.23004841    0.17289180    0.10544221
   -4.41666667    0.23076200    0.17431181    0.10855321
   -4.33333333    0.23142021    0.17574948    0.11183820
   -4.25000000    0.23202162    0.17719954    0.11531248
   -4.16666667    0.23256515    0.17865441    0.11899315
   -4.08333333    0.23305009    0.18010846    0.12289944
   -4.00000000    0.23347620    0.18156109    0.12705314
   -3.91666667    0.23384369    0.18301657    0.13147883
   -3.83333333    0.23415339    0.18448053    0.13620456
   -3.75000000    0.23440669    0.18595529    0.14126227
   -3.66666667    0.23460573    0.18743704    0.14668866
   -3.58333333    0.23475335    0.18891678    0.15252602
   -3.50000000    0.23485322    0.19038447    0.15882322
   -3.41666667    0.23490986    0.19183391    0.16563719
   -3.33333333    0.23492867    0.19326505    0.17303453
   -3.25000000    0.23491598    0.19468211    0.18109353
   -3.16666667    0.23487903    0.19608849    0.18990692
   -3.08333333    0.23482596    0.19748162    0.19958515
   -3.00000000    0.23476577    0.19885109    0.21026064
   -2.91666667    0.23470822    0.20018142    0.22209344
   -2.83333333    0.23466368    0.20145779    0.23527842
   -2.75000000    0.23464293    0.20267113    0.25005461
   -2.66666667    0.23465692    0.20381895    0.26671803
   -2.58333333    0.23471636    0.20490118    0.28563830
   -2.50000000    0.23483126    0.20591321    0.30728100
   -2.41666667    0.23501031    0.20684054    0.33223831
   -2.33333333    0.23526014    0.20765844    0.36126972
   -2.25000000    0.23558433    0.20833718    0.39535635
   -2.16666667    0.23598229    0.20884932    0.43577277
   -2.08333333    0.23644774    0.20917444    0.48417497
   -2.00000000    0.23696711    0.20929742    0.54269406
   -1.91666667    0.23751740    0.20920092    0.61399501
   -1.83333333    0.23806391    0.20885609    0.70116741
   -1.75000000    0.23855749    0.20821737    0.80710352
   -1.66666667    0.23893161    0.20722485    0.93252527
   -1.58333333    0.23909922    0.20581295    1.07104918
   -1.50000000    0.23894963    0.20391989    1.19979415
   -1.41666667    0.23834572    0.20149121    1.27040256
   -1.33333333    0.23712204    0.19847408    1.22318393
   -1.25000000    0.23508432    0.19480497    1.04214807
   -1.16666667    0.23201136    0.19039807    0.78841534
   -1.08333333    0.22766022    0.18514277    0.54503909
   -1.00000000    0.22177571    0.17891363    0.35512380
   -0.91666667    0.21410500    0.17158869    0.22204878
   -0.83333333    0.20441727    0.16306623    0.13350442
   -0.75000000    0.19252789    0.15326953    0.07601826
   -0.66666667    0.17832466    0.14213627    0.03926808
   -0.58333333    0.16179260    0.12959919    0.01621033
   -0.50000000    0.14303278    0.11557316    0.00223121
   -0.41666667    0.12227028    0.09996428   -0.00566151
   -0.33333333    0.09984812    0.08270779   -0.00941566
   -0.25000000    0.07620610    0.06382700   -0.01031149
   -0.16666667    0.05184723    0.04349131   -0.00920014
   -0.08333333    0.02729686    0.02204678   -0.00665393
    0.00000000    0.00306143    0.00000000    0.00306143
    0.08333333   -0.02040691   -0.02204678   -0.00131172
    0.16666667   -0.04273514   -0.04349131   -0.00628329
    0.25000000   -0.06364222   -0.06382700   -0.01172855
    0.33333333   -0.08294051   -0.08270779   -0.01756294
    0.41666667   -0.10052847   -0.09996428   -0.02373041
    0.50000000   -0.11637782   -0.11557316   -0.03019542
    0.58333333   -0.13051811   -0.12959919   -0.03693740
    0.66666667   -0.14302134   -0.14213627   -0.04394688
    0.75000000   -0.15398785   -0.15326953   -0.05122277
    0.83333333   -0.16353477   -0.16306623   -0.05877040
    0.91666667   -0.17178678   -0.17158869   -0.06660009
    1.00000000   -0.17886935   -0.17891363   -0.07472614
    1.08333333   -0.18490412   -0.18514277   -0.08316606
    1.16666667   -0.19000584   -0.19039807   -0.09193992
    1.25000000   -0.19428067   -0.19480497   -0.10106999
    1.33333333   -0.19782538   -0.19847408   -0.11058016
    1.41666667   -0.20072722   -0.20149121   -0.12049565
    1.50000000   -0.20306419   -0.20391989   -0.13084265
    1.58333333   -0.20490556   -0.20581295   -0.14164780
    1.66666667   -0.20631259   -0.20722485   -0.15293771
    1.75000000   -0.20733926   -0.20821737   -0.16473848
    1.83333333   -0.20803302   -0.20885609   -0.17707485
    1.91666667   -0.20843550   -0.20920092   -0.18996939
    2.00000000   -0.20858321   -0.20929742   -0.20344152
    2.08333333   -0.20850815   -0.20917444   -0.21750615
    2.16666667   -0.20823835   -0.20884932   -0.23217228
    2.25000000   -0.20779842   -0.20833718   -0.24744105
    2.33333333   -0.20720990   -0.20765844   -0.26330391
    2.41666667   -0.20649173   -0.20684054   -0.27974021
    2.50000000   -0.20566056   -0.20591321   -0.29671442
    2.58333333   -0.20473100   -0.20490118   -0.31417367
    2.66666667   -0.20371596   -0.20381895   -0.33204468
    2.75000000   -0.20262679   -0.20267113   -0.35023076
    2.83333333   -0.20147352   -0.20145779   -0.36860961
    2.91666667   -0.20026501   -0.20018142   -0.38703107
    3.00000000   -0.19900911   -0.19885109   -0.40531590
    3.08333333   -0.19771276   -0.19748162   -0.42325622
    3.16666667   -0.19638211   -0.19608849   -0.44061727
    3.25000000   -0.19502265   -0.19468211   -0.45714120
    3.33333333   -0.19363921   -0.19326505   -0.47255364
    3.41666667   -0.19223612   -0.19183391   -0.48657227
    3.50000000   -0.19081723   -0.19038447   -0.49891762
    3.58333333   -0.18938594   -0.18891678   -0.50932590
    3.66666667   -0.18794530   -0.18743704   -0.51756243
    3.75000000   -0.18649804   -0.18595529   -0.52343471
    3.83333333   -0.18504657   -0.18448053   -0.52680431
    3.91666667   -0.18359303   -0.18301657   -0.52759557
    4.00000000   -0.18213937   -0.18156109   -0.52580072
    4.08333333   -0.18068727   -0.18010846   -0.52148042
    4.16666667   -0.17923829   -0.17865441   -0.51476000
    4.25000000   -0.17779375   -0.17719954   -0.50582130
    4.33333333   -0.17635488   -0.17574948   -0.49489182
    4.41666667   -0.17492275   -0.17431181   -0.48223175
    4.50000000   -0.17349830   -0.17289180   -0.46812010
    4.58333333   -0.17208237   -0.17148962   -0.45284214
    4.66666667   -0.17067571   -0.17010086   -0.43667777
    4.75000000   -0.16927897   -0.16871985   -0.41989183
    4.83333333   -0.16789272   -0.16734360   -0.40272773
    4.91666667   -0.16651747   -0.16597389   -0.38540259
    5.00000000   -0.16515364   -0.16461618   -0.36810461
    5.08333333   -0.16380162   -0.16327629   -0.35099304
    5.16666667   -0.16246175   -0.16195680   -0.33419876
    5.25000000   -0.16113427   -0.16065568   -0.31782584
    5.33333333   -0.15981944   -0.15936781   -0.30195460
    5.41666667   -0.15851746   -0.15808840   -0.28664412
    5.50000000   -0.15722846   -0.15681604   -0.27193495
    5.58333333   -0.15595259   -0.15555360   -0.25785245
    5.66666667   -0.15468995   -0.15430625   -0.24440924
    5.75000000   -0.15344059   -0.15307818   -0.23160734
    5.83333333   -0.15220457   -0.15186989   -0.21944079
    5.91666667   -0.15098193   -0.15067804   -0.20789728
    6.00000000   -0.14977265   -0.14949755   -0.19695949
    6.08333333   -0.14857673   -0.14832491   -0.18660684
    6.16666667   -0.14739416   -0.14716027   -0.17681628
    6.25000000   -0.14622487   -0.14600724   -0.16756310
    6.33333333   -0.14506883   -0.14487041   -0.15882188
    6.41666667   -0.14392598   -0.14375239   -0.15056691
    6.50000000   -0.14279622   -0.14265208   -0.14277245
    6.58333333   -0.14167948   -0.14156541   -0.13541335
    6.66666667   -0.14057568   -0.14048791   -0.12846513
    6.75000000   -0.13948470   -0.13941745   -0.12190406
    6.83333333   -0.13840644   -0.13835553   -0.11570745
    6.91666667   -0.13734080   -0.13730607   -0.10985370
    7.00000000   -0.13628765   -0.13627285   -0.10432214
    7.08333333   -0.13524687   -0.13525697   -0.09909332
    7.16666667   -0.13421835   -0.13425611   -0.09414886
    7.25000000   -0.13320195   -0.13326601   -0.08947136
    7.33333333   -0.13219754   -0.13228310   -0.08504455
    7.41666667   -0.13120500   -0.13130667   -0.08085314
    7.50000000   -0.13022417   -0.13033921   -0.07688272
    7.58333333   -0.12925494   -0.12938460   -0.07311989
    7.66666667   -0.12829716   -0.12844556   -0.06955206
    7.75000000   -0.12735068   -0.12752183   -0.06616743
    7.83333333   -0.12641538   -0.12661028   -0.06295502
    7.91666667   -0.12549112   -0.12570687   -0.05990453
    8.00000000   -0.12457774   -0.12480914   -0.05700634
    8.08333333   -0.12367512   -0.12391767   -0.05425147
    8.16666667   -0.12278310   -0.12303557   -0.05163148
    8.25000000   -0.12190156   -0.12216632   -0.04913858
    8.33333333   -0.12103036   -0.12131150   -0.04676541
    8.41666667   -0.12016934   -0.12046967   -0.04450507
    8.50000000   -0.11931839   -0.11963726   -0.04235121
    8.58333333   -0.11847736   -0.11881081   -0.04029779
    8.66666667   -0.11764611   -0.11798906   -0.03833918
    8.75000000   -0.11682451   -0.11717366   -0.03647017
    8.83333333   -0.11601243   -0.11636796   -0.03468580
    8.91666667   -0.11520972   -0.11557479   -0.03298145
    9.00000000   -0.11441627   -0.11479452   -0.03135284
    9.08333333   -0.11363194   -0.11402481   -0.02979589
    9.16666667   -0.11285660   -0.11326202   -0.02830679
    9.25000000   -0.11209013   -0.11250353   -0.02688200
    9.33333333   -0.11133240   -0.11174925   -0.02551816
    9.41666667   -0.11058328   -0.11100163   -0.02421210
    9.50000000   -0.10984266   -0.11026394   -0.02296090
    9.58333333   -0.10911040   -0.10953809   -0.02176176
    9.66666667   -0.10838640   -0.10882334   -0.02061205
    9.75000000   -0.10767053   -0.10811675   -0.01950934
    9.83333333   -0.10696268   -0.10741495   -0.01845130
    9.91666667   -0.10626272   -0.10671631   -0.01743573
   10.00000000   -0.10557055   -0.10602183   -0.01646059
   10.08333333   -0.10488607   -0.10533443   -0.01552393
   10.16666667   -0.10420914   -0.10465697   -0.01462392
   10.25000000   -0.10353967   -0.10399034   -0.01375883
   10.33333333   -0.10287755   -0.10333284   -0.01292703
   10.41666667   -0.10222267   -0.10268121   -0.01212697
   10.50000000   -0.10157494   -0.10203269   -0.01135720
   10.58333333   -0.10093424   -0.10138669   -0.01061634
   10.66666667   -0.10030047   -0.10074512   -0.00990307
   10.75000000   -0.09967355   -0.10011105   -0.00921617
   10.83333333   -0.09905336   -0.09948667   -0.00855447
   10.91666667   -0.09843981   -0.09887179   -0.00791685
   11.00000000   -0.09783281   -0.09826397   -0.00730226
   11.08333333   -0.09723227   -0.09765999   -0.00670971
   11.16666667   -0.09663808   -0.09705787   -0.00613825
   11.25000000   -0.09605017   -0.09645811   -0.00558698
   11.33333333   -0.09546844   -0.09586326   -0.00505506
   11.41666667   -0.09489280   -0.09527620   -0.00454165
   11.50000000   -0.09432318   -0.09469826   -0.00404602
   11.58333333   -0.09375948   -0.09412824   -0.00356741
   11.66666667   -0.09320161   -0.09356319   -0.00310512
   11.75000000   -0.09264950   -0.09300025   -0.00265851
   11.83333333   -0.09210307   -0.09243842   -0.00222694
   11.91666667   -0.09156223   -0.09187915   -0.00180980
   12.00000000   -0.09102692   -0.09132535   -0.00140653
   12.08333333   -0.09049705   -0.09077943   -0.00101658
   12.16666667   -0.08997254   -0.09024170   -0.00063942
   12.25000000   -0.08945332   -0.08971009   -0.00027457
   12.33333333   -0.08893932   -0.08918147    0.00007845
   12.41666667   -0.08843046   -0.08865360    0.00042009
   12.50000000   -0.08792669   -0.08812652    0.00075079
   12.58333333   -0.08742791   -0.08760249    0.00107094
   12.66666667   -0.08693407   -0.08708444    0.00138096
   12.75000000   -0.08644510   -0.08657405    0.00168121
   12.83333333   -0.08596094   -0.08607056    0.00197206
   12.91666667   -0.08548150   -0.08557127    0.00225384
   13.00000000   -0.08500674   -0.08507315    0.00252689
   13.08333333   -0.08453659   -0.08457484    0.00279153
   13.16666667   -0.08407098   -0.08407740    0.00304804
   13.25000000   -0.08360987   -0.08358364    0.00329673
   13.33333333   -0.08315317   -0.08309621    0.00353787
   13.41666667   -0.08270084   -0.08261583    0.00377172
   13.50000000   -0.08225282   -0.08214077    0.00399854
   13.58333333   -0.08180905   -0.08166788    0.00421857
   13.66666667   -0.08136947   -0.08119461    0.00443204
   13.75000000   -0.08093403   -0.08072060    0.00463919
   13.83333333   -0.08050267   -0.08024788    0.00484022
   13.91666667   -0.08007534   -0.07977950    0.00503534
   14.00000000   -0.07965199   -0.07931751    0.00522475
   14.08333333   -0.07923257   -0.07886154    0.00540863
   14.16666667   -0.07881701   -0.07840897    0.00558719
   14.25000000   -0.07840528   -0.07795657    0.00576058
   14.33333333   -0.07799733   -0.07750254    0.00592897
   14.41666667   -0.07759309   -0.07704764    0.00609254
   14.50000000   -0.07719254   -0.07659465    0.00625143
   14.58333333   -0.07679561   -0.07614655    0.00640580
   14.66666667   -0.07640226   -0.07570447    0.00655579
   14.75000000   -0.07601245   -0.07526690    0.00670154
   14.83333333   -0.07562614   -0.07483056    0.00684319
   14.91666667   -0.07524327   -0.07439246    0.00698086
   15.00000000   -0.07486380   -0.07395181    0.00711467
   15.08333333   -0.07448770   -0.07351049    0.00724475
   15.16666667   -0.07411491   -0.07307182    0.00737122
   15.25000000   -0.07374540   -0.07263829    0.00749417
   15.33333333   -0.07337913   -0.07220988    0.00761373
   15.41666667   -0.07301605   -0.07178395    0.00773000
   15.50000000   -0.07265613   -0.07135681    0.00784306
   15.58333333   -0.07229933   -0.07092611    0.00795303
   15.66666667   -0.07194560   -0.07049226    0.00805999
   15.75000000   -0.07159491   -0.07005823    0.00816403
   15.83333333   -0.07124723   -0.06962747    0.00826524
   15.91666667   -0.07090251   -0.06920165    0.00836370
   16.00000000   -0.07056072   -0.06877936    0.00845950
   16.08333333   -0.07022183   -0.06835689    0.00855270
   16.16666667   -0.06988580   -0.06793053    0.00864339
   16.25000000   -0.06955259   -0.06749890    0.00873164
   16.33333333   -0.06922217   -0.06706384    0.00881751
   16.41666667   -0.06889452   -0.06662918    0.00890108
   16.50000000   -0.06856958   -0.06619815    0.00898242
   16.58333333   -0.06824734   -0.06577110    0.00906158
   16.66666667   -0.06792776   -0.06534505    0.00913862
   16.75000000   -0.06761080   -0.06491541    0.00921361
   16.83333333   -0.06729644   -0.06447885    0.00928660
   16.91666667   -0.06698466   -0.06403537    0.00935765
   17.00000000   -0.06667540   -0.06358835    0.00942681
   17.08333333   -0.06636865   -0.06314223    0.00949414
   17.16666667   -0.06606439   -0.06269946    0.00955968
   17.25000000   -0.06576257   -0.06225858    0.00962349
   17.33333333   -0.06546316   -0.06181484    0.00968560
   17.41666667   -0.06516616   -0.06136299    0.00974607
   17.50000000   -0.06487152   -0.06090059    0.00980495
   17.58333333   -0.06457921   -0.06042952    0.00986226
   17.66666667   -0.06428923   -0.05995480    0.00991806
   17.75000000   -0.06400152   -0.05948108    0.00997239
   17.83333333   -0.06371607   -0.05900929    0.01002528
   17.91666667   -0.06343286   -0.05853545    0.01007677
   18.00000000   -0.06315185   -0.05805274    0.01012690
   18.08333333   -0.06287302   -0.05755558    0.01017570
   18.16666667   -0.06259636   -0.05704315    0.01022322
   18.25000000   -0.06232183   -0.05651998    0.01026948
   18.33333333   -0.06204941   -0.05599291    0.01031451
   18.41666667   -0.06177908   -0.05546626    0.01035835
   18.50000000   -0.06151081   -0.05493823    0.01040103
   18.58333333   -0.06124458   -0.05440109    0.01044257
   18.66666667   -0.06098038   -0.05384538    0.01048301
   18.75000000   -0.06071816   -0.05326578    0.01052238
   18.83333333   -0.06045792   -0.05266472    0.01056069
   18.91666667   -0.06019964   -0.05205128    0.01059799
   19.00000000   -0.05994329   -0.05143524    0.01063428
   19.08333333   -0.05968885   -0.05082000    0.01066961
   19.16666667   -0.05943630   -0.05019870    0.01070399
   19.25000000   -0.05918562   -0.04955694    0.01073744
   19.33333333   -0.05893678   -0.04888129    0.01077000
   19.41666667   -0.05868979   -0.04816905    0.01080167
   19.50000000   -0.05844459   -0.04743313    0.01083249
   19.58333333   -0.05820119   -0.04669777    0.01086247
   19.66666667   -0.05795957   -0.04598574    0.01089164
   19.75000000   -0.05771970   -0.04530274    0.01092001
   19.83333333   -0.05748156   -0.04462724    0.01094760
   19.91666667   -0.05724514   -0.04391238    0.01097444
   20.00000000   -0.05701041   -0.04310080    0.01100053
