  -20.00000000    0.03665507    0.03833907    0.00021012
  -19.91666667    0.03689255    0.03920252    0.00015952
  -19.83333333    0.03713212    0.04000792    0.00010866
  -19.75000000    0.03737382    0.04077584    0.00005753
  -19.66666667    0.03761766    0.04152523    0.00000614
  -19.58333333    0.03786369    0.04226659   -0.00004553
  -19.50000000    0.03811192    0.04299997   -0.00009747
  -19.41666667    0.03836240    0.04371811   -0.00014968
  -19.33333333    0.03861513    0.04441229   -0.00020217
  -19.25000000    0.03887017    0.04507763   -0.00025493
  -19.16666667    0.03912754    0.04571532   -0.00030796
  -19.08333333    0.03938726    0.04633117   -0.00036127
  -19.00000000    0.03964938    0.04693187   -0.00041486
  -18.91666667    0.03991392    0.04752145   -0.00046873
  -18.83333333    0.04018092    0.04809988   -0.00052288
  -18.75000000    0.04045042    0.04866426   -0.00057731
  -18.66666667    0.04072244    0.04921155   -0.00063202
  -18.58333333    0.04099702    0.04974104   -0.00068701
  -18.50000000    0.04127420    0.05025513   -0.00074229
  -18.41666667    0.04155402    0.05075798   -0.00079785
  -18.33333333    0.04183650    0.05125335   -0.00085369
  -18.25000000    0.04212170    0.05174273   -0.00090982
  -18.16666667    0.04240964    0.05222514   -0.00096624
  -18.08333333    0.04270037    0.05269834   -0.00102294
  -18.00000000    0.04299393    0.05316080   -0.00107992
  -17.91666667    0.04329035    0.05361298   -0.00113720
  -17.83333333    0.04358968    0.05405725   -0.00119476
  -17.75000000    0.04389197    0.05449660   -0.00125261
  -17.66666667    0.04419725    0.05493301   -0.00131075
  -17.58333333    0.04450556    0.05536659   -0.00136918
  -17.50000000    0.04481696    0.05579586   -0.00142789
  -17.41666667    0.04513149    0.05621908   -0.00148690
  -17.33333333    0.04544919    0.05663560   -0.00154619
  -17.25000000    0.04577012    0.05704645   -0.00160577
  -17.16666667    0.04609432    0.05745383   -0.00166564
  -17.08333333    0.04642183    0.05785981   -0.00172579
  -17.00000000    0.04675272    0.05826523   -0.00178623
  -16.91666667    0.04708703    0.05866938   -0.00184696
  -16.83333333    0.04742481    0.05907071   -0.00190797
  -16.75000000    0.04776612    0.05946800   -0.00196927
  -16.66666667    0.04811101    0.05986132   -0.00203085
  -16.58333333    0.04845954    0.06025202   -0.00209271
  -16.50000000    0.04881176    0.06064200   -0.00215486
  -16.41666667    0.04916774    0.06103258   -0.00221728
  -16.33333333    0.04952752    0.06142378   -0.00227998
  -16.25000000    0.04989118    0.06181448   -0.00234296
  -16.16666667    0.05025878    0.06220329   -0.00240621
  -16.08333333    0.05063036    0.06258955   -0.00246973
  -16.00000000    0.05100600    0.06297384   -0.00253352
  -15.91666667    0.05138577    0.06335770   -0.00259758
  -15.83333333    0.05176973    0.06374264   -0.00266191
  -15.75000000    0.05215795    0.06412931   -0.00272649
  -15.66666667    0.05255050    0.06451716   -0.00279133
  -15.58333333    0.05294745    0.06490491   -0.00285643
  -15.50000000    0.05334887    0.06529146   -0.00292178
  -15.41666667    0.05375484    0.06567672   -0.00298737
  -15.33333333    0.05416544    0.06606167   -0.00305321
  -15.25000000    0.05458073    0.06644780   -0.00311928
  -15.16666667    0.05500080    0.06683622   -0.00318559
  -15.08333333    0.05542574    0.06722697   -0.00325213
  -15.00000000    0.05585562    0.06761913   -0.00331888
  -14.91666667    0.05629052    0.06801145   -0.00338585
  -14.83333333    0.05673055    0.06840325   -0.00345304
  -14.75000000    0.05717577    0.06879492   -0.00352042
  -14.66666667    0.05762628    0.06918768   -0.00358800
  -14.58333333    0.05808219    0.06958288   -0.00365577
  -14.50000000    0.05854357    0.06998115   -0.00372372
  -14.41666667    0.05901052    0.07038204   -0.00379184
  -14.33333333    0.05948316    0.07078441   -0.00386013
  -14.25000000    0.05996157    0.07118721   -0.00392856
  -14.16666667    0.06044586    0.07159021   -0.00399714
  -14.08333333    0.06093614    0.07199421   -0.00406585
  -14.00000000    0.06143251    0.07240055   -0.00413468
  -13.91666667    0.06193509    0.07281028   -0.00420362
  -13.83333333    0.06244399    0.07322354   -0.00427265
  -13.75000000    0.06295932    0.07363953   -0.00434177
  -13.66666667    0.06348120    0.07405705   -0.00441095
  -13.58333333    0.06400977    0.07447535   -0.00448018
  -13.50000000    0.06454513    0.07489467   -0.00454945
  -13.41666667    0.06508741    0.07531610   -0.00461874
  -13.33333333    0.06563677    0.07574095   -0.00468803
  -13.25000000    0.06619331    0.07616991   -0.00475731
  -13.16666667    0.06675719    0.07660265   -0.00482655
  -13.08333333    0.06732854    0.07703812   -0.00489573
  -13.00000000    0.06790750    0.07747521   -0.00496483
  -12.91666667    0.06849423    0.07791359   -0.00503382
  -12.83333333    0.06908887    0.07835389   -0.00510269
  -12.75000000    0.06969159    0.07879742   -0.00517141
  -12.66666667    0.07030253    0.07924528   -0.00523994
  -12.58333333    0.07092187    0.07969774   -0.00530827
  -12.50000000    0.07154977    0.08015410   -0.00537635
  -12.41666667    0.07218640    0.08061316   -0.00544417
  -12.33333333    0.07283195    0.08107407   -0.00551167
  -12.25000000    0.07348658    0.08153691   -0.00557884
  -12.16666667    0.07415049    0.08200270   -0.00564563
  -12.08333333    0.07482386    0.08247275   -0.00571199
  -12.00000000    0.07550690    0.08294790   -0.00577790
  -11.91666667    0.07619979    0.08342798   -0.00584330
  -11.83333333    0.07690276    0.08391197   -0.00590815
  -11.75000000    0.07761600    0.08439870   -0.00597240
  -11.66666667    0.07833973    0.08488765   -0.00603600
  -11.58333333    0.07907419    0.08537935   -0.00609889
  -11.50000000    0.07981959    0.08587506   -0.00616101
  -11.41666667    0.08057617    0.08637603   -0.00622231
  -11.33333333    0.08134419    0.08688270   -0.00628272
  -11.25000000    0.08212386    0.08739448   -0.00634217
  -11.16666667    0.08291546    0.08791015   -0.00640059
  -11.08333333    0.08371925    0.08842871   -0.00645791
  -11.00000000    0.08453549    0.08895005   -0.00651403
  -10.91666667    0.08536447    0.08947511   -0.00656889
  -10.83333333    0.08620646    0.09000528   -0.00662239
  -10.75000000    0.08706176    0.09054158   -0.00667443
  -10.66666667    0.08793066    0.09108404   -0.00672491
  -10.58333333    0.08881349    0.09163169   -0.00677374
  -10.50000000    0.08971055    0.09218323   -0.00682079
  -10.41666667    0.09062216    0.09273797   -0.00686595
  -10.33333333    0.09154868    0.09329624   -0.00690910
  -10.25000000    0.09249043    0.09385931   -0.00695009
  -10.16666667    0.09344777    0.09442859   -0.00698879
  -10.08333333    0.09442109    0.09500477   -0.00702506
  -10.00000000    0.09541073    0.09558739   -0.00705872
   -9.91666667    0.09641709    0.09617520   -0.00708963
   -9.83333333    0.09744059    0.09676701   -0.00711759
   -9.75000000    0.09848160    0.09736249   -0.00714242
   -9.66666667    0.09954057    0.09796245   -0.00716391
   -9.58333333    0.10061793    0.09856838   -0.00718187
   -9.50000000    0.10171412    0.09918155   -0.00719606
   -9.41666667    0.10282959    0.09980222   -0.00720624
   -9.33333333    0.10396484    0.10042948   -0.00721216
   -9.25000000    0.10512032    0.10106193   -0.00721355
   -9.16666667    0.10629655    0.10169859   -0.00721012
   -9.08333333    0.10749407    0.10233958   -0.00720156
   -9.00000000    0.10871336    0.10298616   -0.00718755
   -8.91666667    0.10995499    0.10363991   -0.00716774
   -8.83333333    0.11121955    0.10430181   -0.00714177
   -8.75000000    0.11250757    0.10497162   -0.00710923
   -8.66666667    0.11381966    0.10564807   -0.00706970
   -8.58333333    0.11515646    0.10632969   -0.00702275
   -8.50000000    0.11651856    0.10701587   -0.00696788
   -8.41666667    0.11790663    0.10770724   -0.00690459
   -8.33333333    0.11932135    0.10840540   -0.00683233
   -8.25000000    0.12076337    0.10911189   -0.00675052
   -8.16666667    0.12223342    0.10982726   -0.00665852
   -8.08333333    0.12373222    0.11055073   -0.00655567
   -8.00000000    0.12526051    0.11128073   -0.00644125
   -7.91666667    0.12681906    0.11201594   -0.00631449
   -7.83333333    0.12840864    0.11275617   -0.00617457
   -7.75000000    0.13003009    0.11350261   -0.00602059
   -7.66666667    0.13168421    0.11425704   -0.00585162
   -7.58333333    0.13337185    0.11502079   -0.00566662
   -7.50000000    0.13509389    0.11579387   -0.00546450
   -7.41666667    0.13685123    0.11657498   -0.00524407
   -7.33333333    0.13864475    0.11736236   -0.00500407
   -7.25000000    0.14047543    0.11815495   -0.00474312
   -7.16666667    0.14234419    0.11895315   -0.00445975
   -7.08333333    0.14425201    0.11975856   -0.00415235
   -7.00000000    0.14619990    0.12057305   -0.00381922
   -6.91666667    0.14818886    0.12139752   -0.00345848
   -6.83333333    0.15021992    0.12223135   -0.00306813
   -6.75000000    0.15229414    0.12307274   -0.00264600
   -6.66666667    0.15441257    0.12391990   -0.00218973
   -6.58333333    0.15657629    0.12477219   -0.00169678
   -6.50000000    0.15878639    0.12563057   -0.00116438
   -6.41666667    0.16104395    0.12649701   -0.00058954
   -6.33333333    0.16335008    0.12737321    0.00003099
   -6.25000000    0.16570588    0.12825947    0.00070074
   -6.16666667    0.16811245    0.12915443    0.00142355
   -6.08333333    0.17057085    0.13005587    0.00220357
   -6.00000000    0.17308220    0.13096211    0.00304534
   -5.91666667    0.17564753    0.13187302    0.00395379
   -5.83333333    0.17826784    0.13279013    0.00493428
   -5.75000000    0.18094417    0.13371555    0.00599263
   -5.66666667    0.18367744    0.13465055    0.00713521
   -5.58333333    0.18646851    0.13559460    0.00836890
   -5.50000000    0.18931824    0.13654553    0.00970124
   -5.41666667    0.19222733    0.13750076    0.01114039
   -5.33333333    0.19519639    0.13845883    0.01269522
   -5.25000000    0.19822597    0.13942016    0.01437539
   -5.16666667    0.20131642    0.14038670    0.01619134
   -5.08333333    0.20446791    0.14136041    0.01815436
   -5.00000000    0.20768050    0.14234176    0.02027668
   -4.91666667    0.21095394    0.14332907    0.02257142
   -4.83333333    0.21428776    0.14431924    0.02505264
   -4.75000000    0.21768123    0.14530934    0.02773541
   -4.66666667    0.22113324    0.14629815    0.03063561
   -4.58333333    0.22464229    0.14728656    0.03376999
   -4.50000000    0.22820651    0.14827656    0.03715600
   -4.41666667    0.23182348    0.14926945    0.04081151
   -4.33333333    0.23549024    0.15026430    0.04475451
   -4.25000000    0.23920323    0.15125784    0.04900275
   -4.16666667    0.24295816    0.15224573    0.05357298
   -4.08333333    0.24674993    0.15322449    0.05848017
   -4.00000000    0.25057264    0.15419292    0.06373649
   -3.91666667    0.25441933    0.15515189    0.06934983
   -3.83333333    0.25828198    0.15610270    0.07532214
   -3.75000000    0.26215133    0.15704496    0.08164730
   -3.66666667    0.26601680    0.15797531    0.08830870
   -3.58333333    0.26986635    0.15888789    0.09527643
   -3.50000000    0.27368623    0.15977631    0.10250418
   -3.41666667    0.27746099    0.16063579    0.10992632
   -3.33333333    0.28117318    0.16146419    0.11745508
   -3.25000000    0.28480321    0.16226105    0.12497842
   -3.16666667    0.28832921    0.16302522    0.13235950
   -3.08333333    0.29172680    0.16375246    0.13943775
   -3.00000000    0.29496891    0.16443463    0.14603266
   -2.91666667    0.29802560    0.16506101    0.15195068
   -2.83333333    0.30086388    0.16562088    0.15699499
   -2.75000000    0.30344752    0.16610582    0.16097798
   -2.66666667    0.30573691    0.16651002    0.16373535
   -2.58333333    0.30768893    0.16682819    0.16513983
   -2.50000000    0.30925683    0.16705240    0.16511283
   -2.41666667    0.31039025    0.16716956    0.16363203
   -2.33333333    0.31103522    0.16716132    0.16073349
   -2.25000000    0.31113434    0.16700648    0.15650812
   -2.16666667    0.31062703    0.16668435    0.15109289
   -2.08333333    0.30945000    0.16617685    0.14465858
   -2.00000000    0.30753796    0.16546767    0.13739589
   -1.91666667    0.30482446    0.16453875    0.12950177
   -1.83333333    0.30124323    0.16336606    0.12116774
   -1.75000000    0.29672968    0.16191734    0.11257087
   -1.66666667    0.29122285    0.16015341    0.10386796
   -1.58333333    0.28466776    0.15803239    0.09519246
   -1.50000000    0.27701795    0.15551428    0.08665386
   -1.41666667    0.26823839    0.15256291    0.07833890
   -1.33333333    0.25830852    0.14914355    0.07031384
   -1.25000000    0.24722502    0.14521769    0.06262735
   -1.16666667    0.23500460    0.14073822    0.05531370
   -1.08333333    0.22168602    0.13564899    0.04839585
   -1.00000000    0.20733133    0.12989010    0.04188831
   -0.91666667    0.19202625    0.12340713    0.03579976
   -0.83333333    0.17587917    0.11615935    0.03013530
   -0.75000000    0.15901908    0.10812224    0.02489847
   -0.66666667    0.14159210    0.09928243    0.02009297
   -0.58333333    0.12375722    0.08962820    0.01572423
   -0.50000000    0.10568115    0.07914256    0.01180088
   -0.41666667    0.08753284    0.06780613    0.00833614
   -0.33333333    0.06947800    0.05561326    0.00534925
   -0.25000000    0.05167401    0.04259790    0.00286701
   -0.16666667    0.03426560    0.02885945    0.00092558
   -0.08333333    0.01738129    0.01457658   -0.00042756
    0.00000000    0.00113111    0.00000000    0.00113111
    0.08333333   -0.01439478   -0.01457658    0.00110700
    0.16666667   -0.02912640   -0.02885945    0.00025667
    0.25000000   -0.04301337   -0.04259790   -0.00154344
    0.33333333   -0.05602367   -0.05561326   -0.00444760
    0.41666667   -0.06814190   -0.06780613   -0.00864790
    0.50000000   -0.07936721   -0.07914256   -0.01438299
    0.58333333   -0.08971108   -0.08962820   -0.02194895
    0.66666667   -0.09919514   -0.09928243   -0.03171246
    0.75000000   -0.10784897   -0.10812224   -0.04412649
    0.83333333   -0.11570826   -0.11615935   -0.05974850
    0.91666667   -0.12281295   -0.12340713   -0.07926010
    1.00000000   -0.12920577   -0.12989010   -0.10348612
    1.08333333   -0.13493101   -0.13564899   -0.13340854
    1.16666667   -0.14003336   -0.14073822   -0.17016596
    1.25000000   -0.14455723   -0.14521769   -0.21502380
    1.33333333   -0.14854596   -0.14914355   -0.26928901
    1.41666667   -0.15204139   -0.15256291   -0.33413441
    1.50000000   -0.15508357   -0.15551428   -0.41029038
    1.58333333   -0.15771041   -0.15803239   -0.49757350
    1.66666667   -0.15995764   -0.16015341   -0.59428155
    1.75000000   -0.16185871   -0.16191734   -0.69660588
    1.83333333   -0.16344476   -0.16336606   -0.79838086
    1.91666667   -0.16474467   -0.16453875   -0.89158608
    2.00000000   -0.16578516   -0.16546767   -0.96781501
    2.08333333   -0.16659082   -0.16617685   -1.02036288
    2.16666667   -0.16718427   -0.16668435   -1.04601543
    2.25000000   -0.16758623   -0.16700648   -1.04562673
    2.33333333   -0.16781567   -0.16716132   -1.02330345
    2.41666667   -0.16788992   -0.16716956   -0.98480900
    2.50000000   -0.16782479   -0.16705240   -0.93602537
    2.58333333   -0.16763467   -0.16682819   -0.88196693
    2.66666667   -0.16733268   -0.16651002   -0.82639917
    2.75000000   -0.16693074   -0.16610582   -0.77187084
    2.83333333   -0.16643967   -0.16562088   -0.71993786
    2.91666667   -0.16586930   -0.16506101   -0.67143156
    3.00000000   -0.16522854   -0.16443463   -0.62669496
    3.08333333   -0.16452548   -0.16375246   -0.58576282
    3.16666667   -0.16376746   -0.16302522   -0.54848945
    3.25000000   -0.16296110   -0.16226105   -0.51463351
    3.33333333   -0.16211241   -0.16146419   -0.48391099
    3.41666667   -0.16122683   -0.16063579   -0.45602800
    3.50000000   -0.16030929   -0.15977631   -0.43069954
    3.58333333   -0.15936423   -0.15888789   -0.40765886
    3.66666667   -0.15839567   -0.15797531   -0.38666215
    3.75000000   -0.15740724   -0.15704496   -0.36748998
    3.83333333   -0.15640222   -0.15610270   -0.34994632
    3.91666667   -0.15538357   -0.15515189   -0.33385731
    4.00000000   -0.15435397   -0.15419292   -0.31906937
    4.08333333   -0.15331580   -0.15322449   -0.30544679
    4.16666667   -0.15227126   -0.15224573   -0.29287015
    4.25000000   -0.15122227   -0.15125784   -0.28123387
    4.33333333   -0.15017059   -0.15026430   -0.27044500
    4.41666667   -0.14911781   -0.14926945   -0.26042139
    4.50000000   -0.14806533   -0.14827656   -0.25109022
    4.58333333   -0.14701441   -0.14728656   -0.24238710
    4.66666667   -0.14596620   -0.14629815   -0.23425486
    4.75000000   -0.14492169   -0.14530934   -0.22664248
    4.83333333   -0.14388180   -0.14431924   -0.21950465
    4.91666667   -0.14284733   -0.14332907   -0.21280086
    5.00000000   -0.14181898   -0.14234176   -0.20649474
    5.08333333   -0.14079739   -0.14136041   -0.20055379
    5.16666667   -0.13978312   -0.14038670   -0.19494878
    5.25000000   -0.13877665   -0.13942016   -0.18965330
    5.33333333   -0.13777840   -0.13845883   -0.18464359
    5.41666667   -0.13678876   -0.13750076   -0.17989818
    5.50000000   -0.13580804   -0.13654553   -0.17539754
    5.58333333   -0.13483651   -0.13559460   -0.17112400
    5.66666667   -0.13387443   -0.13465055   -0.16706151
    5.75000000   -0.13292197   -0.13371555   -0.16319538
    5.83333333   -0.13197930   -0.13279013   -0.15951225
    5.91666667   -0.13104657   -0.13187302   -0.15599992
    6.00000000   -0.13012387   -0.13096211   -0.15264717
    6.08333333   -0.12921128   -0.13005587   -0.14944375
    6.16666667   -0.12830887   -0.12915443   -0.14638026
    6.25000000   -0.12741666   -0.12825947   -0.14344799
    6.33333333   -0.12653468   -0.12737321   -0.14063897
    6.41666667   -0.12566295   -0.12649701   -0.13794584
    6.50000000   -0.12480142   -0.12563057   -0.13536177
    6.58333333   -0.12395009   -0.12477219   -0.13288048
    6.66666667   -0.12310893   -0.12391990   -0.13049613
    6.75000000   -0.12227787   -0.12307274   -0.12820331
    6.83333333   -0.12145687   -0.12223135   -0.12599698
    6.91666667   -0.12064586   -0.12139752   -0.12387250
    7.00000000   -0.11984476   -0.12057305   -0.12182550
    7.08333333   -0.11905350   -0.11975856   -0.11985192
    7.16666667   -0.11827199   -0.11895315   -0.11794801
    7.25000000   -0.11750014   -0.11815495   -0.11611021
    7.33333333   -0.11673785   -0.11736236   -0.11433523
    7.41666667   -0.11598503   -0.11657498   -0.11261999
    7.50000000   -0.11524158   -0.11579387   -0.11096159
    7.58333333   -0.11450738   -0.11502079   -0.10935731
    7.66666667   -0.11378234   -0.11425704   -0.10780463
    7.75000000   -0.11306633   -0.11350261   -0.10630112
    7.83333333   -0.11235925   -0.11275617   -0.10484456
    7.91666667   -0.11166100   -0.11201594   -0.10343283
    8.00000000   -0.11097145   -0.11128073   -0.10206393
    8.08333333   -0.11029049   -0.11055073   -0.10073600
    8.16666667   -0.10961800   -0.10982726   -0.09944723
    8.25000000   -0.10895387   -0.10911189   -0.09819599
    8.33333333   -0.10829800   -0.10840540   -0.09698068
    8.41666667   -0.10765024   -0.10770724   -0.09579979
    8.50000000   -0.10701051   -0.10701587   -0.09465195
    8.58333333   -0.10637869   -0.10632969   -0.09353579
    8.66666667   -0.10575464   -0.10564807   -0.09245003
    8.75000000   -0.10513828   -0.10497162   -0.09139351
    8.83333333   -0.10452948   -0.10430181   -0.09036505
    8.91666667   -0.10392812   -0.10363991   -0.08936358
    9.00000000   -0.10333412   -0.10298616   -0.08838809
    9.08333333   -0.10274734   -0.10233958   -0.08743758
    9.16666667   -0.10216769   -0.10169859   -0.08651112
    9.25000000   -0.10159506   -0.10106193   -0.08560784
    9.33333333   -0.10102934   -0.10042948   -0.08472689
    9.41666667   -0.10047042   -0.09980222   -0.08386745
    9.50000000   -0.09991822   -0.09918155   -0.08302879
    9.58333333   -0.09937261   -0.09856838   -0.08221015
    9.66666667   -0.09883350   -0.09796245   -0.08141085
    9.75000000   -0.09830081   -0.09736249   -0.08063022
    9.83333333   -0.09777441   -0.09676701   -0.07986763
    9.91666667   -0.09725422   -0.09617520   -0.07912245
   10.00000000   -0.09674014   -0.09558739   -0.07839414
   10.08333333   -0.09623209   -0.09500477   -0.07768211
   10.16666667   -0.09572995   -0.09442859   -0.07698584
   10.25000000   -0.09523366   -0.09385931   -0.07630483
   10.33333333   -0.09474312   -0.09329624   -0.07563858
   10.41666667   -0.09425823   -0.09273797   -0.07498662
   10.50000000   -0.09377891   -0.09218323   -0.07434852
   10.58333333   -0.09330508   -0.09163169   -0.07372384
   10.66666667   -0.09283665   -0.09108404   -0.07311217
   10.75000000   -0.09237355   -0.09054158   -0.07251311
   10.83333333   -0.09191568   -0.09000528   -0.07192628
   10.91666667   -0.09146297   -0.08947511   -0.07135132
   11.00000000   -0.09101534   -0.08895005   -0.07078788
   11.08333333   -0.09057272   -0.08842871   -0.07023562
   11.16666667   -0.09013502   -0.08791015   -0.06969421
   11.25000000   -0.08970217   -0.08739448   -0.06916336
   11.33333333   -0.08927411   -0.08688270   -0.06864274
   11.41666667   -0.08885075   -0.08637603   -0.06813207
   11.50000000   -0.08843202   -0.08587506   -0.06763109
   11.58333333   -0.08801787   -0.08537935   -0.06713951
   11.66666667   -0.08760821   -0.08488765   -0.06665708
   11.75000000   -0.08720298   -0.08439870   -0.06618356
   11.83333333   -0.08680212   -0.08391197   -0.06571869
   11.91666667   -0.08640555   -0.08342798   -0.06526224
   12.00000000   -0.08601323   -0.08294790   -0.06481401
   12.08333333   -0.08562507   -0.08247275   -0.06437376
   12.16666667   -0.08524103   -0.08200270   -0.06394129
   12.25000000   -0.08486103   -0.08153691   -0.06351640
   12.33333333   -0.08448503   -0.08107407   -0.06309890
   12.41666667   -0.08411296   -0.08061316   -0.06268858
   12.50000000   -0.08374477   -0.08015410   -0.06228529
   12.58333333   -0.08338040   -0.07969774   -0.06188883
   12.66666667   -0.08301978   -0.07924528   -0.06149904
   12.75000000   -0.08266288   -0.07879742   -0.06111575
   12.83333333   -0.08230963   -0.07835389   -0.06073881
   12.91666667   -0.08195998   -0.07791359   -0.06036806
   13.00000000   -0.08161389   -0.07747521   -0.06000335
   13.08333333   -0.08127130   -0.07703812   -0.05964454
   13.16666667   -0.08093215   -0.07660265   -0.05929148
   13.25000000   -0.08059641   -0.07616991   -0.05894405
   13.33333333   -0.08026402   -0.07574095   -0.05860211
   13.41666667   -0.07993493   -0.07531610   -0.05826552
   13.50000000   -0.07960911   -0.07489467   -0.05793418
   13.58333333   -0.07928650   -0.07447535   -0.05760796
   13.66666667   -0.07896705   -0.07405705   -0.05728674
   13.75000000   -0.07865073   -0.07363953   -0.05697042
   13.83333333   -0.07833749   -0.07322354   -0.05665887
   13.91666667   -0.07802729   -0.07281028   -0.05635200
   14.00000000   -0.07772008   -0.07240055   -0.05604970
   14.08333333   -0.07741583   -0.07199421   -0.05575188
   14.16666667   -0.07711449   -0.07159021   -0.05545842
   14.25000000   -0.07681603   -0.07118721   -0.05516925
   14.33333333   -0.07652040   -0.07078441   -0.05488427
   14.41666667   -0.07622757   -0.07038204   -0.05460339
   14.50000000   -0.07593750   -0.06998115   -0.05432652
   14.58333333   -0.07565015   -0.06958288   -0.05405358
   14.66666667   -0.07536548   -0.06918768   -0.05378448
   14.75000000   -0.07508347   -0.06879492   -0.05351915
   14.83333333   -0.07480407   -0.06840325   -0.05325752
   14.91666667   -0.07452724   -0.06801145   -0.05299949
   15.00000000   -0.07425296   -0.06761913   -0.05274501
   15.08333333   -0.07398120   -0.06722697   -0.05249399
   15.16666667   -0.07371190   -0.06683622   -0.05224638
   15.25000000   -0.07344506   -0.06644780   -0.05200209
   15.33333333   -0.07318063   -0.06606167   -0.05176107
   15.41666667   -0.07291858   -0.06567672   -0.05152326
   15.50000000   -0.07265889   -0.06529146   -0.05128858
   15.58333333   -0.07240151   -0.06490491   -0.05105698
   15.66666667   -0.07214643   -0.06451716   -0.05082840
   15.75000000   -0.07189361   -0.06412931   -0.05060278
   15.83333333   -0.07164302   -0.06374264   -0.05038006
   15.91666667   -0.07139463   -0.06335770   -0.05016019
   16.00000000   -0.07114842   -0.06297384   -0.04994312
   16.08333333   -0.07090436   -0.06258955   -0.04972879
   16.16666667   -0.07066242   -0.06220329   -0.04951715
   16.25000000   -0.07042257   -0.06181448   -0.04930815
   16.33333333   -0.07018479   -0.06142378   -0.04910175
   16.41666667   -0.06994906   -0.06103258   -0.04889790
   16.50000000   -0.06971535   -0.06064200   -0.04869654
   16.58333333   -0.06948362   -0.06025202   -0.04849764
   16.66666667   -0.06925387   -0.05986132   -0.04830115
   16.75000000   -0.06902605   -0.05946800   -0.04810703
   16.83333333   -0.06880016   -0.05907071   -0.04791523
   16.91666667   -0.06857616   -0.05866938   -0.04772572
   17.00000000   -0.06835403   -0.05826523   -0.04753845
   17.08333333   -0.06813376   -0.05785981   -0.04735338
   17.16666667   -0.06791531   -0.05745383   -0.04717049
   17.25000000   -0.06769867   -0.05704645   -0.04698972
   17.33333333   -0.06748381   -0.05663560   -0.04681104
   17.41666667   -0.06727072   -0.05621908   -0.04663443
   17.50000000   -0.06705937   -0.05579586   -0.04645983
   17.58333333   -0.06684973   -0.05536659   -0.04628722
   17.66666667   -0.06664180   -0.05493301   -0.04611657
   17.75000000   -0.06643555   -0.05449660   -0.04594784
   17.83333333   -0.06623096   -0.05405725   -0.04578100
   17.91666667   -0.06602801   -0.05361298   -0.04561602
   18.00000000   -0.06582668   -0.05316080   -0.04545287
   18.08333333   -0.06562695   -0.05269834   -0.04529151
   18.16666667   -0.06542882   -0.05222514   -0.04513193
   18.25000000   -0.06523224   -0.05174273   -0.04497408
   18.33333333   -0.06503721   -0.05125335   -0.04481795
   18.41666667   -0.06484372   -0.05075798   -0.04466351
   18.50000000   -0.06465173   -0.05025513   -0.04451072
   18.58333333   -0.06446125   -0.04974104   -0.04435956
   18.66666667   -0.06427224   -0.04921155   -0.04421001
   18.75000000   -0.06408469   -0.04866426   -0.04406204
   18.83333333   -0.06389858   -0.04809988   -0.04391562
   18.91666667   -0.06371391   -0.04752145   -0.04377074
   19.00000000   -0.06353065   -0.04693187   -0.04362737
   19.08333333   -0.06334878   -0.04633117   -0.04348548
   19.16666667   -0.06316830   -0.04571532   -0.04334506
   19.25000000   -0.06298918   -0.04507763   -0.04320607
   19.33333333   -0.06281141   -0.04441229   -0.04306850
   19.41666667   -0.06263498   -0.04371811   -0.04293234
   19.50000000   -0.06245987   -0.04299997   -0.04279754
   19.58333333   -0.06228607   -0.04226659   -0.04266410
   19.66666667   -0.06211356   -0.04152523   -0.04253200
   19.75000000   -0.06194233   -0.04077584   -0.04240122
   19.83333333   -0.06177236   -0.04000792   -0.04227173
   19.91666667   -0.06160364   -0.03920252   -0.04214352
   20.00000000   -0.06143616   -0.03833907   -0.04201656
