  -20.00000000    0.06815917    0.04496770    0.01465021
  -19.91666667    0.06844147    0.04583339    0.01472007
  -19.83333333    0.06872601    0.04660576    0.01479059
  -19.75000000    0.06901284    0.04734112    0.01486177
  -19.66666667    0.06930197    0.04808435    0.01493362
  -19.58333333    0.06959343    0.04885450    0.01500614
  -19.50000000    0.06988724    0.04964380    0.01507936
  -19.41666667    0.07018344    0.05042874    0.01515328
  -19.33333333    0.07048204    0.05118591    0.01522790
  -19.25000000    0.07078309    0.05190435    0.01530324
  -19.16666667    0.07108661    0.05258869    0.01537931
  -19.08333333    0.07139262    0.05325318    0.01545612
  -19.00000000    0.07170116    0.05391153    0.01553368
  -18.91666667    0.07201226    0.05456893    0.01561201
  -18.83333333    0.07232593    0.05522046    0.01569110
  -18.75000000    0.07264223    0.05585594    0.01577097
  -18.66666667    0.07296118    0.05646740    0.01585164
  -18.58333333    0.07328280    0.05705432    0.01593312
  -18.50000000    0.07360714    0.05762367    0.01601541
  -18.41666667    0.07393423    0.05818521    0.01609853
  -18.33333333    0.07426408    0.05874557    0.01618249
  -18.25000000    0.07459676    0.05930469    0.01626731
  -18.16666667    0.07493228    0.05985691    0.01635300
  -18.08333333    0.07527067    0.06039540    0.01643956
  -18.00000000    0.07561198    0.06091709    0.01652702
  -17.91666667    0.07595624    0.06142476    0.01661539
  -17.83333333    0.07630348    0.06192529    0.01670468
  -17.75000000    0.07665376    0.06242532    0.01679490
  -17.66666667    0.07700709    0.06292728    0.01688607
  -17.58333333    0.07736351    0.06342835    0.01697821
  -17.50000000    0.07772308    0.06392285    0.01707133
  -17.41666667    0.07808582    0.06440627    0.01716544
  -17.33333333    0.07845177    0.06487849    0.01726056
  -17.25000000    0.07882098    0.06534388    0.01735671
  -17.16666667    0.07919349    0.06580856    0.01745390
  -17.08333333    0.07956933    0.06627656    0.01755214
  -17.00000000    0.07994855    0.06674748    0.01765147
  -16.91666667    0.08033120    0.06721706    0.01775189
  -16.83333333    0.08071730    0.06768027    0.01785342
  -16.75000000    0.08110692    0.06813475    0.01795608
  -16.66666667    0.08150009    0.06858250    0.01805989
  -16.58333333    0.08189686    0.06902859    0.01816486
  -16.50000000    0.08229728    0.06947800    0.01827103
  -16.41666667    0.08270138    0.06993245    0.01837839
  -16.33333333    0.08310922    0.07038953    0.01848699
  -16.25000000    0.08352086    0.07084444    0.01859683
  -16.16666667    0.08393633    0.07129327    0.01870793
  -16.08333333    0.08435567    0.07173570    0.01882033
  -16.00000000    0.08477896    0.07217523    0.01893404
  -15.91666667    0.08520624    0.07261700    0.01904908
  -15.83333333    0.08563755    0.07306451    0.01916548
  -15.75000000    0.08607296    0.07351748    0.01928326
  -15.66666667    0.08651251    0.07397211    0.01940245
  -15.58333333    0.08695626    0.07442374    0.01952306
  -15.50000000    0.08740426    0.07486993    0.01964513
  -15.41666667    0.08785657    0.07531216    0.01976868
  -15.33333333    0.08831325    0.07575493    0.01989373
  -15.25000000    0.08877436    0.07620286    0.02002032
  -15.16666667    0.08923994    0.07665782    0.02014848
  -15.08333333    0.08971008    0.07711777    0.02027822
  -15.00000000    0.09018481    0.07757814    0.02040958
  -14.91666667    0.09066421    0.07803496    0.02054259
  -14.83333333    0.09114833    0.07848743    0.02067728
  -14.75000000    0.09163724    0.07893857    0.02081368
  -14.66666667    0.09213101    0.07939329    0.02095182
  -14.58333333    0.09262970    0.07985529    0.02109174
  -14.50000000    0.09313336    0.08032471    0.02123347
  -14.41666667    0.09364208    0.08079809    0.02137705
  -14.33333333    0.09415592    0.08127068    0.02152250
  -14.25000000    0.09467494    0.08173961    0.02166987
  -14.16666667    0.09519922    0.08220576    0.02181918
  -14.08333333    0.09572884    0.08267334    0.02197050
  -14.00000000    0.09626385    0.08314717    0.02212384
  -13.91666667    0.09680433    0.08362963    0.02227925
  -13.83333333    0.09735036    0.08411918    0.02243677
  -13.75000000    0.09790201    0.08461137    0.02259645
  -13.66666667    0.09845936    0.08510180    0.02275832
  -13.58333333    0.09902248    0.08558900    0.02292244
  -13.50000000    0.09959145    0.08607548    0.02308884
  -13.41666667    0.10016636    0.08656618    0.02325758
  -13.33333333    0.10074728    0.08706531    0.02342870
  -13.25000000    0.10133429    0.08757373    0.02360226
  -13.16666667    0.10192747    0.08808837    0.02377830
  -13.08333333    0.10252692    0.08860427    0.02395687
  -13.00000000    0.10313270    0.08911783    0.02413804
  -12.91666667    0.10374491    0.08962921    0.02432185
  -12.83333333    0.10436364    0.09014232    0.02450837
  -12.75000000    0.10498897    0.09066234    0.02469765
  -12.66666667    0.10562099    0.09119248    0.02488975
  -12.58333333    0.10625979    0.09173190    0.02508473
  -12.50000000    0.10690546    0.09227629    0.02528267
  -12.41666667    0.10755808    0.09282068    0.02548362
  -12.33333333    0.10821777    0.09336271    0.02568765
  -12.25000000    0.10888460    0.09390424    0.02589483
  -12.16666667    0.10955867    0.09445022    0.02610524
  -12.08333333    0.11024009    0.09500560    0.02631895
  -12.00000000    0.11092893    0.09557218    0.02653603
  -11.91666667    0.11162530    0.09614746    0.02675657
  -11.83333333    0.11232931    0.09672628    0.02698065
  -11.75000000    0.11304104    0.09730416    0.02720834
  -11.66666667    0.11376059    0.09788031    0.02743974
  -11.58333333    0.11448807    0.09845819    0.02767494
  -11.50000000    0.11522358    0.09904341    0.02791403
  -11.41666667    0.11596721    0.09964017    0.02815710
  -11.33333333    0.11671908    0.10024860    0.02840425
  -11.25000000    0.11747927    0.10086469    0.02865559
  -11.16666667    0.11824790    0.10148287    0.02891121
  -11.08333333    0.11902507    0.10209968    0.02917124
  -11.00000000    0.11981087    0.10271607    0.02943577
  -10.91666667    0.12060541    0.10333693    0.02970493
  -10.83333333    0.12140881    0.10396800    0.02997883
  -10.75000000    0.12222115    0.10461230    0.03025761
  -10.66666667    0.12304254    0.10526813    0.03054138
  -10.58333333    0.12387309    0.10593025    0.03083029
  -10.50000000    0.12471288    0.10659321    0.03112447
  -10.41666667    0.12556204    0.10725499    0.03142406
  -10.33333333    0.12642066    0.10791838    0.03172922
  -10.25000000    0.12728882    0.10858935    0.03204009
  -10.16666667    0.12816664    0.10927326    0.03235684
  -10.08333333    0.12905421    0.10997151    0.03267963
  -10.00000000    0.12995163    0.11068060    0.03300862
   -9.91666667    0.13085898    0.11139443    0.03334401
   -9.83333333    0.13177637    0.11210824    0.03368598
   -9.75000000    0.13270386    0.11282180    0.03403471
   -9.66666667    0.13364156    0.11353969    0.03439042
   -9.58333333    0.13458956    0.11426849    0.03475330
   -9.50000000    0.13554792    0.11501264    0.03512357
   -9.41666667    0.13651671    0.11577161    0.03550145
   -9.33333333    0.13749604    0.11654026    0.03588719
   -9.25000000    0.13848593    0.11731212    0.03628103
   -9.16666667    0.13948647    0.11808366    0.03668321
   -9.08333333    0.14049772    0.11885671    0.03709401
   -9.00000000    0.14151972    0.11963739    0.03751370
   -8.91666667    0.14255252    0.12043237    0.03794257
   -8.83333333    0.14359617    0.12124463    0.03838092
   -8.75000000    0.14465067    0.12207156    0.03882906
   -8.66666667    0.14571608    0.12290661    0.03928733
   -8.58333333    0.14679240    0.12374357    0.03975607
   -8.50000000    0.14787963    0.12458065    0.04023563
   -8.41666667    0.14897777    0.12542181    0.04072639
   -8.33333333    0.15008683    0.12627439    0.04122875
   -8.25000000    0.15120674    0.12714453    0.04174311
   -8.16666667    0.15233748    0.12803327    0.04226992
   -8.08333333    0.15347902    0.12893584    0.04280962
   -8.00000000    0.15463127    0.12984477    0.04336269
   -7.91666667    0.15579415    0.13075472    0.04392962
   -7.83333333    0.15696758    0.13166608    0.04451095
   -7.75000000    0.15815144    0.13258490    0.04510723
   -7.66666667    0.15934560    0.13351923    0.04571903
   -7.58333333    0.16054990    0.13447402    0.04634697
   -7.50000000    0.16176419    0.13544796    0.04699169
   -7.41666667    0.16298827    0.13643429    0.04765388
   -7.33333333    0.16422192    0.13742514    0.04833424
   -7.25000000    0.16546491    0.13841671    0.04903354
   -7.16666667    0.16671699    0.13941188    0.04975258
   -7.08333333    0.16797785    0.14041861    0.05049219
   -7.00000000    0.16924720    0.14144501    0.05125329
   -6.91666667    0.17052469    0.14249415    0.05203682
   -6.83333333    0.17180993    0.14356212    0.05284378
   -6.75000000    0.17310254    0.14464041    0.05367524
   -6.66666667    0.17440208    0.14572146    0.05453234
   -6.58333333    0.17570807    0.14680364    0.05541629
   -6.50000000    0.17702002    0.14789252    0.05632836
   -6.41666667    0.17833740    0.14899757    0.05726994
   -6.33333333    0.17965962    0.15012618    0.05824246
   -6.25000000    0.18098610    0.15127891    0.05924752
   -6.16666667    0.18231617    0.15244904    0.06028675
   -6.08333333    0.18364916    0.15362681    0.06136195
   -6.00000000    0.18498437    0.15480571    0.06247504
   -5.91666667    0.18632104    0.15598688    0.06362807
   -5.83333333    0.18765836    0.15717861    0.06482323
   -5.75000000    0.18899555    0.15839125    0.06606291
   -5.66666667    0.19033175    0.15963060    0.06734965
   -5.58333333    0.19166607    0.16089405    0.06868621
   -5.50000000    0.19299762    0.16217208    0.07007559
   -5.41666667    0.19432547    0.16345424    0.07152100
   -5.33333333    0.19564867    0.16473593    0.07302592
   -5.25000000    0.19696630    0.16602153    0.07459418
   -5.16666667    0.19827739    0.16732186    0.07622990
   -5.08333333    0.19958098    0.16864731    0.07793756
   -5.00000000    0.20087617    0.17000104    0.07972210
   -4.91666667    0.20216203    0.17137664    0.08158889
   -4.83333333    0.20343769    0.17276186    0.08354382
   -4.75000000    0.20470235    0.17414630    0.08559338
   -4.66666667    0.20595527    0.17552808    0.08774469
   -4.58333333    0.20719578    0.17691517    0.09000564
   -4.50000000    0.20842336    0.17832039    0.09238494
   -4.41666667    0.20963758    0.17975299    0.09489227
   -4.33333333    0.21083818    0.18121221    0.09753836
   -4.25000000    0.21202512    0.18268707    0.10033526
   -4.16666667    0.21319854    0.18416275    0.10329639
   -4.08333333    0.21435883    0.18562962    0.10643681
   -4.00000000    0.21550668    0.18708923    0.10977354
   -3.91666667    0.21664310    0.18855312    0.11332578
   -3.83333333    0.21776945    0.19003508    0.11711534
   -3.75000000    0.21888749    0.19154140    0.12116702
   -3.66666667    0.21999943    0.19306556    0.12550922
   -3.58333333    0.22110795    0.19459089    0.13017459
   -3.50000000    0.22221625    0.19609979    0.13520075
   -3.41666667    0.22332806    0.19758386    0.14063139
   -3.33333333    0.22444773    0.19904828    0.14651744
   -3.25000000    0.22558017    0.20050732    0.15291857
   -3.16666667    0.22673091    0.20197343    0.15990522
   -3.08333333    0.22790606    0.20344668    0.16756100
   -3.00000000    0.22911231    0.20491140    0.17598576
   -2.91666667    0.23035685    0.20634258    0.18529976
   -2.83333333    0.23164727    0.20771831    0.19564888
   -2.75000000    0.23299141    0.20903035    0.20721147
   -2.66666667    0.23439716    0.21028582    0.22020770
   -2.58333333    0.23587218    0.21149815    0.23491183
   -2.50000000    0.23742348    0.21267261    0.25166883
   -2.41666667    0.23905693    0.21379526    0.27091754
   -2.33333333    0.24077660    0.21483281    0.29322230
   -2.25000000    0.24258386    0.21574392    0.31931702
   -2.16666667    0.24447635    0.21649522    0.35016771
   -2.08333333    0.24644654    0.21707150    0.38705955
   -2.00000000    0.24848000    0.21747274    0.43171746
   -1.91666667    0.25055336    0.21769849    0.48646857
   -1.83333333    0.25263161    0.21772859    0.55443736
   -1.75000000    0.25466514    0.21751210    0.63971707
   -1.66666667    0.25658602    0.21697214    0.74728612
   -1.58333333    0.25830399    0.21602427    0.88195913
   -1.50000000    0.25970195    0.21459702    1.04447731
   -1.41666667    0.26063145    0.21264054    1.22099963
   -1.33333333    0.26090845    0.21011571    1.36444933
   -1.25000000    0.26031029    0.20696803    1.38937403
   -1.16666667    0.25857483    0.20310142    1.23455124
   -1.08333333    0.25540325    0.19836905    0.95258674
   -1.00000000    0.25046825    0.19258959    0.66181863
   -0.91666667    0.24342944    0.18558243    0.43284142
   -0.83333333    0.23395718    0.17720236    0.27426924
   -0.75000000    0.22176505    0.16735245    0.17017542
   -0.66666667    0.20664888    0.15596539    0.10307291
   -0.58333333    0.18852785    0.14296349    0.06003078
   -0.50000000    0.16748018    0.12822438    0.03253620
   -0.41666667    0.14376445    0.11158287    0.01517950
   -0.33333333    0.11781902    0.09288509    0.00453615
   -0.25000000    0.09023533    0.07208422   -0.00158197
   -0.16666667    0.06170772    0.04934168   -0.00459311
   -0.08333333    0.03296827    0.02508684   -0.00543095
    0.00000000    0.00471932    0.00000000    0.00471932
    0.08333333   -0.02242394   -0.02508684    0.00288039
    0.16666667   -0.04797222   -0.04934168    0.00020279
    0.25000000   -0.07157914   -0.07208422   -0.00311495
    0.33333333   -0.09303877   -0.09288509   -0.00693605
    0.41666667   -0.11226913   -0.11158287   -0.01116685
    0.50000000   -0.12928790   -0.12822438   -0.01574434
    0.58333333   -0.14418599   -0.14296349   -0.02062759
    0.66666667   -0.15710291   -0.15596539   -0.02579204
    0.75000000   -0.16820593   -0.16735245   -0.03122539
    0.83333333   -0.17767402   -0.17720236   -0.03692485
    0.91666667   -0.18568631   -0.18558243   -0.04289521
    1.00000000   -0.19241436   -0.19258959   -0.04914745
    1.08333333   -0.19801756   -0.19836905   -0.05569787
    1.16666667   -0.20264075   -0.20310142   -0.06256744
    1.25000000   -0.20641348   -0.20696803   -0.06978146
    1.33333333   -0.20945019   -0.21011571   -0.07736933
    1.41666667   -0.21185108   -0.21264054   -0.08536444
    1.50000000   -0.21370337   -0.21459702   -0.09380427
    1.58333333   -0.21508258   -0.21602427   -0.10273033
    1.66666667   -0.21605391   -0.21697214   -0.11218838
    1.75000000   -0.21667354   -0.21751210   -0.12222857
    1.83333333   -0.21698979   -0.21772859   -0.13290551
    1.91666667   -0.21704427   -0.21769849   -0.14427840
    2.00000000   -0.21687275   -0.21747274   -0.15641109
    2.08333333   -0.21650606   -0.21707150   -0.16937190
    2.16666667   -0.21597075   -0.21649522   -0.18323346
    2.25000000   -0.21528975   -0.21574392   -0.19807192
    2.33333333   -0.21448288   -0.21483281   -0.21396628
    2.41666667   -0.21356732   -0.21379526   -0.23099681
    2.50000000   -0.21255798   -0.21267261   -0.24924273
    2.58333333   -0.21146781   -0.21149815   -0.26877947
    2.66666667   -0.21030811   -0.21028582   -0.28967424
    2.75000000   -0.20908874   -0.20903035   -0.31198022
    2.83333333   -0.20781833   -0.20771831   -0.33572941
    2.91666667   -0.20650446   -0.20634258   -0.36092304
    3.00000000   -0.20515377   -0.20491140   -0.38751959
    3.08333333   -0.20377213   -0.20344668   -0.41542127
    3.16666667   -0.20236469   -0.20197343   -0.44445801
    3.25000000   -0.20093602   -0.20050732   -0.47437036
    3.33333333   -0.19949017   -0.19904828   -0.50479379
    3.41666667   -0.19803070   -0.19758386   -0.53524540
    3.50000000   -0.19656081   -0.19609979   -0.56511743
    3.58333333   -0.19508331   -0.19459089   -0.59368240
    3.66666667   -0.19360071   -0.19306556   -0.62011281
    3.75000000   -0.19211525   -0.19154140   -0.64351928
    3.83333333   -0.19062893   -0.19003508   -0.66300838
    3.91666667   -0.18914350   -0.18855312   -0.67775490
    4.00000000   -0.18766056   -0.18708923   -0.68708118
    4.08333333   -0.18618151   -0.18562962   -0.69053106
    4.16666667   -0.18470762   -0.18416275   -0.68792380
    4.25000000   -0.18324000   -0.18268707   -0.67937737
    4.33333333   -0.18177963   -0.18121221   -0.66529555
    4.41666667   -0.18032742   -0.17975299   -0.64632176
    4.50000000   -0.17888413   -0.17832039   -0.62326846
    4.58333333   -0.17745048   -0.17691517   -0.59703772
    4.66666667   -0.17602707   -0.17552808   -0.56854415
    4.75000000   -0.17461443   -0.17414630   -0.53865100
    4.83333333   -0.17321305   -0.17276186   -0.50812655
    4.91666667   -0.17182335   -0.17137664   -0.47761850
    5.00000000   -0.17044567   -0.17000104   -0.44764502
    5.08333333   -0.16908034   -0.16864731   -0.41860012
    5.16666667   -0.16772762   -0.16732186   -0.39076533
    5.25000000   -0.16638773   -0.16602153   -0.36432580
    5.33333333   -0.16506087   -0.16473593   -0.33938883
    5.41666667   -0.16374720   -0.16345424   -0.31600037
    5.50000000   -0.16244683   -0.16217208   -0.29415970
    5.58333333   -0.16115987   -0.16089405   -0.27383302
    5.66666667   -0.15988640   -0.15963060   -0.25496336
    5.75000000   -0.15862645   -0.15839125   -0.23747848
    5.83333333   -0.15738006   -0.15717861   -0.22129775
    5.91666667   -0.15614726   -0.15598688   -0.20633639
    6.00000000   -0.15492801   -0.15480571   -0.19250862
    6.08333333   -0.15372231   -0.15362681   -0.17973050
    6.16666667   -0.15253013   -0.15244904   -0.16792120
    6.25000000   -0.15135140   -0.15127891   -0.15700382
    6.33333333   -0.15018608   -0.15012618   -0.14690634
    6.41666667   -0.14903410   -0.14899757   -0.13756167
    6.50000000   -0.14789537   -0.14789252   -0.12890753
    6.58333333   -0.14676981   -0.14680364   -0.12088672
    6.66666667   -0.14565734   -0.14572146   -0.11344667
    6.75000000   -0.14455782   -0.14464041   -0.10653914
    6.83333333   -0.14347118   -0.14356212   -0.10012016
    6.91666667   -0.14239729   -0.14249415   -0.09414958
    7.00000000   -0.14133604   -0.14144501   -0.08859070
    7.08333333   -0.14028730   -0.14041861   -0.08341017
    7.16666667   -0.13925096   -0.13941188   -0.07857760
    7.25000000   -0.13822688   -0.13841671   -0.07406524
    7.33333333   -0.13721493   -0.13742514   -0.06984786
    7.41666667   -0.13621498   -0.13643429   -0.06590246
    7.50000000   -0.13522690   -0.13544796   -0.06220804
    7.58333333   -0.13425054   -0.13447402   -0.05874545
    7.66666667   -0.13328579   -0.13351923   -0.05549725
    7.75000000   -0.13233247   -0.13258490   -0.05244742
    7.83333333   -0.13139048   -0.13166608   -0.04958138
    7.91666667   -0.13045966   -0.13075472   -0.04688578
    8.00000000   -0.12953987   -0.12984477   -0.04434835
    8.08333333   -0.12863097   -0.12893584   -0.04195791
    8.16666667   -0.12773282   -0.12803327   -0.03970412
    8.25000000   -0.12684530   -0.12714453   -0.03757757
    8.33333333   -0.12596824   -0.12627439   -0.03556955
    8.41666667   -0.12510151   -0.12542181   -0.03367203
    8.50000000   -0.12424499   -0.12458065   -0.03187771
    8.58333333   -0.12339853   -0.12374357   -0.03017975
    8.66666667   -0.12256198   -0.12290661   -0.02857189
    8.75000000   -0.12173523   -0.12207156   -0.02704837
    8.83333333   -0.12091813   -0.12124463   -0.02560383
    8.91666667   -0.12011054   -0.12043237   -0.02423330
    9.00000000   -0.11931234   -0.11963739   -0.02293222
    9.08333333   -0.11852340   -0.11885671   -0.02169634
    9.16666667   -0.11774358   -0.11808366   -0.02052169
    9.25000000   -0.11697276   -0.11731212   -0.01940465
    9.33333333   -0.11621082   -0.11654026   -0.01834180
    9.41666667   -0.11545761   -0.11577161   -0.01732997
    9.50000000   -0.11471303   -0.11501264   -0.01636623
    9.58333333   -0.11397695   -0.11426849   -0.01544782
    9.66666667   -0.11324924   -0.11353969   -0.01457218
    9.75000000   -0.11252980   -0.11282180   -0.01373695
    9.83333333   -0.11181849   -0.11210824   -0.01293987
    9.91666667   -0.11111520   -0.11139443   -0.01217886
   10.00000000   -0.11041983   -0.11068060   -0.01145199
   10.08333333   -0.10973225   -0.10997151   -0.01075742
   10.16666667   -0.10905235   -0.10927326   -0.01009344
   10.25000000   -0.10838003   -0.10858935   -0.00945846
   10.33333333   -0.10771517   -0.10791838   -0.00885098
   10.41666667   -0.10705766   -0.10725499   -0.00826957
   10.50000000   -0.10640741   -0.10659321   -0.00771292
   10.58333333   -0.10576431   -0.10593025   -0.00717979
   10.66666667   -0.10512824   -0.10526813   -0.00666900
   10.75000000   -0.10449913   -0.10461230   -0.00617945
   10.83333333   -0.10387686   -0.10396800   -0.00571011
   10.91666667   -0.10326133   -0.10333693   -0.00525999
   11.00000000   -0.10265245   -0.10271607   -0.00482819
   11.08333333   -0.10205013   -0.10209968   -0.00441382
   11.16666667   -0.10145426   -0.10148287   -0.00401607
   11.25000000   -0.10086477   -0.10086469   -0.00363417
   11.33333333   -0.10028156   -0.10024860   -0.00326738
   11.41666667   -0.09970453   -0.09964017   -0.00291500
   11.50000000   -0.09913360   -0.09904341   -0.00257640
   11.58333333   -0.09856869   -0.09845819   -0.00225094
   11.66666667   -0.09800970   -0.09788031   -0.00193805
   11.75000000   -0.09745657   -0.09730416   -0.00163716
   11.83333333   -0.09690920   -0.09672628   -0.00134775
   11.91666667   -0.09636750   -0.09614746   -0.00106932
   12.00000000   -0.09583141   -0.09557218   -0.00080139
   12.08333333   -0.09530084   -0.09500560   -0.00054353
   12.16666667   -0.09477572   -0.09445022   -0.00029529
   12.25000000   -0.09425597   -0.09390424   -0.00005628
   12.33333333   -0.09374151   -0.09336271    0.00017389
   12.41666667   -0.09323227   -0.09282068    0.00039559
   12.50000000   -0.09272818   -0.09227629    0.00060917
   12.58333333   -0.09222918   -0.09173190    0.00081495
   12.66666667   -0.09173517   -0.09119248    0.00101326
   12.75000000   -0.09124611   -0.09066234    0.00120438
   12.83333333   -0.09076192   -0.09014232    0.00138862
   12.91666667   -0.09028252   -0.08962921    0.00156625
   13.00000000   -0.08980788   -0.08911783    0.00173752
   13.08333333   -0.08933790   -0.08860427    0.00190268
   13.16666667   -0.08887253   -0.08808837    0.00206197
   13.25000000   -0.08841171   -0.08757373    0.00221562
   13.33333333   -0.08795538   -0.08706531    0.00236384
   13.41666667   -0.08750347   -0.08656618    0.00250684
   13.50000000   -0.08705592   -0.08607548    0.00264481
   13.58333333   -0.08661269   -0.08558900    0.00277795
   13.66666667   -0.08617370   -0.08510180    0.00290644
   13.75000000   -0.08573891   -0.08461137    0.00303044
   13.83333333   -0.08530825   -0.08411918    0.00315013
   13.91666667   -0.08488167   -0.08362963    0.00326566
   14.00000000   -0.08445912   -0.08314717    0.00337718
   14.08333333   -0.08404055   -0.08267334    0.00348483
   14.16666667   -0.08362590   -0.08220576    0.00358877
   14.25000000   -0.08321512   -0.08173961    0.00368911
   14.33333333   -0.08280816   -0.08127068    0.00378599
   14.41666667   -0.08240497   -0.08079809    0.00387953
   14.50000000   -0.08200550   -0.08032471    0.00396984
   14.58333333   -0.08160971   -0.07985529    0.00405705
   14.66666667   -0.08121753   -0.07939329    0.00414125
   14.75000000   -0.08082894   -0.07893857    0.00422255
   14.83333333   -0.08044389   -0.07848743    0.00430105
   14.91666667   -0.08006231   -0.07803496    0.00437685
   15.00000000   -0.07968419   -0.07757814    0.00445004
   15.08333333   -0.07930946   -0.07711777    0.00452070
   15.16666667   -0.07893808   -0.07665782    0.00458892
   15.25000000   -0.07857002   -0.07620286    0.00465479
   15.33333333   -0.07820524   -0.07575493    0.00471838
   15.41666667   -0.07784368   -0.07531216    0.00477976
   15.50000000   -0.07748531   -0.07486993    0.00483902
   15.58333333   -0.07713009   -0.07442374    0.00489621
   15.66666667   -0.07677798   -0.07397211    0.00495141
   15.75000000   -0.07642895   -0.07351748    0.00500468
   15.83333333   -0.07608294   -0.07306451    0.00505609
   15.91666667   -0.07573994   -0.07261700    0.00510569
   16.00000000   -0.07539989   -0.07217523    0.00515354
   16.08333333   -0.07506276   -0.07173570    0.00519970
   16.16666667   -0.07472853   -0.07129327    0.00524422
   16.25000000   -0.07439715   -0.07084444    0.00528715
   16.33333333   -0.07406858   -0.07038953    0.00532855
   16.41666667   -0.07374280   -0.06993245    0.00536846
   16.50000000   -0.07341976   -0.06947800    0.00540693
   16.58333333   -0.07309944   -0.06902859    0.00544400
   16.66666667   -0.07278181   -0.06858250    0.00547972
   16.75000000   -0.07246683   -0.06813475    0.00551412
   16.83333333   -0.07215446   -0.06768027    0.00554726
   16.91666667   -0.07184470   -0.06721706    0.00557916
   17.00000000   -0.07153748   -0.06674748    0.00560987
   17.08333333   -0.07123279   -0.06627656    0.00563942
   17.16666667   -0.07093061   -0.06580856    0.00566784
   17.25000000   -0.07063088   -0.06534388    0.00569518
   17.33333333   -0.07033360   -0.06487849    0.00572146
   17.41666667   -0.07003873   -0.06440627    0.00574672
   17.50000000   -0.06974625   -0.06392285    0.00577098
   17.58333333   -0.06945611   -0.06342835    0.00579428
   17.66666667   -0.06916832   -0.06292728    0.00581664
   17.75000000   -0.06888281   -0.06242532    0.00583809
   17.83333333   -0.06859958   -0.06192529    0.00585867
   17.91666667   -0.06831861   -0.06142476    0.00587838
   18.00000000   -0.06803986   -0.06091709    0.00589727
   18.08333333   -0.06776330   -0.06039540    0.00591535
   18.16666667   -0.06748892   -0.05985691    0.00593265
   18.25000000   -0.06721668   -0.05930469    0.00594919
   18.33333333   -0.06694657   -0.05874557    0.00596499
   18.41666667   -0.06667856   -0.05818521    0.00598008
   18.50000000   -0.06641263   -0.05762367    0.00599447
   18.58333333   -0.06614875   -0.05705432    0.00600819
   18.66666667   -0.06588690   -0.05646740    0.00602125
   18.75000000   -0.06562706   -0.05585594    0.00603367
   18.83333333   -0.06536920   -0.05522046    0.00604547
   18.91666667   -0.06511331   -0.05456893    0.00605668
   19.00000000   -0.06485936   -0.05391153    0.00606729
   19.08333333   -0.06460733   -0.05325318    0.00607734
   19.16666667   -0.06435720   -0.05258869    0.00608684
   19.25000000   -0.06410895   -0.05190435    0.00609581
   19.33333333   -0.06386256   -0.05118591    0.00610425
   19.41666667   -0.06361801   -0.05042874    0.00611219
   19.50000000   -0.06337528   -0.04964380    0.00611964
   19.58333333   -0.06313434   -0.04885450    0.00612660
   19.66666667   -0.06289519   -0.04808435    0.00613311
   19.75000000   -0.06265779   -0.04734112    0.00613916
   19.83333333   -0.06242214   -0.04660576    0.00614477
   19.91666667   -0.06218822   -0.04583339    0.00614996
   20.00000000   -0.06195599   -0.04496770    0.00615473
