  -20.00000000    0.04766894    0.04055853    0.00270448
  -19.91666667    0.04793852    0.04145048    0.00268104
  -19.83333333    0.04821047    0.04227614    0.00265755
  -19.75000000    0.04848485    0.04306602    0.00263402
  -19.66666667    0.04876168    0.04384623    0.00261044
  -19.58333333    0.04904098    0.04462942    0.00258681
  -19.50000000    0.04932279    0.04541304    0.00256314
  -19.41666667    0.04960716    0.04618457    0.00253943
  -19.33333333    0.04989409    0.04693034    0.00251569
  -19.25000000    0.05018365    0.04764295    0.00249190
  -19.16666667    0.05047586    0.04832413    0.00246808
  -19.08333333    0.05077074    0.04898213    0.00244422
  -19.00000000    0.05106836    0.04962617    0.00242033
  -18.91666667    0.05136874    0.05026130    0.00239641
  -18.83333333    0.05167191    0.05088660    0.00237246
  -18.75000000    0.05197792    0.05149708    0.00234848
  -18.66666667    0.05228681    0.05208785    0.00232448
  -18.58333333    0.05259861    0.05265761    0.00230045
  -18.50000000    0.05291337    0.05320963    0.00227640
  -18.41666667    0.05323113    0.05374978    0.00225234
  -18.33333333    0.05355193    0.05428321    0.00222826
  -18.25000000    0.05387582    0.05481172    0.00220416
  -18.16666667    0.05420283    0.05533343    0.00218006
  -18.08333333    0.05453302    0.05584473    0.00215594
  -18.00000000    0.05486643    0.05634309    0.00213182
  -17.91666667    0.05520310    0.05682896    0.00210770
  -17.83333333    0.05554308    0.05730566    0.00208358
  -17.75000000    0.05588643    0.05777744    0.00205946
  -17.66666667    0.05623319    0.05824708    0.00203535
  -17.58333333    0.05658340    0.05871458    0.00201125
  -17.50000000    0.05693713    0.05917759    0.00198716
  -17.41666667    0.05729443    0.05963334    0.00196309
  -17.33333333    0.05765533    0.06008068    0.00193904
  -17.25000000    0.05801991    0.06052094    0.00191502
  -17.16666667    0.05838822    0.06095720    0.00189102
  -17.08333333    0.05876031    0.06139248    0.00186706
  -17.00000000    0.05913624    0.06182800    0.00184313
  -16.91666667    0.05951608    0.06226273    0.00181925
  -16.83333333    0.05989986    0.06269429    0.00179542
  -16.75000000    0.06028767    0.06312072    0.00177163
  -16.66666667    0.06067957    0.06354187    0.00174790
  -16.58333333    0.06107560    0.06395958    0.00172424
  -16.50000000    0.06147585    0.06437657    0.00170064
  -16.41666667    0.06188038    0.06479482    0.00167711
  -16.33333333    0.06228924    0.06521445    0.00165367
  -16.25000000    0.06270253    0.06563387    0.00163030
  -16.16666667    0.06312030    0.06605093    0.00160703
  -16.08333333    0.06354262    0.06646448    0.00158386
  -16.00000000    0.06396957    0.06687515    0.00156079
  -15.91666667    0.06440122    0.06728503    0.00153783
  -15.83333333    0.06483766    0.06769634    0.00151499
  -15.75000000    0.06527896    0.06811016    0.00149228
  -15.66666667    0.06572519    0.06852582    0.00146970
  -15.58333333    0.06617644    0.06894148    0.00144726
  -15.50000000    0.06663280    0.06935544    0.00142497
  -15.41666667    0.06709434    0.06976730    0.00140285
  -15.33333333    0.06756116    0.07017828    0.00138089
  -15.25000000    0.06803334    0.07059045    0.00135910
  -15.16666667    0.06851098    0.07100549    0.00133751
  -15.08333333    0.06899416    0.07142368    0.00131611
  -15.00000000    0.06948299    0.07184380    0.00129492
  -14.91666667    0.06997756    0.07226404    0.00127395
  -14.83333333    0.07047796    0.07268324    0.00125321
  -14.75000000    0.07098431    0.07310168    0.00123272
  -14.66666667    0.07149670    0.07352097    0.00121247
  -14.58333333    0.07201524    0.07394299    0.00119250
  -14.50000000    0.07254003    0.07436880    0.00117280
  -14.41666667    0.07307120    0.07479801    0.00115340
  -14.33333333    0.07360885    0.07522908    0.00113430
  -14.25000000    0.07415310    0.07566043    0.00111553
  -14.16666667    0.07470407    0.07609151    0.00109709
  -14.08333333    0.07526188    0.07652316    0.00107901
  -14.00000000    0.07582665    0.07695717    0.00106130
  -13.91666667    0.07639851    0.07739511    0.00104398
  -13.83333333    0.07697760    0.07783738    0.00102707
  -13.75000000    0.07756405    0.07828305    0.00101057
  -13.66666667    0.07815798    0.07873050    0.00099452
  -13.58333333    0.07875956    0.07917853    0.00097894
  -13.50000000    0.07936890    0.07962717    0.00096384
  -13.41666667    0.07998617    0.08007774    0.00094924
  -13.33333333    0.08061153    0.08053199    0.00093518
  -13.25000000    0.08124510    0.08099104    0.00092166
  -13.16666667    0.08188707    0.08145470    0.00090873
  -13.08333333    0.08253759    0.08192166    0.00089639
  -13.00000000    0.08319682    0.08239037    0.00088468
  -12.91666667    0.08386494    0.08286014    0.00087363
  -12.83333333    0.08454213    0.08333157    0.00086327
  -12.75000000    0.08522855    0.08380625    0.00085362
  -12.66666667    0.08592440    0.08428575    0.00084471
  -12.58333333    0.08662987    0.08477066    0.00083659
  -12.50000000    0.08734514    0.08526027    0.00082927
  -12.41666667    0.08807042    0.08575304    0.00082281
  -12.33333333    0.08880591    0.08624771    0.00081722
  -12.25000000    0.08955182    0.08674410    0.00081256
  -12.16666667    0.09030835    0.08724333    0.00080886
  -12.08333333    0.09107575    0.08774709    0.00080617
  -12.00000000    0.09185423    0.08825663    0.00080452
  -11.91666667    0.09264401    0.08877197    0.00080397
  -11.83333333    0.09344535    0.08929195    0.00080455
  -11.75000000    0.09425848    0.08981504    0.00080632
  -11.66666667    0.09508366    0.09034035    0.00080934
  -11.58333333    0.09592114    0.09086828    0.00081365
  -11.50000000    0.09677119    0.09140031    0.00081931
  -11.41666667    0.09763409    0.09193808    0.00082637
  -11.33333333    0.09851011    0.09248238    0.00083491
  -11.25000000    0.09939954    0.09303268    0.00084499
  -11.16666667    0.10030267    0.09358754    0.00085666
  -11.08333333    0.10121982    0.09414557    0.00087001
  -11.00000000    0.10215129    0.09470638    0.00088510
  -10.91666667    0.10309740    0.09527091    0.00090201
  -10.83333333    0.10405850    0.09584085    0.00092083
  -10.75000000    0.10503491    0.09641761    0.00094163
  -10.66666667    0.10602698    0.09700146    0.00096450
  -10.58333333    0.10703509    0.09759138    0.00098955
  -10.50000000    0.10805959    0.09818580    0.00101685
  -10.41666667    0.10910087    0.09878363    0.00104652
  -10.33333333    0.11015933    0.09938505    0.00107866
  -10.25000000    0.11123535    0.09999143    0.00111339
  -10.16666667    0.11232937    0.10060454    0.00115081
  -10.08333333    0.11344182    0.10122541    0.00119105
  -10.00000000    0.11457312    0.10185374    0.00123425
   -9.91666667    0.11572373    0.10248813    0.00128053
   -9.83333333    0.11689413    0.10312702    0.00133005
   -9.75000000    0.11808479    0.10376979    0.00138294
   -9.66666667    0.11929621    0.10441719    0.00143936
   -9.58333333    0.12052891    0.10507094    0.00149949
   -9.50000000    0.12178339    0.10573265    0.00156350
   -9.41666667    0.12306021    0.10640287    0.00163156
   -9.33333333    0.12435994    0.10708075    0.00170388
   -9.25000000    0.12568313    0.10776462    0.00178065
   -9.16666667    0.12703039    0.10845315    0.00186209
   -9.08333333    0.12840234    0.10914627    0.00194843
   -9.00000000    0.12979959    0.10984526    0.00203991
   -8.91666667    0.13122279    0.11055200    0.00213677
   -8.83333333    0.13267263    0.11126783    0.00223929
   -8.75000000    0.13414977    0.11199269    0.00234774
   -8.66666667    0.13565494    0.11272524    0.00246242
   -8.58333333    0.13718888    0.11346372    0.00258365
   -8.50000000    0.13875232    0.11420718    0.00271175
   -8.41666667    0.14034605    0.11495615    0.00284709
   -8.33333333    0.14197089    0.11571236    0.00299003
   -8.25000000    0.14362763    0.11647770    0.00314097
   -8.16666667    0.14531714    0.11725301    0.00330033
   -8.08333333    0.14704031    0.11803762    0.00346855
   -8.00000000    0.14879801    0.11882977    0.00364610
   -7.91666667    0.15059120    0.11962781    0.00383349
   -7.83333333    0.15242082    0.12043130    0.00403124
   -7.75000000    0.15428786    0.12124138    0.00423993
   -7.66666667    0.15619333    0.12206009    0.00446016
   -7.58333333    0.15813826    0.12288910    0.00469257
   -7.50000000    0.16012375    0.12372865    0.00493784
   -7.41666667    0.16215089    0.12457742    0.00519670
   -7.33333333    0.16422079    0.12543337    0.00546992
   -7.25000000    0.16633463    0.12629513    0.00575835
   -7.16666667    0.16849361    0.12716289    0.00606287
   -7.08333333    0.17069892    0.12803835    0.00638442
   -7.00000000    0.17295185    0.12892366    0.00672402
   -6.91666667    0.17525366    0.12982004    0.00708276
   -6.83333333    0.17760564    0.13072700    0.00746179
   -6.75000000    0.18000916    0.13164259    0.00786237
   -6.66666667    0.18246557    0.13256469    0.00828585
   -6.58333333    0.18497624    0.13349234    0.00873364
   -6.50000000    0.18754261    0.13442642    0.00920730
   -6.41666667    0.19016610    0.13536906    0.00970850
   -6.33333333    0.19284813    0.13632226    0.01023902
   -6.25000000    0.19559021    0.13728657    0.01080078
   -6.16666667    0.19839379    0.13826062    0.01139588
   -6.08333333    0.20126033    0.13924192    0.01202654
   -6.00000000    0.20419133    0.14022840    0.01269519
   -5.91666667    0.20718825    0.14121967    0.01340446
   -5.83333333    0.21025252    0.14221725    0.01415715
   -5.75000000    0.21338559    0.14322345    0.01495636
   -5.66666667    0.21658883    0.14423982    0.01580538
   -5.58333333    0.21986357    0.14526594    0.01670781
   -5.50000000    0.22321111    0.14629945    0.01766757
   -5.41666667    0.22663261    0.14733738    0.01868889
   -5.33333333    0.23012914    0.14837784    0.01977634
   -5.25000000    0.23370171    0.14942105    0.02093496
   -5.16666667    0.23735109    0.15046896    0.02217016
   -5.08333333    0.24107791    0.15152373    0.02348784
   -5.00000000    0.24488261    0.15258598    0.02489444
   -4.91666667    0.24876533    0.15365395    0.02639693
   -4.83333333    0.25272592    0.15472414    0.02800290
   -4.75000000    0.25676392    0.15579307    0.02972062
   -4.66666667    0.26087842    0.15685904    0.03155903
   -4.58333333    0.26506804    0.15792271    0.03352785
   -4.50000000    0.26933090    0.15898606    0.03563760
   -4.41666667    0.27366443    0.16005047    0.03789965
   -4.33333333    0.27806536    0.16111493    0.04032620
   -4.25000000    0.28252963    0.16217576    0.04293040
   -4.16666667    0.28705218    0.16322793    0.04572623
   -4.08333333    0.29162685    0.16426722    0.04872849
   -4.00000000    0.29624634    0.16529180    0.05195274
   -3.91666667    0.30090187    0.16630223    0.05541505
   -3.83333333    0.30558312    0.16729964    0.05913181
   -3.75000000    0.31027797    0.16828342    0.06311926
   -3.66666667    0.31497232    0.16924970    0.06739296
   -3.58333333    0.31964984    0.17019177    0.07196695
   -3.50000000    0.32429166    0.17110213    0.07685263
   -3.41666667    0.32887621    0.17197494    0.08205729
   -3.33333333    0.33337883    0.17280723    0.08758215
   -3.25000000    0.33777149    0.17359797    0.09341974
   -3.16666667    0.34202256    0.17434547    0.09955088
   -3.08333333    0.34609643    0.17504479    0.10594077
   -3.00000000    0.34995327    0.17568669    0.11253444
   -2.91666667    0.35354880    0.17625897    0.11925193
   -2.83333333    0.35683407    0.17674936    0.12598327
   -2.75000000    0.35975530    0.17714806    0.13258398
   -2.66666667    0.36225393    0.17744818    0.13887261
   -2.58333333    0.36426669    0.17764364    0.14463107
   -2.50000000    0.36572583    0.17772567    0.14960981
   -2.41666667    0.36655964    0.17768004    0.15353944
   -2.33333333    0.36669315    0.17748690    0.15614923
   -2.25000000    0.36604909    0.17712343    0.15719218
   -2.16666667    0.36454918    0.17656753    0.15647390
   -2.08333333    0.36211573    0.17580026    0.15388061
   -2.00000000    0.35867359    0.17480509    0.14940034
   -1.91666667    0.35415231    0.17356414    0.14313179
   -1.83333333    0.34848866    0.17205369    0.13527802
   -1.75000000    0.34162920    0.17024173    0.12612535
   -1.66666667    0.33353305    0.16808945    0.11601236
   -1.58333333    0.32417445    0.16555591    0.10529526
   -1.50000000    0.31354516    0.16260322    0.09431622
   -1.41666667    0.30165642    0.15919863    0.08337960
   -1.33333333    0.28854044    0.15531204    0.07273763
   -1.25000000    0.27425097    0.15091024    0.06258531
   -1.16666667    0.25886334    0.14595165    0.05306253
   -1.08333333    0.24247346    0.14038564    0.04426078
   -1.00000000    0.22519596    0.13415820    0.03623203
   -0.91666667    0.20716172    0.12722141    0.02899829
   -0.83333333    0.18851448    0.11954169    0.02256035
   -0.75000000    0.16940726    0.11110120    0.01690544
   -0.66666667    0.14999817    0.10189093    0.01201337
   -0.58333333    0.13044637    0.09189897    0.00786148
   -0.50000000    0.11090811    0.08110211    0.00442831
   -0.41666667    0.09153290    0.06946912    0.00169652
   -0.33333333    0.07246046    0.05697948   -0.00034497
   -0.25000000    0.05381790    0.04365342   -0.00169918
   -0.16666667    0.03571785    0.02958221   -0.00235954
   -0.08333333    0.01825709    0.01494470   -0.00230848
    0.00000000    0.00151587    0.00000000    0.00151587
    0.08333333   -0.01444215   -0.01494470   -0.00006264
    0.16666667   -0.02956940   -0.02958221   -0.00248768
    0.25000000   -0.04383356   -0.04365342   -0.00583858
    0.33333333   -0.05721627   -0.05697948   -0.01021640
    0.41666667   -0.06971173   -0.06946912   -0.01574765
    0.50000000   -0.08132512   -0.08110211   -0.02258889
    0.58333333   -0.09207092   -0.09189897   -0.03093230
    0.66666667   -0.10197134   -0.10189093   -0.04101253
    0.75000000   -0.11105478   -0.11110120   -0.05311480
    0.83333333   -0.11935442   -0.11954169   -0.06758464
    0.91666667   -0.12690691   -0.12722141   -0.08483893
    1.00000000   -0.13375126   -0.13415820   -0.10537807
    1.08333333   -0.13992788   -0.14038564   -0.12979867
    1.16666667   -0.14547772   -0.14595165   -0.15880460
    1.25000000   -0.15044166   -0.15091024   -0.19321371
    1.33333333   -0.15485988   -0.15531204   -0.23395374
    1.41666667   -0.15877150   -0.15919863   -0.28203854
    1.50000000   -0.16221425   -0.16260322   -0.33850974
    1.58333333   -0.16522420   -0.16555591   -0.40432213
    1.66666667   -0.16783562   -0.16808945   -0.48014803
    1.75000000   -0.17008092   -0.17024173   -0.56607730
    1.83333333   -0.17199055   -0.17205369   -0.66120847
    1.91666667   -0.17359300   -0.17356414   -0.76318322
    2.00000000   -0.17491488   -0.17480509   -0.86780491
    2.08333333   -0.17598088   -0.17580026   -0.96898471
    2.16666667   -0.17681394   -0.17656753   -1.05929126
    2.25000000   -0.17743523   -0.17712343   -1.13120356
    2.33333333   -0.17786430   -0.17748690   -1.17879395
    2.41666667   -0.17811917   -0.17768004   -1.19917794
    2.50000000   -0.17821638   -0.17772567   -1.19306629
    2.58333333   -0.17817114   -0.17764364   -1.16421085
    2.66666667   -0.17799739   -0.17744818   -1.11812015
    2.75000000   -0.17770789   -0.17714806   -1.06067974
    2.83333333   -0.17731431   -0.17674936   -0.99714440
    2.91666667   -0.17682734   -0.17625897   -0.93164456
    3.00000000   -0.17625673   -0.17568669   -0.86710563
    3.08333333   -0.17561138   -0.17504479   -0.80540064
    3.16666667   -0.17489940   -0.17434547   -0.74759089
    3.25000000   -0.17412819   -0.17359797   -0.69416365
    3.33333333   -0.17330451   -0.17280723   -0.64522705
    3.41666667   -0.17243447   -0.17197494   -0.60065657
    3.50000000   -0.17152368   -0.17110213   -0.56019693
    3.58333333   -0.17057721   -0.17019177   -0.52352846
    3.66666667   -0.16959968   -0.16924970   -0.49030972
    3.75000000   -0.16859530   -0.16828342   -0.46020307
    3.83333333   -0.16756788   -0.16729964   -0.43288828
    3.91666667   -0.16652087   -0.16630223   -0.40806992
    4.00000000   -0.16545743   -0.16529180   -0.38548026
    4.08333333   -0.16438039   -0.16426722   -0.36487894
    4.16666667   -0.16329235   -0.16322793   -0.34605227
    4.25000000   -0.16219564   -0.16217576   -0.32881051
    4.33333333   -0.16109237   -0.16111493   -0.31298631
    4.41666667   -0.15998447   -0.16005047   -0.29843196
    4.50000000   -0.15887365   -0.15898606   -0.28501692
    4.58333333   -0.15776148   -0.15792271   -0.27262628
    4.66666667   -0.15664938   -0.15685904   -0.26115852
    4.75000000   -0.15553859   -0.15579307   -0.25052375
    4.83333333   -0.15443026   -0.15472414   -0.24064255
    4.91666667   -0.15332543   -0.15365395   -0.23144449
    5.00000000   -0.15222499   -0.15258598   -0.22286686
    5.08333333   -0.15112978   -0.15152373   -0.21485399
    5.16666667   -0.15004053   -0.15046896   -0.20735623
    5.25000000   -0.14895788   -0.14942105   -0.20032911
    5.33333333   -0.14788242   -0.14837784   -0.19373291
    5.41666667   -0.14681466   -0.14733738   -0.18753203
    5.50000000   -0.14575505   -0.14629945   -0.18169434
    5.58333333   -0.14470398   -0.14526594   -0.17619102
    5.66666667   -0.14366181   -0.14423982   -0.17099607
    5.75000000   -0.14262884   -0.14322345   -0.16608587
    5.83333333   -0.14160531   -0.14221725   -0.16143914
    5.91666667   -0.14059146   -0.14121967   -0.15703656
    6.00000000   -0.13958747   -0.14022840   -0.15286050
    6.08333333   -0.13859350   -0.13924192   -0.14889497
    6.16666667   -0.13760967   -0.13826062   -0.14512539
    6.25000000   -0.13663607   -0.13728657   -0.14153838
    6.33333333   -0.13567280   -0.13632226   -0.13812176
    6.41666667   -0.13471991   -0.13536906   -0.13486435
    6.50000000   -0.13377743   -0.13442642   -0.13175586
    6.58333333   -0.13284539   -0.13349234   -0.12878686
    6.66666667   -0.13192378   -0.13256469   -0.12594869
    6.75000000   -0.13101260   -0.13164259   -0.12323331
    6.83333333   -0.13011182   -0.13072700   -0.12063334
    6.91666667   -0.12922142   -0.12982004   -0.11814197
    7.00000000   -0.12834135   -0.12892366   -0.11575284
    7.08333333   -0.12747154   -0.12803835   -0.11346012
    7.16666667   -0.12661195   -0.12716289   -0.11125839
    7.25000000   -0.12576249   -0.12629513   -0.10914257
    7.33333333   -0.12492310   -0.12543337   -0.10710798
    7.41666667   -0.12409369   -0.12457742   -0.10515027
    7.50000000   -0.12327418   -0.12372865   -0.10326534
    7.58333333   -0.12246446   -0.12288910   -0.10144941
    7.66666667   -0.12166447   -0.12206009   -0.09969895
    7.75000000   -0.12087407   -0.12124138   -0.09801061
    7.83333333   -0.12009319   -0.12043130   -0.09638131
    7.91666667   -0.11932171   -0.11962781   -0.09480815
    8.00000000   -0.11855952   -0.11882977   -0.09328838
    8.08333333   -0.11780652   -0.11803762   -0.09181948
    8.16666667   -0.11706259   -0.11725301   -0.09039902
    8.25000000   -0.11632764   -0.11647770   -0.08902478
    8.33333333   -0.11560155   -0.11571236   -0.08769461
    8.41666667   -0.11488418   -0.11495615   -0.08640651
    8.50000000   -0.11417546   -0.11420718   -0.08515862
    8.58333333   -0.11347525   -0.11346372   -0.08394916
    8.66666667   -0.11278343   -0.11272524   -0.08277643
    8.75000000   -0.11209992   -0.11199269   -0.08163889
    8.83333333   -0.11142457   -0.11126783   -0.08053503
    8.91666667   -0.11075729   -0.11055200   -0.07946342
    9.00000000   -0.11009797   -0.10984526   -0.07842274
    9.08333333   -0.10944648   -0.10914627   -0.07741173
    9.16666667   -0.10880272   -0.10845315   -0.07642916
    9.25000000   -0.10816659   -0.10776462   -0.07547393
    9.33333333   -0.10753797   -0.10708075   -0.07454494
    9.41666667   -0.10691675   -0.10640287   -0.07364117
    9.50000000   -0.10630283   -0.10573265   -0.07276164
    9.58333333   -0.10569611   -0.10507094   -0.07190544
    9.66666667   -0.10509646   -0.10441719   -0.07107167
    9.75000000   -0.10450381   -0.10376979   -0.07025951
    9.83333333   -0.10391803   -0.10312702   -0.06946815
    9.91666667   -0.10333903   -0.10248813   -0.06869684
   10.00000000   -0.10276672   -0.10185374   -0.06794485
   10.08333333   -0.10220099   -0.10122541   -0.06721150
   10.16666667   -0.10164174   -0.10060454   -0.06649611
   10.25000000   -0.10108888   -0.09999143   -0.06579808
   10.33333333   -0.10054232   -0.09938505   -0.06511679
   10.41666667   -0.10000195   -0.09878363   -0.06445167
   10.50000000   -0.09946770   -0.09818580   -0.06380217
   10.58333333   -0.09893947   -0.09759138   -0.06316778
   10.66666667   -0.09841716   -0.09700146   -0.06254797
   10.75000000   -0.09790070   -0.09641761   -0.06194229
   10.83333333   -0.09739000   -0.09584085   -0.06135027
   10.91666667   -0.09688495   -0.09527091   -0.06077145
   11.00000000   -0.09638551   -0.09470638   -0.06020544
   11.08333333   -0.09589156   -0.09414557   -0.05965181
   11.16666667   -0.09540303   -0.09358754   -0.05911018
   11.25000000   -0.09491985   -0.09303268   -0.05858019
   11.33333333   -0.09444193   -0.09248238   -0.05806146
   11.41666667   -0.09396920   -0.09193808   -0.05755366
   11.50000000   -0.09350158   -0.09140031   -0.05705646
   11.58333333   -0.09303899   -0.09086828   -0.05656953
   11.66666667   -0.09258136   -0.09034035   -0.05609258
   11.75000000   -0.09212862   -0.08981504   -0.05562531
   11.83333333   -0.09168070   -0.08929195   -0.05516745
   11.91666667   -0.09123752   -0.08877197   -0.05471870
   12.00000000   -0.09079903   -0.08825663   -0.05427883
   12.08333333   -0.09036514   -0.08774709   -0.05384757
   12.16666667   -0.08993580   -0.08724333   -0.05342469
   12.25000000   -0.08951093   -0.08674410   -0.05300994
   12.33333333   -0.08909048   -0.08624771   -0.05260311
   12.41666667   -0.08867438   -0.08575304   -0.05220397
   12.50000000   -0.08826257   -0.08526027   -0.05181232
   12.58333333   -0.08785498   -0.08477066   -0.05142796
   12.66666667   -0.08745155   -0.08428575   -0.05105068
   12.75000000   -0.08705224   -0.08380625   -0.05068031
   12.83333333   -0.08665697   -0.08333157   -0.05031665
   12.91666667   -0.08626569   -0.08286014   -0.04995954
   13.00000000   -0.08587835   -0.08239037   -0.04960881
   13.08333333   -0.08549489   -0.08192166   -0.04926429
   13.16666667   -0.08511525   -0.08145470   -0.04892582
   13.25000000   -0.08473938   -0.08099104   -0.04859325
   13.33333333   -0.08436723   -0.08053199   -0.04826643
   13.41666667   -0.08399875   -0.08007774   -0.04794521
   13.50000000   -0.08363389   -0.07962717   -0.04762947
   13.58333333   -0.08327259   -0.07917853   -0.04731906
   13.66666667   -0.08291480   -0.07873050   -0.04701385
   13.75000000   -0.08256049   -0.07828305   -0.04671373
   13.83333333   -0.08220960   -0.07783738   -0.04641856
   13.91666667   -0.08186207   -0.07739511   -0.04612822
   14.00000000   -0.08151788   -0.07695717   -0.04584261
   14.08333333   -0.08117698   -0.07652316   -0.04556162
   14.16666667   -0.08083930   -0.07609151   -0.04528512
   14.25000000   -0.08050483   -0.07566043   -0.04501304
   14.33333333   -0.08017351   -0.07522908   -0.04474525
   14.41666667   -0.07984529   -0.07479801   -0.04448165
   14.50000000   -0.07952015   -0.07436880   -0.04422217
   14.58333333   -0.07919803   -0.07394299   -0.04396670
   14.66666667   -0.07887890   -0.07352097   -0.04371515
   14.75000000   -0.07856272   -0.07310168   -0.04346745
   14.83333333   -0.07824944   -0.07268324   -0.04322349
   14.91666667   -0.07793904   -0.07226404   -0.04298320
   15.00000000   -0.07763147   -0.07184380   -0.04274650
   15.08333333   -0.07732669   -0.07142368   -0.04251332
   15.16666667   -0.07702467   -0.07100549   -0.04228356
   15.25000000   -0.07672538   -0.07059045   -0.04205718
   15.33333333   -0.07642878   -0.07017828   -0.04183408
   15.41666667   -0.07613483   -0.06976730   -0.04161421
   15.50000000   -0.07584350   -0.06935544   -0.04139749
   15.58333333   -0.07555475   -0.06894148   -0.04118387
   15.66666667   -0.07526856   -0.06852582   -0.04097326
   15.75000000   -0.07498489   -0.06811016   -0.04076563
   15.83333333   -0.07470371   -0.06769634   -0.04056089
   15.91666667   -0.07442498   -0.06728503   -0.04035900
   16.00000000   -0.07414868   -0.06687515   -0.04015990
   16.08333333   -0.07387478   -0.06646448   -0.03996353
   16.16666667   -0.07360325   -0.06605093   -0.03976983
   16.25000000   -0.07333404   -0.06563387   -0.03957876
   16.33333333   -0.07306715   -0.06521445   -0.03939026
   16.41666667   -0.07280254   -0.06479482   -0.03920428
   16.50000000   -0.07254017   -0.06437657   -0.03902078
   16.58333333   -0.07228003   -0.06395958   -0.03883970
   16.66666667   -0.07202209   -0.06354187   -0.03866100
   16.75000000   -0.07176631   -0.06312072   -0.03848463
   16.83333333   -0.07151268   -0.06269429   -0.03831055
   16.91666667   -0.07126117   -0.06226273   -0.03813872
   17.00000000   -0.07101174   -0.06182800   -0.03796909
   17.08333333   -0.07076438   -0.06139248   -0.03780163
   17.16666667   -0.07051906   -0.06095720   -0.03763629
   17.25000000   -0.07027576   -0.06052094   -0.03747302
   17.33333333   -0.07003445   -0.06008068   -0.03731181
   17.41666667   -0.06979511   -0.05963334   -0.03715261
   17.50000000   -0.06955772   -0.05917759   -0.03699537
   17.58333333   -0.06932224   -0.05871458   -0.03684007
   17.66666667   -0.06908868   -0.05824708   -0.03668668
   17.75000000   -0.06885698   -0.05777744   -0.03653515
   17.83333333   -0.06862714   -0.05730566   -0.03638545
   17.91666667   -0.06839914   -0.05682896   -0.03623756
   18.00000000   -0.06817295   -0.05634309   -0.03609144
   18.08333333   -0.06794855   -0.05584473   -0.03594706
   18.16666667   -0.06772592   -0.05533343   -0.03580439
   18.25000000   -0.06750504   -0.05481172   -0.03566339
   18.33333333   -0.06728589   -0.05428321   -0.03552405
   18.41666667   -0.06706846   -0.05374978   -0.03538634
   18.50000000   -0.06685272   -0.05320963   -0.03525022
   18.58333333   -0.06663864   -0.05265761   -0.03511566
   18.66666667   -0.06642623   -0.05208785   -0.03498265
   18.75000000   -0.06621544   -0.05149708   -0.03485116
   18.83333333   -0.06600627   -0.05088660   -0.03472115
   18.91666667   -0.06579871   -0.05026130   -0.03459262
   19.00000000   -0.06559272   -0.04962617   -0.03446553
   19.08333333   -0.06538829   -0.04898213   -0.03433985
   19.16666667   -0.06518542   -0.04832413   -0.03421557
   19.25000000   -0.06498406   -0.04764295   -0.03409267
   19.33333333   -0.06478422   -0.04693034   -0.03397111
   19.41666667   -0.06458588   -0.04618457   -0.03385089
   19.50000000   -0.06438902   -0.04541304   -0.03373197
   19.58333333   -0.06419361   -0.04462942   -0.03361434
   19.66666667   -0.06399966   -0.04384623   -0.03349798
   19.75000000   -0.06380713   -0.04306602   -0.03338287
   19.83333333   -0.06361602   -0.04227614   -0.03326898
   19.91666667   -0.06342632   -0.04145048   -0.03315631
   20.00000000   -0.06323799   -0.04055853   -0.03304482
