  -20.00000000    0.08369627    0.04307668    0.00892890
  -19.91666667    0.08401592    0.04388941    0.00901579
  -19.83333333    0.08433818    0.04460557    0.00910352
  -19.75000000    0.08466309    0.04528240    0.00919208
  -19.66666667    0.08499068    0.04596665    0.00928149
  -19.58333333    0.08532097    0.04667977    0.00937177
  -19.50000000    0.08565400    0.04741607    0.00946292
  -19.41666667    0.08598981    0.04815281    0.00955496
  -19.33333333    0.08632841    0.04886582    0.00964790
  -19.25000000    0.08666986    0.04954225    0.00974175
  -19.16666667    0.08701418    0.05018482    0.00983653
  -19.08333333    0.08736140    0.05080696    0.00993225
  -19.00000000    0.08771157    0.05142300    0.01002892
  -18.91666667    0.08806472    0.05203975    0.01012655
  -18.83333333    0.08842087    0.05265380    0.01022517
  -18.75000000    0.08878008    0.05325535    0.01032478
  -18.66666667    0.08914238    0.05383541    0.01042541
  -18.58333333    0.08950779    0.05439158    0.01052705
  -18.50000000    0.08987637    0.05492922    0.01062974
  -18.41666667    0.09024816    0.05545778    0.01073348
  -18.33333333    0.09062318    0.05598493    0.01083829
  -18.25000000    0.09100149    0.05651242    0.01094419
  -18.16666667    0.09138311    0.05703592    0.01105119
  -18.08333333    0.09176810    0.05754860    0.01115931
  -18.00000000    0.09215649    0.05804600    0.01126857
  -17.91666667    0.09254834    0.05852897    0.01137899
  -17.83333333    0.09294366    0.05900313    0.01149058
  -17.75000000    0.09334253    0.05947526    0.01160336
  -17.66666667    0.09374497    0.05994930    0.01171734
  -17.58333333    0.09415103    0.06042427    0.01183256
  -17.50000000    0.09456077    0.06089551    0.01194902
  -17.41666667    0.09497423    0.06135803    0.01206675
  -17.33333333    0.09539143    0.06181000    0.01218577
  -17.25000000    0.09581246    0.06225391    0.01230610
  -17.16666667    0.09623735    0.06269501    0.01242775
  -17.08333333    0.09666613    0.06313804    0.01255075
  -17.00000000    0.09709889    0.06358438    0.01267513
  -16.91666667    0.09753565    0.06403156    0.01280090
  -16.83333333    0.09797647    0.06447512    0.01292809
  -16.75000000    0.09842141    0.06491174    0.01305672
  -16.66666667    0.09887052    0.06534145    0.01318681
  -16.58333333    0.09932384    0.06576763    0.01331838
  -16.50000000    0.09978144    0.06619488    0.01345148
  -16.41666667    0.10024338    0.06662613    0.01358611
  -16.33333333    0.10070970    0.06706097    0.01372230
  -16.25000000    0.10118047    0.06749613    0.01386009
  -16.16666667    0.10165575    0.06792781    0.01399949
  -16.08333333    0.10213558    0.06835420    0.01414054
  -16.00000000    0.10262004    0.06877674    0.01428327
  -15.91666667    0.10310918    0.06919917    0.01442769
  -15.83333333    0.10360308    0.06962519    0.01457385
  -15.75000000    0.10410178    0.07005615    0.01472177
  -15.66666667    0.10460535    0.07049035    0.01487148
  -15.58333333    0.10511387    0.07092427    0.01502303
  -15.50000000    0.10562739    0.07135502    0.01517642
  -15.41666667    0.10614597    0.07178219    0.01533171
  -15.33333333    0.10666970    0.07220822    0.01548893
  -15.25000000    0.10719863    0.07263680    0.01564810
  -15.16666667    0.10773284    0.07307055    0.01580927
  -15.08333333    0.10827240    0.07350944    0.01597247
  -15.00000000    0.10881738    0.07395090    0.01613774
  -14.91666667    0.10936784    0.07439163    0.01630512
  -14.83333333    0.10992388    0.07482978    0.01647465
  -14.75000000    0.11048555    0.07526619    0.01664636
  -14.66666667    0.11105294    0.07570390    0.01682030
  -14.58333333    0.11162613    0.07614620    0.01699651
  -14.50000000    0.11220518    0.07659455    0.01717503
  -14.41666667    0.11279019    0.07704777    0.01735591
  -14.33333333    0.11338123    0.07750283    0.01753920
  -14.25000000    0.11397838    0.07795694    0.01772493
  -14.16666667    0.11458172    0.07840941    0.01791317
  -14.08333333    0.11519135    0.07886210    0.01810395
  -14.00000000    0.11580733    0.07931828    0.01829732
  -13.91666667    0.11642977    0.07978055    0.01849335
  -13.83333333    0.11705874    0.08024922    0.01869207
  -13.75000000    0.11769434    0.08072219    0.01889356
  -13.66666667    0.11833664    0.08119636    0.01909785
  -13.58333333    0.11898576    0.08166975    0.01930502
  -13.50000000    0.11964176    0.08214276    0.01951511
  -13.41666667    0.12030475    0.08261801    0.01972819
  -13.33333333    0.12097482    0.08309867    0.01994432
  -13.25000000    0.12165206    0.08358644    0.02016356
  -13.16666667    0.12233658    0.08408053    0.02038599
  -13.08333333    0.12302846    0.08457824    0.02061166
  -13.00000000    0.12372780    0.08507676    0.02084065
  -12.91666667    0.12443470    0.08557503    0.02107302
  -12.83333333    0.12514927    0.08607451    0.02130886
  -12.75000000    0.12587160    0.08657827    0.02154824
  -12.66666667    0.12660178    0.08708903    0.02179123
  -12.58333333    0.12733994    0.08760749    0.02203791
  -12.50000000    0.12808616    0.08813191    0.02228837
  -12.41666667    0.12884055    0.08865930    0.02254269
  -12.33333333    0.12960322    0.08918740    0.02280096
  -12.25000000    0.13037426    0.08971624    0.02306327
  -12.16666667    0.13115378    0.09024813    0.02332971
  -12.08333333    0.13194191    0.09078624    0.02360037
  -12.00000000    0.13273872    0.09133262    0.02387536
  -11.91666667    0.13354433    0.09188691    0.02415477
  -11.83333333    0.13435886    0.09244663    0.02443871
  -11.75000000    0.13518240    0.09300882    0.02472729
  -11.66666667    0.13601506    0.09357205    0.02502062
  -11.58333333    0.13685696    0.09413741    0.02531881
  -11.50000000    0.13770819    0.09470782    0.02562198
  -11.41666667    0.13856886    0.09528626    0.02593026
  -11.33333333    0.13943908    0.09587389    0.02624376
  -11.25000000    0.14031895    0.09646932    0.02656263
  -11.16666667    0.14120858    0.09706959    0.02688698
  -11.08333333    0.14210808    0.09767214    0.02721698
  -11.00000000    0.14301752    0.09827651    0.02755275
  -10.91666667    0.14393704    0.09888476    0.02789444
  -10.83333333    0.14486672    0.09950016    0.02824222
  -10.75000000    0.14580665    0.10012519    0.02859623
  -10.66666667    0.14675693    0.10075996    0.02895665
  -10.58333333    0.14771766    0.10140221    0.02932365
  -10.50000000    0.14868892    0.10204880    0.02969739
  -10.41666667    0.14967079    0.10269785    0.03007807
  -10.33333333    0.15066338    0.10334998    0.03046588
  -10.25000000    0.15166673    0.10400806    0.03086100
  -10.16666667    0.15268094    0.10467539    0.03126364
  -10.08333333    0.15370608    0.10535366    0.03167403
  -10.00000000    0.15474219    0.10604191    0.03209237
   -9.91666667    0.15578934    0.10673719    0.03251889
   -9.83333333    0.15684761    0.10743655    0.03295384
   -9.75000000    0.15791700    0.10813899    0.03339744
   -9.66666667    0.15899757    0.10884625    0.03384997
   -9.58333333    0.16008935    0.10956176    0.03431169
   -9.50000000    0.16119235    0.11028852    0.03478287
   -9.41666667    0.16230658    0.11102722    0.03526379
   -9.33333333    0.16343206    0.11177586    0.03575478
   -9.25000000    0.16456875    0.11253109    0.03625611
   -9.16666667    0.16571664    0.11329045    0.03676813
   -9.08333333    0.16687571    0.11405405    0.03729118
   -9.00000000    0.16804587    0.11482464    0.03782561
   -8.91666667    0.16922707    0.11560591    0.03837177
   -8.83333333    0.17041924    0.11640025    0.03893007
   -8.75000000    0.17162226    0.11720718    0.03950089
   -8.66666667    0.17283601    0.11802381    0.04008465
   -8.58333333    0.17406037    0.11884671    0.04068181
   -8.50000000    0.17529515    0.11967422    0.04129281
   -8.41666667    0.17654017    0.12050767    0.04191812
   -8.33333333    0.17779523    0.12135065    0.04255827
   -8.25000000    0.17906008    0.12220678    0.04321375
   -8.16666667    0.18033444    0.12307748    0.04388514
   -8.08333333    0.18161804    0.12396111    0.04457301
   -8.00000000    0.18291052    0.12485406    0.04527795
   -7.91666667    0.18421154    0.12575317    0.04600061
   -7.83333333    0.18552066    0.12665790    0.04674165
   -7.75000000    0.18683748    0.12757080    0.04750179
   -7.66666667    0.18816148    0.12849603    0.04828175
   -7.58333333    0.18949215    0.12943674    0.04908231
   -7.50000000    0.19082891    0.13039318    0.04990431
   -7.41666667    0.19217113    0.13136251    0.05074859
   -7.33333333    0.19351813    0.13234072    0.05161606
   -7.25000000    0.19486919    0.13332533    0.05250771
   -7.16666667    0.19622351    0.13431709    0.05342453
   -7.08333333    0.19758024    0.13531970    0.05436761
   -7.00000000    0.19893847    0.13633752    0.05533808
   -6.91666667    0.20029721    0.13737288    0.05633716
   -6.83333333    0.20165540    0.13842461    0.05736611
   -6.75000000    0.20301193    0.13948881    0.05842631
   -6.66666667    0.20436560    0.14056145    0.05951918
   -6.58333333    0.20571512    0.14164105    0.06064626
   -6.50000000    0.20705914    0.14272983    0.06180920
   -6.41666667    0.20839622    0.14383239    0.06300972
   -6.33333333    0.20972482    0.14495290    0.06424967
   -6.25000000    0.21104334    0.14609244    0.06553106
   -6.16666667    0.21235007    0.14724828    0.06685598
   -6.08333333    0.21364322    0.14841570    0.06822671
   -6.00000000    0.21492091    0.14959102    0.06964569
   -5.91666667    0.21618117    0.15077412    0.07111552
   -5.83333333    0.21742194    0.15196866    0.07263899
   -5.75000000    0.21864109    0.15317984    0.07421915
   -5.66666667    0.21983638    0.15441109    0.07585922
   -5.58333333    0.22100552    0.15566183    0.07756272
   -5.50000000    0.22214614    0.15692773    0.07933345
   -5.41666667    0.22325580    0.15820348    0.08117551
   -5.33333333    0.22433201    0.15948618    0.08309334
   -5.25000000    0.22537225    0.16077731    0.08509180
   -5.16666667    0.22637396    0.16208184    0.08717615
   -5.08333333    0.22733456    0.16340501    0.08935211
   -5.00000000    0.22825150    0.16474890    0.09162598
   -4.91666667    0.22912225    0.16611079    0.09400462
   -4.83333333    0.22994432    0.16748473    0.09649555
   -4.75000000    0.23071534    0.16886509    0.09910707
   -4.66666667    0.23143301    0.17025010    0.10184831
   -4.58333333    0.23209522    0.17164290    0.10472933
   -4.50000000    0.23270003    0.17304934    0.10776135
   -4.41666667    0.23324576    0.17447395    0.11095675
   -4.33333333    0.23373100    0.17591653    0.11432933
   -4.25000000    0.23415466    0.17737167    0.11789458
   -4.16666667    0.23451609    0.17883158    0.12166977
   -4.08333333    0.23481504    0.18029050    0.12567433
   -4.00000000    0.23505182    0.18174791    0.12993024
   -3.91666667    0.23522729    0.18320826    0.13446230
   -3.83333333    0.23534297    0.18467737    0.13929875
   -3.75000000    0.23540109    0.18615766    0.14447175
   -3.66666667    0.23540464    0.18764524    0.15001822
   -3.58333333    0.23535747    0.18913086    0.15598062
   -3.50000000    0.23526433    0.19060428    0.16240800
   -3.41666667    0.23513088    0.19205920    0.16935743
   -3.33333333    0.23496379    0.19349571    0.17689556
   -3.25000000    0.23477072    0.19491825    0.18510066
   -3.16666667    0.23456032    0.19633044    0.19406527
   -3.08333333    0.23434223    0.19772973    0.20389945
   -3.00000000    0.23412700    0.19910552    0.21473491
   -2.91666667    0.23392599    0.20044202    0.22673049
   -2.83333333    0.23375123    0.20172418    0.24007919
   -2.75000000    0.23361519    0.20294289    0.25501715
   -2.66666667    0.23353050    0.20409584    0.27183593
   -2.58333333    0.23350956    0.20518327    0.29089849
   -2.50000000    0.23356404    0.20620073    0.31266032
   -2.41666667    0.23370427    0.20713365    0.33769834
   -2.33333333    0.23393839    0.20795698    0.36674884
   -2.25000000    0.23427141    0.20864054    0.40075751
   -2.16666667    0.23470397    0.20915665    0.44094445
   -2.08333333    0.23523088    0.20948489    0.48888154
   -2.00000000    0.23583928    0.20961044    0.54657024
   -1.91666667    0.23650662    0.20951631    0.61647829
   -1.83333333    0.23719813    0.20917374    0.70140737
   -1.75000000    0.23786403    0.20853692    0.80387285
   -1.66666667    0.23843643    0.20754536    0.92424622
   -1.58333333    0.23882605    0.20613292    1.05627283
   -1.50000000    0.23891888    0.20423751    1.17875797
   -1.41666667    0.23857326    0.20180483    1.24764597
   -1.33333333    0.23761777    0.19878253    1.20770000
   -1.25000000    0.23585067    0.19510751    1.04034638
   -1.16666667    0.23304177    0.19069396    0.79761794
   -1.08333333    0.22893786    0.18543072    0.55800402
   -1.00000000    0.22327252    0.17919142    0.36681779
   -0.91666667    0.21578150    0.17185332    0.23076852
   -0.83333333    0.20622335    0.16331451    0.13933284
   -0.75000000    0.19440484    0.15349901    0.07959099
   -0.66666667    0.18020841    0.14234583    0.04124205
   -0.58333333    0.16361820    0.12978899    0.01711173
   -0.50000000    0.14473941    0.11574385    0.00244478
   -0.41666667    0.12380620    0.10011571   -0.00586501
   -0.33333333    0.10117470    0.08283803   -0.00984871
   -0.25000000    0.07730022    0.06393202   -0.01084509
   -0.16666667    0.05270172    0.04356574   -0.00974588
   -0.08333333    0.02791899    0.02208555   -0.00715148
    0.00000000    0.00346994    0.00000000    0.00346994
    0.08333333   -0.02018551   -0.02208555   -0.00101937
    0.16666667   -0.04267040   -0.04356574   -0.00612454
    0.25000000   -0.06370299   -0.06393202   -0.01171381
    0.33333333   -0.08309740   -0.08283803   -0.01769750
    0.41666667   -0.10075546   -0.10011571   -0.02401564
    0.50000000   -0.11665299   -0.11574385   -0.03062964
    0.58333333   -0.13082382   -0.12978899   -0.03751645
    0.66666667   -0.14334393   -0.14234583   -0.04466447
    0.75000000   -0.15431722   -0.15349901   -0.05207064
    0.83333333   -0.16386373   -0.16331451   -0.05973842
    0.91666667   -0.17211049   -0.17185332   -0.06767631
    1.00000000   -0.17918478   -0.17919142   -0.07589665
    1.08333333   -0.18520960   -0.18543072   -0.08441489
    1.16666667   -0.19030065   -0.19069396   -0.09324888
    1.25000000   -0.19456481   -0.19510751   -0.10241844
    1.33333333   -0.19809929   -0.19878253   -0.11194479
    1.41666667   -0.20099163   -0.20180483   -0.12185020
    1.50000000   -0.20331999   -0.20423751   -0.13215761
    1.58333333   -0.20515373   -0.20613292   -0.14289014
    1.66666667   -0.20655412   -0.20754536   -0.15407059
    1.75000000   -0.20757511   -0.20853692   -0.16572096
    1.83333333   -0.20826410   -0.20917374   -0.17786168
    1.91666667   -0.20866266   -0.20951631   -0.19051083
    2.00000000   -0.20880722   -0.20961044   -0.20368329
    2.08333333   -0.20872971   -0.20948489   -0.21738946
    2.16666667   -0.20845808   -0.20915665   -0.23163414
    2.25000000   -0.20801685   -0.20864054   -0.24641475
    2.33333333   -0.20742751   -0.20795698   -0.26171986
    2.41666667   -0.20670892   -0.20713365   -0.27752714
    2.50000000   -0.20587765   -0.20620073   -0.29380109
    2.58333333   -0.20494829   -0.20518327   -0.31049105
    2.66666667   -0.20393367   -0.20409584   -0.32752880
    2.75000000   -0.20284509   -0.20294289   -0.34482615
    2.83333333   -0.20169255   -0.20172418   -0.36227329
    2.91666667   -0.20048487   -0.20044202   -0.37973715
    3.00000000   -0.19922985   -0.19910552   -0.39706044
    3.08333333   -0.19793440   -0.19772973   -0.41406220
    3.16666667   -0.19660466   -0.19633044   -0.43053923
    3.25000000   -0.19524607   -0.19491825   -0.44626900
    3.33333333   -0.19386346   -0.19349571   -0.46101492
    3.41666667   -0.19246111   -0.19205920   -0.47453291
    3.50000000   -0.19104288   -0.19060428   -0.48657973
    3.58333333   -0.18961214   -0.18913086   -0.49692313
    3.66666667   -0.18817194   -0.18764524   -0.50535226
    3.75000000   -0.18672499   -0.18615766   -0.51168839
    3.83333333   -0.18527368   -0.18467737   -0.51579474
    3.91666667   -0.18382016   -0.18320826   -0.51758434
    4.00000000   -0.18236635   -0.18174791   -0.51702533
    4.08333333   -0.18091396   -0.18029050   -0.51414296
    4.16666667   -0.17946451   -0.17883158   -0.50901824
    4.25000000   -0.17801934   -0.17737167   -0.50178303
    4.33333333   -0.17657966   -0.17591653   -0.49261271
    4.41666667   -0.17514655   -0.17447395   -0.48171655
    4.50000000   -0.17372094   -0.17304934   -0.46932693
    4.58333333   -0.17230368   -0.17164290   -0.45568890
    4.66666667   -0.17089552   -0.17025010   -0.44104996
    4.75000000   -0.16949710   -0.16886509   -0.42565102
    4.83333333   -0.16810900   -0.16748473   -0.40971978
    4.91666667   -0.16673173   -0.16611079   -0.39346530
    5.00000000   -0.16536572   -0.16474890   -0.37707421
    5.08333333   -0.16401135   -0.16340501   -0.36070954
    5.16666667   -0.16266896   -0.16208184   -0.34451000
    5.25000000   -0.16133882   -0.16077731   -0.32859036
    5.33333333   -0.16002116   -0.15948618   -0.31304342
    5.41666667   -0.15871620   -0.15820348   -0.29794173
    5.50000000   -0.15742408   -0.15692773   -0.28333951
    5.58333333   -0.15614494   -0.15566183   -0.26927554
    5.66666667   -0.15487889   -0.15441109   -0.25577515
    5.75000000   -0.15362598   -0.15317984   -0.24285220
    5.83333333   -0.15238629   -0.15196866   -0.23051155
    5.91666667   -0.15115983   -0.15077412   -0.21875056
    6.00000000   -0.14994663   -0.14959102   -0.20756052
    6.08333333   -0.14874666   -0.14841570   -0.19692835
    6.16666667   -0.14755992   -0.14724828   -0.18683754
    6.25000000   -0.14638636   -0.14609244   -0.17726894
    6.33333333   -0.14522594   -0.14495290   -0.16820192
    6.41666667   -0.14407859   -0.14383239   -0.15961476
    6.50000000   -0.14294425   -0.14272983   -0.15148508
    6.58333333   -0.14182283   -0.14164105   -0.14379050
    6.66666667   -0.14071425   -0.14056145   -0.13650881
    6.75000000   -0.13961841   -0.13948881   -0.12961811
    6.83333333   -0.13853521   -0.13842461   -0.12309721
    6.91666667   -0.13746455   -0.13737288   -0.11692565
    7.00000000   -0.13640630   -0.13633752   -0.11108366
    7.08333333   -0.13536036   -0.13531970   -0.10555245
    7.16666667   -0.13432660   -0.13431709   -0.10031414
    7.25000000   -0.13330489   -0.13332533   -0.09535164
    7.33333333   -0.13229512   -0.13234072   -0.09064889
    7.41666667   -0.13129714   -0.13136251   -0.08619069
    7.50000000   -0.13031084   -0.13039318   -0.08196265
    7.58333333   -0.12933607   -0.12943674   -0.07795130
    7.66666667   -0.12837270   -0.12849603   -0.07414394
    7.75000000   -0.12742059   -0.12757080   -0.07052861
    7.83333333   -0.12647962   -0.12665790   -0.06709413
    7.91666667   -0.12554964   -0.12575317   -0.06382999
    8.00000000   -0.12463050   -0.12485406   -0.06072632
    8.08333333   -0.12372209   -0.12396111   -0.05777390
    8.16666667   -0.12282425   -0.12307748   -0.05496403
    8.25000000   -0.12193686   -0.12220678   -0.05228866
    8.33333333   -0.12105977   -0.12135065   -0.04974014
    8.41666667   -0.12019285   -0.12050767   -0.04731133
    8.50000000   -0.11933596   -0.11967422   -0.04499559
    8.58333333   -0.11848898   -0.11884671   -0.04278665
    8.66666667   -0.11765174   -0.11802381   -0.04067860
    8.75000000   -0.11682415   -0.11720718   -0.03866599
    8.83333333   -0.11600606   -0.11640025   -0.03674363
    8.91666667   -0.11519733   -0.11560591   -0.03490665
    9.00000000   -0.11439785   -0.11482464   -0.03315055
    9.08333333   -0.11360747   -0.11405405   -0.03147104
    9.16666667   -0.11282607   -0.11329045   -0.02986409
    9.25000000   -0.11205354   -0.11253109   -0.02832596
    9.33333333   -0.11128974   -0.11177586   -0.02685310
    9.41666667   -0.11053455   -0.11102722   -0.02544215
    9.50000000   -0.10978785   -0.11028852   -0.02409002
    9.58333333   -0.10904952   -0.10956176   -0.02279373
    9.66666667   -0.10831943   -0.10884625   -0.02155050
    9.75000000   -0.10759749   -0.10813899   -0.02035773
    9.83333333   -0.10688356   -0.10743655   -0.01921294
    9.91666667   -0.10617753   -0.10673719   -0.01811380
   10.00000000   -0.10547930   -0.10604191   -0.01705814
   10.08333333   -0.10478876   -0.10535366   -0.01604387
   10.16666667   -0.10410577   -0.10467539   -0.01506903
   10.25000000   -0.10343026   -0.10400806   -0.01413178
   10.33333333   -0.10276210   -0.10334998   -0.01323039
   10.41666667   -0.10210119   -0.10269785   -0.01236318
   10.50000000   -0.10144744   -0.10204880   -0.01152861
   10.58333333   -0.10080074   -0.10140221   -0.01072520
   10.66666667   -0.10016097   -0.10075996   -0.00995154
   10.75000000   -0.09952807   -0.10012519   -0.00920632
   10.83333333   -0.09890191   -0.09950016   -0.00848829
   10.91666667   -0.09828241   -0.09888476   -0.00779623
   11.00000000   -0.09766947   -0.09827651   -0.00712905
   11.08333333   -0.09706300   -0.09767214   -0.00648565
   11.16666667   -0.09646291   -0.09706959   -0.00586502
   11.25000000   -0.09586910   -0.09646932   -0.00526621
   11.33333333   -0.09528150   -0.09587389   -0.00468829
   11.41666667   -0.09470000   -0.09528626   -0.00413039
   11.50000000   -0.09412454   -0.09470782   -0.00359169
   11.58333333   -0.09355502   -0.09413741   -0.00307140
   11.66666667   -0.09299135   -0.09357205   -0.00256875
   11.75000000   -0.09243346   -0.09300882   -0.00208306
   11.83333333   -0.09188127   -0.09244663   -0.00161363
   11.91666667   -0.09133469   -0.09188691   -0.00115981
   12.00000000   -0.09079366   -0.09133262   -0.00072100
   12.08333333   -0.09025809   -0.09078624   -0.00029660
   12.16666667   -0.08972789   -0.09024813    0.00011395
   12.25000000   -0.08920302   -0.08971624    0.00051117
   12.33333333   -0.08868339   -0.08918740    0.00089560
   12.41666667   -0.08816892   -0.08865930    0.00126770
   12.50000000   -0.08765955   -0.08813191    0.00162795
   12.58333333   -0.08715521   -0.08760749    0.00197678
   12.66666667   -0.08665582   -0.08708903    0.00231464
   12.75000000   -0.08616133   -0.08657827    0.00264191
   12.83333333   -0.08567167   -0.08607451    0.00295899
   12.91666667   -0.08518676   -0.08557503    0.00326625
   13.00000000   -0.08470655   -0.08507676    0.00356404
   13.08333333   -0.08423097   -0.08457824    0.00385272
   13.16666667   -0.08375996   -0.08408053    0.00413259
   13.25000000   -0.08329346   -0.08358644    0.00440398
   13.33333333   -0.08283141   -0.08309867    0.00466718
   13.41666667   -0.08237375   -0.08261801    0.00492248
   13.50000000   -0.08192042   -0.08214276    0.00517015
   13.58333333   -0.08147137   -0.08166975    0.00541046
   13.66666667   -0.08102653   -0.08119636    0.00564367
   13.75000000   -0.08058585   -0.08072219    0.00587000
   13.83333333   -0.08014929   -0.08024922    0.00608970
   13.91666667   -0.07971677   -0.07978055    0.00630299
   14.00000000   -0.07928826   -0.07931828    0.00651008
   14.08333333   -0.07886370   -0.07886210    0.00671118
   14.16666667   -0.07844304   -0.07840941    0.00690648
   14.25000000   -0.07802622   -0.07795694    0.00709619
   14.33333333   -0.07761320   -0.07750283    0.00728047
   14.41666667   -0.07720393   -0.07704777    0.00745951
   14.50000000   -0.07679836   -0.07659455    0.00763347
   14.58333333   -0.07639645   -0.07614620    0.00780253
   14.66666667   -0.07599814   -0.07570390    0.00796682
   14.75000000   -0.07560340   -0.07526619    0.00812652
   14.83333333   -0.07521217   -0.07482978    0.00828175
   14.91666667   -0.07482441   -0.07439163    0.00843266
   15.00000000   -0.07444008   -0.07395090    0.00857939
   15.08333333   -0.07405914   -0.07350944    0.00872206
   15.16666667   -0.07368154   -0.07307055    0.00886080
   15.25000000   -0.07330724   -0.07263680    0.00899573
   15.33333333   -0.07293620   -0.07220822    0.00912697
   15.41666667   -0.07256838   -0.07178219    0.00925462
   15.50000000   -0.07220374   -0.07135502    0.00937880
   15.58333333   -0.07184224   -0.07092427    0.00949961
   15.66666667   -0.07148385   -0.07049035    0.00961715
   15.75000000   -0.07112852   -0.07005615    0.00973152
   15.83333333   -0.07077621   -0.06962519    0.00984280
   15.91666667   -0.07042690   -0.06919917    0.00995111
   16.00000000   -0.07008054   -0.06877674    0.01005650
   16.08333333   -0.06973710   -0.06835420    0.01015909
   16.16666667   -0.06939654   -0.06792781    0.01025893
   16.25000000   -0.06905883   -0.06749613    0.01035612
   16.33333333   -0.06872393   -0.06706097    0.01045073
   16.41666667   -0.06839183   -0.06662613    0.01054283
   16.50000000   -0.06806246   -0.06619488    0.01063250
   16.58333333   -0.06773580   -0.06576763    0.01071980
   16.66666667   -0.06741184   -0.06534145    0.01080480
   16.75000000   -0.06709052   -0.06491174    0.01088756
   16.83333333   -0.06677182   -0.06447512    0.01096815
   16.91666667   -0.06645572   -0.06403156    0.01104662
   17.00000000   -0.06614217   -0.06358438    0.01112304
   17.08333333   -0.06583116   -0.06313804    0.01119746
   17.16666667   -0.06552264   -0.06269501    0.01126993
   17.25000000   -0.06521660   -0.06225391    0.01134052
   17.33333333   -0.06491299   -0.06181000    0.01140926
   17.41666667   -0.06461181   -0.06135803    0.01147621
   17.50000000   -0.06431301   -0.06089551    0.01154142
   17.58333333   -0.06401657   -0.06042427    0.01160493
   17.66666667   -0.06372246   -0.05994930    0.01166679
   17.75000000   -0.06343066   -0.05947526    0.01172705
   17.83333333   -0.06314114   -0.05900313    0.01178574
   17.91666667   -0.06285388   -0.05852897    0.01184291
   18.00000000   -0.06256884   -0.05804600    0.01189859
   18.08333333   -0.06228601   -0.05754860    0.01195283
   18.16666667   -0.06200536   -0.05703592    0.01200566
   18.25000000   -0.06172687   -0.05651242    0.01205712
   18.33333333   -0.06145050   -0.05598493    0.01210724
   18.41666667   -0.06117625   -0.05545778    0.01215606
   18.50000000   -0.06090408   -0.05492922    0.01220362
   18.58333333   -0.06063397   -0.05439158    0.01224994
   18.66666667   -0.06036590   -0.05383541    0.01229505
   18.75000000   -0.06009985   -0.05325535    0.01233899
   18.83333333   -0.05983579   -0.05265380    0.01238179
   18.91666667   -0.05957371   -0.05203975    0.01242347
   19.00000000   -0.05931357   -0.05142300    0.01246406
   19.08333333   -0.05905537   -0.05080696    0.01250359
   19.16666667   -0.05879908   -0.05018482    0.01254208
   19.25000000   -0.05854468   -0.04954225    0.01257957
   19.33333333   -0.05829214   -0.04886582    0.01261607
   19.41666667   -0.05804147   -0.04815281    0.01265162
   19.50000000   -0.05779261   -0.04741607    0.01268623
   19.58333333   -0.05754557   -0.04667977    0.01271992
   19.66666667   -0.05730032   -0.04596665    0.01275272
   19.75000000   -0.05705684   -0.04528240    0.01278465
   19.83333333   -0.05681511   -0.04460557    0.01281574
   19.91666667   -0.05657513   -0.04388941    0.01284599
   20.00000000   -0.05633686   -0.04307668    0.01287544
