  -20.00000000    0.04096891    0.04031268    0.00376673
  -19.91666667    0.04122549    0.04111120    0.00373751
  -19.83333333    0.04148438    0.04182474    0.00370823
  -19.75000000    0.04174560    0.04250144    0.00367889
  -19.66666667    0.04200918    0.04318091    0.00364951
  -19.58333333    0.04227515    0.04388148    0.00362009
  -19.50000000    0.04254356    0.04459853    0.00359062
  -19.41666667    0.04281442    0.04531296    0.00356110
  -19.33333333    0.04308778    0.04600442    0.00353155
  -19.25000000    0.04336366    0.04666210    0.00350196
  -19.16666667    0.04364211    0.04728831    0.00347234
  -19.08333333    0.04392316    0.04789442    0.00344268
  -19.00000000    0.04420684    0.04849253    0.00341300
  -18.91666667    0.04449320    0.04908840    0.00338329
  -18.83333333    0.04478226    0.04967923    0.00335356
  -18.75000000    0.04507407    0.05025696    0.00332380
  -18.66666667    0.04536867    0.05081428    0.00329403
  -18.58333333    0.04566608    0.05134949    0.00326425
  -18.50000000    0.04596637    0.05186737    0.00323446
  -18.41666667    0.04626957    0.05237600    0.00320466
  -18.33333333    0.04657571    0.05288186    0.00317486
  -18.25000000    0.04688485    0.05338635    0.00314506
  -18.16666667    0.04719703    0.05388580    0.00311527
  -18.08333333    0.04751227    0.05437457    0.00308548
  -18.00000000    0.04783065    0.05484919    0.00305571
  -17.91666667    0.04815220    0.05531066    0.00302596
  -17.83333333    0.04847696    0.05576393    0.00299624
  -17.75000000    0.04880500    0.05621474    0.00296654
  -17.66666667    0.04913635    0.05666630    0.00293688
  -17.58333333    0.04947106    0.05711763    0.00290725
  -17.50000000    0.04980919    0.05756475    0.00287767
  -17.41666667    0.05015079    0.05800360    0.00284815
  -17.33333333    0.05049590    0.05843290    0.00281867
  -17.25000000    0.05084460    0.05885500    0.00278926
  -17.16666667    0.05119692    0.05927449    0.00275992
  -17.08333333    0.05155293    0.05969528    0.00273066
  -17.00000000    0.05191268    0.06011836    0.00270147
  -16.91666667    0.05227624    0.06054146    0.00267238
  -16.83333333    0.05264365    0.06096079    0.00264339
  -16.75000000    0.05301499    0.06137373    0.00261449
  -16.66666667    0.05339031    0.06178059    0.00258572
  -16.58333333    0.05376968    0.06218444    0.00255706
  -16.50000000    0.05415317    0.06258923    0.00252853
  -16.41666667    0.05454083    0.06299729    0.00250015
  -16.33333333    0.05493274    0.06340803    0.00247191
  -16.25000000    0.05532897    0.06381853    0.00244383
  -16.16666667    0.05572959    0.06422560    0.00241591
  -16.08333333    0.05613466    0.06462795    0.00238818
  -16.00000000    0.05654427    0.06502708    0.00236063
  -15.91666667    0.05695848    0.06542633    0.00233328
  -15.83333333    0.05737739    0.06582880    0.00230615
  -15.75000000    0.05780105    0.06623542    0.00227924
  -15.66666667    0.05822956    0.06664450    0.00225257
  -15.58333333    0.05866299    0.06705295    0.00222614
  -15.50000000    0.05910144    0.06745840    0.00219998
  -15.41666667    0.05954498    0.06786081    0.00217410
  -15.33333333    0.05999371    0.06826249    0.00214851
  -15.25000000    0.06044771    0.06866669    0.00212323
  -15.16666667    0.06090707    0.06907553    0.00209826
  -15.08333333    0.06137190    0.06948870    0.00207364
  -15.00000000    0.06184228    0.06990380    0.00204938
  -14.91666667    0.06231832    0.07031797    0.00202548
  -14.83333333    0.06280012    0.07072982    0.00200198
  -14.75000000    0.06328777    0.07114035    0.00197890
  -14.66666667    0.06378138    0.07155241    0.00195624
  -14.58333333    0.06428107    0.07196879    0.00193403
  -14.50000000    0.06478694    0.07239058    0.00191230
  -14.41666667    0.06529910    0.07281646    0.00189107
  -14.33333333    0.06581769    0.07324366    0.00187035
  -14.25000000    0.06634279    0.07366985    0.00185017
  -14.16666667    0.06687455    0.07409466    0.00183057
  -14.08333333    0.06741309    0.07451999    0.00181155
  -14.00000000    0.06795853    0.07494882    0.00179316
  -13.91666667    0.06851101    0.07538331    0.00177542
  -13.83333333    0.06907066    0.07582346    0.00175835
  -13.75000000    0.06963761    0.07626719    0.00174200
  -13.66666667    0.07021201    0.07671174    0.00172638
  -13.58333333    0.07079401    0.07715549    0.00171154
  -13.50000000    0.07138374    0.07759912    0.00169751
  -13.41666667    0.07198136    0.07804514    0.00168432
  -13.33333333    0.07258704    0.07849638    0.00167202
  -13.25000000    0.07320092    0.07895414    0.00166063
  -13.16666667    0.07382317    0.07941745    0.00165021
  -13.08333333    0.07445397    0.07988373    0.00164079
  -13.00000000    0.07509348    0.08035052    0.00163242
  -12.91666667    0.07574187    0.08081711    0.00162514
  -12.83333333    0.07639935    0.08128508    0.00161901
  -12.75000000    0.07706607    0.08175731    0.00161406
  -12.66666667    0.07774225    0.08223616    0.00161036
  -12.58333333    0.07842809    0.08272201    0.00160796
  -12.50000000    0.07912377    0.08321303    0.00160691
  -12.41666667    0.07982950    0.08370645    0.00160727
  -12.33333333    0.08054552    0.08420037    0.00160911
  -12.25000000    0.08127202    0.08469506    0.00161249
  -12.16666667    0.08200924    0.08519286    0.00161748
  -12.08333333    0.08275742    0.08569670    0.00162414
  -12.00000000    0.08351678    0.08620825    0.00163256
  -11.91666667    0.08428757    0.08672691    0.00164280
  -11.83333333    0.08507006    0.08725023    0.00165495
  -11.75000000    0.08586449    0.08777552    0.00166909
  -11.66666667    0.08667113    0.08830168    0.00168531
  -11.58333333    0.08749027    0.08882996    0.00170371
  -11.50000000    0.08832217    0.08936321    0.00172437
  -11.41666667    0.08916713    0.08990412    0.00174739
  -11.33333333    0.09002547    0.09045350    0.00177289
  -11.25000000    0.09089747    0.09100983    0.00180097
  -11.16666667    0.09178345    0.09157026    0.00183175
  -11.08333333    0.09268377    0.09213251    0.00186535
  -11.00000000    0.09359872    0.09269641    0.00190189
  -10.91666667    0.09452868    0.09326411    0.00194151
  -10.83333333    0.09547402    0.09383872    0.00198434
  -10.75000000    0.09643507    0.09442238    0.00203054
  -10.66666667    0.09741223    0.09501496    0.00208025
  -10.58333333    0.09840590    0.09561410    0.00213364
  -10.50000000    0.09941647    0.09621688    0.00219087
  -10.41666667    0.10044437    0.09682169    0.00225212
  -10.33333333    0.10149004    0.09742939    0.00231758
  -10.25000000    0.10255390    0.09804283    0.00238744
  -10.16666667    0.10363642    0.09866508    0.00246191
  -10.08333333    0.10473808    0.09929752    0.00254120
  -10.00000000    0.10585936    0.09993899    0.00262554
   -9.91666667    0.10700076    0.10058657    0.00271516
   -9.83333333    0.10816283    0.10123753    0.00281033
   -9.75000000    0.10934608    0.10189115    0.00291131
   -9.66666667    0.11055106    0.10254932    0.00301836
   -9.58333333    0.11177839    0.10321537    0.00313180
   -9.50000000    0.11302861    0.10389203    0.00325192
   -9.41666667    0.11430237    0.10457972    0.00337905
   -9.33333333    0.11560030    0.10527630    0.00351355
   -9.25000000    0.11692305    0.10597851    0.00365577
   -9.16666667    0.11827129    0.10668416    0.00380609
   -9.08333333    0.11964575    0.10739361    0.00396493
   -9.00000000    0.12104713    0.10810964    0.00413271
   -8.91666667    0.12247618    0.10883582    0.00430989
   -8.83333333    0.12393372    0.10957420    0.00449694
   -8.75000000    0.12542051    0.11032411    0.00469438
   -8.66666667    0.12693739    0.11108257    0.00490274
   -8.58333333    0.12848526    0.11184633    0.00512259
   -8.50000000    0.13006496    0.11261399    0.00535454
   -8.41666667    0.13167745    0.11338707    0.00559922
   -8.33333333    0.13332369    0.11416912    0.00585732
   -8.25000000    0.13500465    0.11496356    0.00612956
   -8.16666667    0.13672137    0.11577152    0.00641669
   -8.08333333    0.13847493    0.11659117    0.00671954
   -8.00000000    0.14026641    0.11741893    0.00703897
   -7.91666667    0.14209696    0.11825186    0.00737590
   -7.83333333    0.14396776    0.11908965    0.00773131
   -7.75000000    0.14588006    0.11993496    0.00810624
   -7.66666667    0.14783511    0.12079186    0.00850180
   -7.58333333    0.14983422    0.12166325    0.00891918
   -7.50000000    0.15187877    0.12254911    0.00935963
   -7.41666667    0.15397018    0.12344650    0.00982451
   -7.33333333    0.15610989    0.12435150    0.01031525
   -7.25000000    0.15829945    0.12526185    0.01083339
   -7.16666667    0.16054040    0.12617853    0.01138057
   -7.08333333    0.16283438    0.12710526    0.01195856
   -7.00000000    0.16518308    0.12804626    0.01256922
   -6.91666667    0.16758824    0.12900358    0.01321458
   -6.83333333    0.17005164    0.12997583    0.01389679
   -6.75000000    0.17257518    0.13095909    0.01461817
   -6.66666667    0.17516078    0.13194947    0.01538120
   -6.58333333    0.17781040    0.13294574    0.01618853
   -6.50000000    0.18052614    0.13395027    0.01704304
   -6.41666667    0.18331010    0.13496764    0.01794779
   -6.33333333    0.18616446    0.13600180    0.01890608
   -6.25000000    0.18909151    0.13705358    0.01992148
   -6.16666667    0.19209354    0.13812013    0.02099778
   -6.08333333    0.19517293    0.13919673    0.02213911
   -6.00000000    0.19833216    0.14027993    0.02334990
   -5.91666667    0.20157372    0.14136983    0.02463490
   -5.83333333    0.20490017    0.14247020    0.02599925
   -5.75000000    0.20831416    0.14358616    0.02744849
   -5.66666667    0.21181836    0.14472092    0.02898857
   -5.58333333    0.21541545    0.14587368    0.03062588
   -5.50000000    0.21910823    0.14704007    0.03236737
   -5.41666667    0.22289946    0.14821488    0.03422046
   -5.33333333    0.22679191    0.14939548    0.03619314
   -5.25000000    0.23078841    0.15058357    0.03829402
   -5.16666667    0.23489172    0.15178417    0.04053234
   -5.08333333    0.23910457    0.15300245    0.04291797
   -5.00000000    0.24342967    0.15424027    0.04546154
   -4.91666667    0.24786961    0.15549480    0.04817435
   -4.83333333    0.25242684    0.15676014    0.05106841
   -4.75000000    0.25710374    0.15803091    0.05415652
   -4.66666667    0.26190241    0.15930565    0.05745215
   -4.58333333    0.26682472    0.16058773    0.06096941
   -4.50000000    0.27187230    0.16188308    0.06472305
   -4.41666667    0.27704635    0.16319618    0.06872825
   -4.33333333    0.28234760    0.16452675    0.07300043
   -4.25000000    0.28777638    0.16586941    0.07755512
   -4.16666667    0.29333229    0.16721662    0.08240744
   -4.08333333    0.29901421    0.16856305    0.08757170
   -4.00000000    0.30482026    0.16990860    0.09306086
   -3.91666667    0.31074748    0.17125808    0.09888557
   -3.83333333    0.31679183    0.17261752    0.10505328
   -3.75000000    0.32294794    0.17398946    0.11156684
   -3.66666667    0.32920898    0.17537020    0.11842307
   -3.58333333    0.33556644    0.17675088    0.12561077
   -3.50000000    0.34200985    0.17812183    0.13310845
   -3.41666667    0.34852663    0.17947755    0.14088193
   -3.33333333    0.35510179    0.18081885    0.14888141
   -3.25000000    0.36171759    0.18215088    0.15703850
   -3.16666667    0.36835334    0.18347786    0.16526346
   -3.08333333    0.37498502    0.18479788    0.17344269
   -3.00000000    0.38158484    0.18610114    0.18143696
   -2.91666667    0.38812102    0.18737291    0.18908133
   -2.83333333    0.39455727    0.18859947    0.19618684
   -2.75000000    0.40085228    0.18977318    0.20254481
   -2.66666667    0.40695930    0.19089330    0.20793438
   -2.58333333    0.41282553    0.19196154    0.21213319
   -2.50000000    0.41839135    0.19297504    0.21493078
   -2.41666667    0.42358968    0.19392096    0.21614407
   -2.33333333    0.42834500    0.19477627    0.21563286
   -2.25000000    0.43257231    0.19551316    0.21331355
   -2.16666667    0.43617609    0.19610656    0.20916888
   -2.08333333    0.43904905    0.19653886    0.20325191
   -2.00000000    0.44107089    0.19679804    0.19568352
   -1.91666667    0.44210739    0.19686993    0.18664344
   -1.83333333    0.44200970    0.19672867    0.17635651
   -1.75000000    0.44061445    0.19633148    0.16507591
   -1.66666667    0.43774504    0.19562100    0.15306604
   -1.58333333    0.43321442    0.19453417    0.14058690
   -1.50000000    0.42683015    0.19301168    0.12788149
   -1.41666667    0.41840197    0.19100145    0.11516725
   -1.33333333    0.40775227    0.18845255    0.10263117
   -1.25000000    0.39472912    0.18530235    0.09042834
   -1.16666667    0.37922166    0.18146443    0.07868338
   -1.08333333    0.36117620    0.17682561    0.06749357
   -1.00000000    0.34061126    0.17125567    0.05693320
   -0.91666667    0.31762977    0.16462556    0.04705861
   -0.83333333    0.29242536    0.15682425    0.03791315
   -0.75000000    0.26528158    0.14776368    0.02953234
   -0.66666667    0.23656261    0.13736856    0.02194861
   -0.58333333    0.20669612    0.12555778    0.01519596
   -0.50000000    0.17614995    0.11223256    0.00931457
   -0.41666667    0.14540521    0.09728717    0.00435531
   -0.33333333    0.11492941    0.08064874    0.00038472
   -0.25000000    0.08515245    0.06233782   -0.00250967
   -0.16666667    0.05644804    0.04252751   -0.00421307
   -0.08333333    0.02912173    0.02157418   -0.00457607
    0.00000000    0.00340565    0.00000000    0.00340565
    0.08333333   -0.02054065   -0.02157418    0.00045416
    0.16666667   -0.04262480   -0.04252751   -0.00459424
    0.25000000   -0.06281312   -0.06233782   -0.01214018
    0.33333333   -0.08112052   -0.08064874   -0.02268902
    0.41666667   -0.09760002   -0.09728717   -0.03687394
    0.50000000   -0.11233287   -0.11223256   -0.05548121
    0.58333333   -0.12541968   -0.12555778   -0.07947437
    0.66666667   -0.13697296   -0.13736856   -0.11001086
    0.75000000   -0.14711108   -0.14776368   -0.14843761
    0.83333333   -0.15595365   -0.15682425   -0.19624317
    0.91666667   -0.16361804   -0.16462556   -0.25492912
    1.00000000   -0.17021692   -0.17125567   -0.32575019
    1.08333333   -0.17585671   -0.17682561   -0.40927065
    1.16666667   -0.18063661   -0.18146443   -0.50471850
    1.25000000   -0.18464816   -0.18530235   -0.60923263
    1.33333333   -0.18797512   -0.18845255   -0.71729346
    1.41666667   -0.19069363   -0.19100145   -0.82083140
    1.50000000   -0.19287255   -0.19301168   -0.91045260
    1.58333333   -0.19457387   -0.19453417   -0.97768435
    1.66666667   -0.19585321   -0.19562100   -1.01733689
    1.75000000   -0.19676036   -0.19633148   -1.02874630
    1.83333333   -0.19733975   -0.19672867   -1.01531756
    1.91666667   -0.19763096   -0.19686993   -0.98286535
    2.00000000   -0.19766924   -0.19679804   -0.93776828
    2.08333333   -0.19748591   -0.19653886   -0.88567312
    2.16666667   -0.19710878   -0.19610656   -0.83091925
    2.25000000   -0.19656252   -0.19551316   -0.77649613
    2.33333333   -0.19586904   -0.19477627   -0.72426467
    2.41666667   -0.19504775   -0.19392096   -0.67525231
    2.50000000   -0.19411583   -0.19297504   -0.62992119
    2.58333333   -0.19308854   -0.19196154   -0.58837461
    2.66666667   -0.19197936   -0.19089330   -0.55050389
    2.75000000   -0.19080027   -0.18977318   -0.51608595
    2.83333333   -0.18956183   -0.18859947   -0.48484421
    2.91666667   -0.18827342   -0.18737291   -0.45648623
    3.00000000   -0.18694334   -0.18610114   -0.43072539
    3.08333333   -0.18557892   -0.18479788   -0.40729186
    3.16666667   -0.18418664   -0.18347786   -0.38593822
    3.25000000   -0.18277223   -0.18215088   -0.36644139
    3.33333333   -0.18134078   -0.18081885   -0.34860192
    3.41666667   -0.17989673   -0.17947755   -0.33224282
    3.50000000   -0.17844405   -0.17812183   -0.31720771
    3.58333333   -0.17698620   -0.17675088   -0.30335851
    3.66666667   -0.17552625   -0.17537020   -0.29057348
    3.75000000   -0.17406688   -0.17398946   -0.27874539
    3.83333333   -0.17261046   -0.17261752   -0.26777956
    3.91666667   -0.17115904   -0.17125808   -0.25759235
    4.00000000   -0.16971445   -0.16990860   -0.24810984
    4.08333333   -0.16827825   -0.16856305   -0.23926645
    4.16666667   -0.16685182   -0.16721662   -0.23100407
    4.25000000   -0.16543633   -0.16586941   -0.22327084
    4.33333333   -0.16403281   -0.16452675   -0.21602068
    4.41666667   -0.16264214   -0.16319618   -0.20921241
    4.50000000   -0.16126506   -0.16188308   -0.20280906
    4.58333333   -0.15990220   -0.16058773   -0.19677758
    4.66666667   -0.15855411   -0.15930565   -0.19108825
    4.75000000   -0.15722119   -0.15803091   -0.18571423
    4.83333333   -0.15590382   -0.15676014   -0.18063134
    4.91666667   -0.15460229   -0.15549480   -0.17581776
    5.00000000   -0.15331681   -0.15424027   -0.17125361
    5.08333333   -0.15204754   -0.15300245   -0.16692093
    5.16666667   -0.15079460   -0.15178417   -0.16280337
    5.25000000   -0.14955806   -0.15058357   -0.15888598
    5.33333333   -0.14833794   -0.14939548   -0.15515518
    5.41666667   -0.14713425   -0.14821488   -0.15159854
    5.50000000   -0.14594694   -0.14704007   -0.14820463
    5.58333333   -0.14477596   -0.14587368   -0.14496302
    5.66666667   -0.14362122   -0.14472092   -0.14186413
    5.75000000   -0.14248260   -0.14358616   -0.13889907
    5.83333333   -0.14135998   -0.14247020   -0.13605974
    5.91666667   -0.14025323   -0.14136983   -0.13333863
    6.00000000   -0.13916219   -0.14027993   -0.13072877
    6.08333333   -0.13808668   -0.13919673   -0.12822376
    6.16666667   -0.13702655   -0.13812013   -0.12581765
    6.25000000   -0.13598159   -0.13705358   -0.12350490
    6.33333333   -0.13495163   -0.13600180   -0.12128040
    6.41666667   -0.13393646   -0.13496764   -0.11913939
    6.50000000   -0.13293587   -0.13395027   -0.11707740
    6.58333333   -0.13194967   -0.13294574   -0.11509032
    6.66666667   -0.13097765   -0.13194947   -0.11317429
    6.75000000   -0.13001958   -0.13095909   -0.11132569
    6.83333333   -0.12907527   -0.12997583   -0.10954116
    6.91666667   -0.12814450   -0.12900358   -0.10781754
    7.00000000   -0.12722704   -0.12804626   -0.10615187
    7.08333333   -0.12632270   -0.12710526   -0.10454139
    7.16666667   -0.12543126   -0.12617853   -0.10298349
    7.25000000   -0.12455249   -0.12526185   -0.10147573
    7.33333333   -0.12368620   -0.12435150   -0.10001580
    7.41666667   -0.12283217   -0.12344650   -0.09860156
    7.50000000   -0.12199020   -0.12254911   -0.09723094
    7.58333333   -0.12116007   -0.12166325   -0.09590205
    7.66666667   -0.12034160   -0.12079186   -0.09461307
    7.75000000   -0.11953457   -0.11993496   -0.09336227
    7.83333333   -0.11873878   -0.11908965   -0.09214806
    7.91666667   -0.11795405   -0.11825186   -0.09096890
    8.00000000   -0.11718017   -0.11741893   -0.08982335
    8.08333333   -0.11641696   -0.11659117   -0.08871003
    8.16666667   -0.11566422   -0.11577152   -0.08762764
    8.25000000   -0.11492179   -0.11496356   -0.08657498
    8.33333333   -0.11418946   -0.11416912   -0.08555086
    8.41666667   -0.11346706   -0.11338707   -0.08455416
    8.50000000   -0.11275443   -0.11261399   -0.08358386
    8.58333333   -0.11205139   -0.11184633   -0.08263894
    8.66666667   -0.11135775   -0.11108257   -0.08171844
    8.75000000   -0.11067337   -0.11032411   -0.08082147
    8.83333333   -0.10999807   -0.10957420   -0.07994718
    8.91666667   -0.10933169   -0.10883582   -0.07909471
    9.00000000   -0.10867409   -0.10810964   -0.07826332
    9.08333333   -0.10802510   -0.10739361   -0.07745224
    9.16666667   -0.10738456   -0.10668416   -0.07666076
    9.25000000   -0.10675234   -0.10597851   -0.07588820
    9.33333333   -0.10612829   -0.10527630   -0.07513392
    9.41666667   -0.10551225   -0.10457972   -0.07439728
    9.50000000   -0.10490410   -0.10389203   -0.07367771
    9.58333333   -0.10430370   -0.10321537   -0.07297464
    9.66666667   -0.10371090   -0.10254932   -0.07228750
    9.75000000   -0.10312558   -0.10189115   -0.07161580
    9.83333333   -0.10254761   -0.10123753   -0.07095903
    9.91666667   -0.10197686   -0.10058657   -0.07031670
   10.00000000   -0.10141320   -0.09993899   -0.06968838
   10.08333333   -0.10085653   -0.09929752   -0.06907361
   10.16666667   -0.10030670   -0.09866508   -0.06847198
   10.25000000   -0.09976361   -0.09804283   -0.06788308
   10.33333333   -0.09922715   -0.09742939   -0.06730653
   10.41666667   -0.09869719   -0.09682169   -0.06674194
   10.50000000   -0.09817363   -0.09621688   -0.06618897
   10.58333333   -0.09765637   -0.09561410   -0.06564728
   10.66666667   -0.09714529   -0.09501496   -0.06511651
   10.75000000   -0.09664030   -0.09442238   -0.06459637
   10.83333333   -0.09614129   -0.09383872   -0.06408655
   10.91666667   -0.09564815   -0.09326411   -0.06358674
   11.00000000   -0.09516080   -0.09269641   -0.06309667
   11.08333333   -0.09467914   -0.09213251   -0.06261606
   11.16666667   -0.09420307   -0.09157026   -0.06214465
   11.25000000   -0.09373250   -0.09100983   -0.06168218
   11.33333333   -0.09326735   -0.09045350   -0.06122842
   11.41666667   -0.09280752   -0.08990412   -0.06078311
   11.50000000   -0.09235293   -0.08936321   -0.06034605
   11.58333333   -0.09190350   -0.08882996   -0.05991700
   11.66666667   -0.09145912   -0.08830168   -0.05949574
   11.75000000   -0.09101975   -0.08777552   -0.05908210
   11.83333333   -0.09058528   -0.08725023   -0.05867585
   11.91666667   -0.09015564   -0.08672691   -0.05827680
   12.00000000   -0.08973076   -0.08620825   -0.05788479
   12.08333333   -0.08931055   -0.08569670   -0.05749962
   12.16666667   -0.08889495   -0.08519286   -0.05712112
   12.25000000   -0.08848388   -0.08469506   -0.05674913
   12.33333333   -0.08807728   -0.08420037   -0.05638348
   12.41666667   -0.08767507   -0.08370645   -0.05602402
   12.50000000   -0.08727719   -0.08321303   -0.05567059
   12.58333333   -0.08688356   -0.08272201   -0.05532306
   12.66666667   -0.08649413   -0.08223616   -0.05498127
   12.75000000   -0.08610882   -0.08175731   -0.05464509
   12.83333333   -0.08572759   -0.08128508   -0.05431439
   12.91666667   -0.08535035   -0.08081711   -0.05398903
   13.00000000   -0.08497706   -0.08035052   -0.05366890
   13.08333333   -0.08460766   -0.07988373   -0.05335387
   13.16666667   -0.08424208   -0.07941745   -0.05304382
   13.25000000   -0.08388027   -0.07895414   -0.05273864
   13.33333333   -0.08352217   -0.07849638   -0.05243822
   13.41666667   -0.08316773   -0.07804514   -0.05214245
   13.50000000   -0.08281690   -0.07759912   -0.05185123
   13.58333333   -0.08246961   -0.07715549   -0.05156445
   13.66666667   -0.08212583   -0.07671174   -0.05128201
   13.75000000   -0.08178549   -0.07626719   -0.05100383
   13.83333333   -0.08144855   -0.07582346   -0.05072981
   13.91666667   -0.08111496   -0.07538331   -0.05045985
   14.00000000   -0.08078467   -0.07494882   -0.05019388
   14.08333333   -0.08045764   -0.07451999   -0.04993180
   14.16666667   -0.08013380   -0.07409466   -0.04967353
   14.25000000   -0.07981314   -0.07366985   -0.04941900
   14.33333333   -0.07949559   -0.07324366   -0.04916812
   14.41666667   -0.07918111   -0.07281646   -0.04892081
   14.50000000   -0.07886966   -0.07239058   -0.04867701
   14.58333333   -0.07856119   -0.07196879   -0.04843665
   14.66666667   -0.07825567   -0.07155241   -0.04819964
   14.75000000   -0.07795306   -0.07114035   -0.04796593
   14.83333333   -0.07765331   -0.07072982   -0.04773544
   14.91666667   -0.07735639   -0.07031797   -0.04750811
   15.00000000   -0.07706225   -0.06990380   -0.04728389
   15.08333333   -0.07677086   -0.06948870   -0.04706270
   15.16666667   -0.07648217   -0.06907553   -0.04684449
   15.25000000   -0.07619617   -0.06866669   -0.04662920
   15.33333333   -0.07591280   -0.06826249   -0.04641677
   15.41666667   -0.07563203   -0.06786081   -0.04620715
   15.50000000   -0.07535383   -0.06745840   -0.04600028
   15.58333333   -0.07507816   -0.06705295   -0.04579611
   15.66666667   -0.07480499   -0.06664450   -0.04559459
   15.75000000   -0.07453429   -0.06623542   -0.04539567
   15.83333333   -0.07426603   -0.06582880   -0.04519931
   15.91666667   -0.07400016   -0.06542633   -0.04500544
   16.00000000   -0.07373666   -0.06502708   -0.04481403
   16.08333333   -0.07347550   -0.06462795   -0.04462504
   16.16666667   -0.07321666   -0.06422560   -0.04443841
   16.25000000   -0.07296009   -0.06381853   -0.04425410
   16.33333333   -0.07270577   -0.06340803   -0.04407208
   16.41666667   -0.07245367   -0.06299729   -0.04389229
   16.50000000   -0.07220376   -0.06258923   -0.04371471
   16.58333333   -0.07195602   -0.06218444   -0.04353929
   16.66666667   -0.07171042   -0.06178059   -0.04336599
   16.75000000   -0.07146692   -0.06137373   -0.04319478
   16.83333333   -0.07122551   -0.06096079   -0.04302561
   16.91666667   -0.07098616   -0.06054146   -0.04285846
   17.00000000   -0.07074883   -0.06011836   -0.04269329
   17.08333333   -0.07051352   -0.05969528   -0.04253006
   17.16666667   -0.07028019   -0.05927449   -0.04236874
   17.25000000   -0.07004881   -0.05885500   -0.04220930
   17.33333333   -0.06981936   -0.05843290   -0.04205171
   17.41666667   -0.06959183   -0.05800360   -0.04189593
   17.50000000   -0.06936618   -0.05756475   -0.04174193
   17.58333333   -0.06914239   -0.05711763   -0.04158969
   17.66666667   -0.06892044   -0.05666630   -0.04143918
   17.75000000   -0.06870031   -0.05621474   -0.04129037
   17.83333333   -0.06848198   -0.05576393   -0.04114322
   17.91666667   -0.06826543   -0.05531066   -0.04099771
   18.00000000   -0.06805062   -0.05484919   -0.04085382
   18.08333333   -0.06783755   -0.05437457   -0.04071152
   18.16666667   -0.06762619   -0.05388580   -0.04057078
   18.25000000   -0.06741652   -0.05338635   -0.04043158
   18.33333333   -0.06720852   -0.05288186   -0.04029390
   18.41666667   -0.06700218   -0.05237600   -0.04015770
   18.50000000   -0.06679747   -0.05186737   -0.04002297
   18.58333333   -0.06659437   -0.05134949   -0.03988968
   18.66666667   -0.06639287   -0.05081428   -0.03975782
   18.75000000   -0.06619294   -0.05025696   -0.03962735
   18.83333333   -0.06599457   -0.04967923   -0.03949825
   18.91666667   -0.06579775   -0.04908840   -0.03937052
   19.00000000   -0.06560244   -0.04849253   -0.03924412
   19.08333333   -0.06540864   -0.04789442   -0.03911903
   19.16666667   -0.06521633   -0.04728831   -0.03899524
   19.25000000   -0.06502550   -0.04666210   -0.03887272
   19.33333333   -0.06483611   -0.04600442   -0.03875145
   19.41666667   -0.06464817   -0.04531296   -0.03863143
   19.50000000   -0.06446165   -0.04459853   -0.03851262
   19.58333333   -0.06427653   -0.04388148   -0.03839501
   19.66666667   -0.06409281   -0.04318091   -0.03827859
   19.75000000   -0.06391046   -0.04250144   -0.03816333
   19.83333333   -0.06372947   -0.04182474   -0.03804921
   19.91666667   -0.06354983   -0.04111120   -0.03793623
   20.00000000   -0.06337152   -0.04031268   -0.03782437
