  -20.00000000    0.06963306    0.04444104    0.02160003
  -19.91666667    0.06991664    0.04528760    0.02170673
  -19.83333333    0.07020249    0.04603761    0.02181441
  -19.75000000    0.07049066    0.04674594    0.02192308
  -19.66666667    0.07078117    0.04745749    0.02203276
  -19.58333333    0.07107403    0.04819297    0.02214346
  -19.50000000    0.07136929    0.04894725    0.02225520
  -19.41666667    0.07166696    0.04969912    0.02236798
  -19.33333333    0.07196708    0.05042625    0.02248183
  -19.25000000    0.07226968    0.05111725    0.02259676
  -19.16666667    0.07257479    0.05177541    0.02271278
  -19.08333333    0.07288242    0.05241383    0.02282991
  -19.00000000    0.07319263    0.05304598    0.02294817
  -18.91666667    0.07350543    0.05367785    0.02306757
  -18.83333333    0.07382086    0.05430577    0.02318813
  -18.75000000    0.07413895    0.05492035    0.02330987
  -18.66666667    0.07445974    0.05551341    0.02343279
  -18.58333333    0.07478324    0.05608332    0.02355693
  -18.50000000    0.07510950    0.05663571    0.02368229
  -18.41666667    0.07543856    0.05717966    0.02380890
  -18.33333333    0.07577043    0.05772214    0.02393678
  -18.25000000    0.07610518    0.05826421    0.02406593
  -18.16666667    0.07644281    0.05880131    0.02419639
  -18.08333333    0.07678338    0.05932698    0.02432817
  -18.00000000    0.07712691    0.05983747    0.02446130
  -17.91666667    0.07747345    0.06033428    0.02459578
  -17.83333333    0.07782303    0.06082318    0.02473165
  -17.75000000    0.07817569    0.06131057    0.02486892
  -17.66666667    0.07853147    0.06179970    0.02500762
  -17.58333333    0.07889040    0.06228900    0.02514777
  -17.50000000    0.07925254    0.06277369    0.02528938
  -17.41666667    0.07961792    0.06324924    0.02543250
  -17.33333333    0.07998656    0.06371450    0.02557712
  -17.25000000    0.08035854    0.06417252    0.02572329
  -17.16666667    0.08073388    0.06462860    0.02587103
  -17.08333333    0.08111261    0.06508699    0.02602035
  -17.00000000    0.08149481    0.06554840    0.02617130
  -16.91666667    0.08188050    0.06600986    0.02632388
  -16.83333333    0.08226972    0.06646694    0.02647814
  -16.75000000    0.08266253    0.06691684    0.02663409
  -16.66666667    0.08305898    0.06736029    0.02679177
  -16.58333333    0.08345910    0.06780113    0.02695119
  -16.50000000    0.08386295    0.06824385    0.02711241
  -16.41666667    0.08427058    0.06869082    0.02727543
  -16.33333333    0.08468203    0.06914095    0.02744030
  -16.25000000    0.08509736    0.06959060    0.02760704
  -16.16666667    0.08551662    0.07003612    0.02777568
  -16.08333333    0.08593985    0.07047635    0.02794626
  -16.00000000    0.08636712    0.07091339    0.02811882
  -15.91666667    0.08679847    0.07135131    0.02829338
  -15.83333333    0.08723397    0.07179355    0.02846998
  -15.75000000    0.08767366    0.07224081    0.02864865
  -15.66666667    0.08811760    0.07269075    0.02882944
  -15.58333333    0.08856585    0.07313962    0.02901238
  -15.50000000    0.08901847    0.07358484    0.02919751
  -15.41666667    0.08947551    0.07402672    0.02938486
  -15.33333333    0.08993705    0.07446831    0.02957448
  -15.25000000    0.09040312    0.07491346    0.02976641
  -15.16666667    0.09087380    0.07536441    0.02996069
  -15.08333333    0.09134916    0.07582039    0.03015736
  -15.00000000    0.09182925    0.07627827    0.03035647
  -14.91666667    0.09231414    0.07673467    0.03055806
  -14.83333333    0.09280390    0.07718822    0.03076219
  -14.75000000    0.09329859    0.07764053    0.03096888
  -14.66666667    0.09379828    0.07809514    0.03117821
  -14.58333333    0.09430305    0.07855535    0.03139021
  -14.50000000    0.09481294    0.07902208    0.03160494
  -14.41666667    0.09532805    0.07949337    0.03182244
  -14.33333333    0.09584845    0.07996575    0.03204278
  -14.25000000    0.09637419    0.08043654    0.03226601
  -14.16666667    0.09690537    0.08090567    0.03249218
  -14.08333333    0.09744206    0.08137576    0.03272136
  -14.00000000    0.09798433    0.08185047    0.03295360
  -13.91666667    0.09853226    0.08233222    0.03318896
  -13.83333333    0.09908593    0.08282063    0.03342751
  -13.75000000    0.09964542    0.08331285    0.03366931
  -13.66666667    0.10021081    0.08380550    0.03391444
  -13.58333333    0.10078219    0.08429687    0.03416295
  -13.50000000    0.10135963    0.08478813    0.03441492
  -13.41666667    0.10194323    0.08528261    0.03467041
  -13.33333333    0.10253308    0.08578371    0.03492952
  -13.25000000    0.10312924    0.08629275    0.03519230
  -13.16666667    0.10373182    0.08680814    0.03545884
  -13.08333333    0.10434092    0.08732652    0.03572922
  -13.00000000    0.10495661    0.08784494    0.03600352
  -12.91666667    0.10557899    0.08836286    0.03628183
  -12.83333333    0.10620816    0.08888255    0.03656424
  -12.75000000    0.10684420    0.08940770    0.03685083
  -12.66666667    0.10748723    0.08994109    0.03714171
  -12.58333333    0.10813733    0.09048282    0.03743696
  -12.50000000    0.10879460    0.09103032    0.03773668
  -12.41666667    0.10945915    0.09158004    0.03804098
  -12.33333333    0.11013107    0.09212981    0.03834997
  -12.25000000    0.11081047    0.09268034    0.03866375
  -12.16666667    0.11149745    0.09323477    0.03898242
  -12.08333333    0.11219213    0.09379681    0.03930612
  -12.00000000    0.11289460    0.09436829    0.03963495
  -11.91666667    0.11360496    0.09494810    0.03996905
  -11.83333333    0.11432334    0.09553292    0.04030853
  -11.75000000    0.11504984    0.09611942    0.04065352
  -11.66666667    0.11578457    0.09670646    0.04100417
  -11.58333333    0.11652764    0.09729597    0.04136062
  -11.50000000    0.11727917    0.09789170    0.04172299
  -11.41666667    0.11803926    0.09849695    0.04209145
  -11.33333333    0.11880804    0.09911244    0.04246616
  -11.25000000    0.11958562    0.09973590    0.04284726
  -11.16666667    0.12037211    0.10036360    0.04323493
  -11.08333333    0.12116764    0.10099278    0.04362933
  -11.00000000    0.12197232    0.10162355    0.04403064
  -10.91666667    0.12278626    0.10225888    0.04443905
  -10.83333333    0.12360959    0.10290282    0.04485474
  -10.75000000    0.12444242    0.10355791    0.04527791
  -10.66666667    0.12528488    0.10422362    0.04570877
  -10.58333333    0.12613708    0.10489672    0.04614752
  -10.50000000    0.12699914    0.10557339    0.04659439
  -10.41666667    0.12787118    0.10625182    0.04704960
  -10.33333333    0.12875332    0.10693342    0.04751338
  -10.25000000    0.12964567    0.10762204    0.04798599
  -10.16666667    0.13054835    0.10832158    0.04846767
  -10.08333333    0.13146149    0.10903356    0.04895870
  -10.00000000    0.13238518    0.10975614    0.04945934
   -9.91666667    0.13331955    0.11048539    0.04996988
   -9.83333333    0.13426472    0.11121786    0.05049062
   -9.75000000    0.13522077    0.11195290    0.05102186
   -9.66666667    0.13618783    0.11269323    0.05156394
   -9.58333333    0.13716601    0.11344325    0.05211718
   -9.50000000    0.13815539    0.11420636    0.05268194
   -9.41666667    0.13915609    0.11498277    0.05325857
   -9.33333333    0.14016820    0.11576946    0.05384747
   -9.25000000    0.14119179    0.11656210    0.05444901
   -9.16666667    0.14222697    0.11735801    0.05506363
   -9.08333333    0.14327383    0.11815792    0.05569175
   -9.00000000    0.14433241    0.11896570    0.05633383
   -8.91666667    0.14540281    0.11978596    0.05699033
   -8.83333333    0.14648510    0.12062119    0.05766176
   -8.75000000    0.14757930    0.12147015    0.05834862
   -8.66666667    0.14868549    0.12232879    0.05905146
   -8.58333333    0.14980370    0.12319284    0.05977086
   -8.50000000    0.15093396    0.12406070    0.06050740
   -8.41666667    0.15207628    0.12493462    0.06126171
   -8.33333333    0.15323070    0.12581938    0.06203445
   -8.25000000    0.15439718    0.12671936    0.06282630
   -8.16666667    0.15557573    0.12763576    0.06363799
   -8.08333333    0.15676632    0.12856590    0.06447028
   -8.00000000    0.15796888    0.12950493    0.06532398
   -7.91666667    0.15918338    0.13044908    0.06619992
   -7.83333333    0.16040973    0.13139818    0.06709899
   -7.75000000    0.16164784    0.13235597    0.06802215
   -7.66666667    0.16289759    0.13332780    0.06897037
   -7.58333333    0.16415884    0.13431734    0.06994470
   -7.50000000    0.16543144    0.13532423    0.07094625
   -7.41666667    0.16671521    0.13634435    0.07197619
   -7.33333333    0.16800993    0.13737248    0.07303575
   -7.25000000    0.16931538    0.13840578    0.07412627
   -7.16666667    0.17063128    0.13944576    0.07524911
   -7.08333333    0.17195735    0.14049747    0.07640577
   -7.00000000    0.17329327    0.14156643    0.07759782
   -6.91666667    0.17463868    0.14265509    0.07882693
   -6.83333333    0.17599316    0.14376131    0.08009488
   -6.75000000    0.17735631    0.14487968    0.08140357
   -6.66666667    0.17872765    0.14600505    0.08275502
   -6.58333333    0.18010665    0.14713596    0.08415140
   -6.50000000    0.18149279    0.14827572    0.08559502
   -6.41666667    0.18288545    0.14943043    0.08708837
   -6.33333333    0.18428398    0.15060518    0.08863408
   -6.25000000    0.18568771    0.15180074    0.09023504
   -6.16666667    0.18709588    0.15301300    0.09189428
   -6.08333333    0.18850771    0.15423555    0.09361511
   -6.00000000    0.18992236    0.15546380    0.09540109
   -5.91666667    0.19133893    0.15669802    0.09725606
   -5.83333333    0.19275647    0.15794331    0.09918414
   -5.75000000    0.19417400    0.15920638    0.10118985
   -5.66666667    0.19559045    0.16049121    0.10327805
   -5.58333333    0.19700473    0.16179636    0.10545400
   -5.50000000    0.19841568    0.16311566    0.10772350
   -5.41666667    0.19982211    0.16444202    0.11009278
   -5.33333333    0.20122277    0.16577189    0.11256870
   -5.25000000    0.20261637    0.16710756    0.11515876
   -5.16666667    0.20400160    0.16845565    0.11787116
   -5.08333333    0.20537709    0.16982279    0.12071493
   -5.00000000    0.20674148    0.17121103    0.12370003
   -4.91666667    0.20809336    0.17261610    0.12683741
   -4.83333333    0.20943134    0.17402970    0.13013919
   -4.75000000    0.21075401    0.17544435    0.13361888
   -4.66666667    0.21206001    0.17685796    0.13729144
   -4.58333333    0.21334795    0.17827481    0.14117353
   -4.50000000    0.21461656    0.17970252    0.14528389
   -4.41666667    0.21586458    0.18114653    0.14964345
   -4.33333333    0.21709083    0.18260580    0.15427576
   -4.25000000    0.21829426    0.18407242    0.15920752
   -4.16666667    0.21947391    0.18553566    0.16446888
   -4.08333333    0.22062897    0.18698784    0.17009413
   -4.00000000    0.22175879    0.18842833    0.17612254
   -3.91666667    0.22286290    0.18986298    0.18259900
   -3.83333333    0.22394103    0.19129912    0.18957528
   -3.75000000    0.22499311    0.19273922    0.19711122
   -3.66666667    0.22601931    0.19417723    0.20527640
   -3.58333333    0.22702003    0.19560016    0.21415211
   -3.50000000    0.22799588    0.19699399    0.22383373
   -3.41666667    0.22894770    0.19835027    0.23443397
   -3.33333333    0.22987651    0.19966907    0.24608675
   -3.25000000    0.23078345    0.20095616    0.25895199
   -3.16666667    0.23166974    0.20221589    0.27322217
   -3.08333333    0.23253654    0.20344426    0.28913039
   -3.00000000    0.23338487    0.20462662    0.30696066
   -2.91666667    0.23421537    0.20574166    0.32706184
   -2.83333333    0.23502813    0.20676948    0.34986513
   -2.75000000    0.23582234    0.20769851    0.37590677
   -2.66666667    0.23659600    0.20852653    0.40585791
   -2.58333333    0.23734543    0.20925484    0.44056167
   -2.50000000    0.23806473    0.20987878    0.48107807
   -2.41666667    0.23874520    0.21038054    0.52873507
   -2.33333333    0.23937454    0.21072902    0.58517281
   -2.25000000    0.23993599    0.21088725    0.65235000
   -2.16666667    0.24040736    0.21082284    0.73243539
   -2.08333333    0.24075993    0.21051454    0.82739852
   -2.00000000    0.24095720    0.20995034    0.93791451
   -1.91666667    0.24095365    0.20911726    1.06089720
   -1.83333333    0.24069346    0.20798909    1.18489194
   -1.75000000    0.24010928    0.20651959    1.28415540
   -1.66666667    0.23912121    0.20464630    1.31806582
   -1.58333333    0.23763613    0.20230317    1.24898960
   -1.50000000    0.23554760    0.19943446    1.07640062
   -1.41666667    0.23273651    0.19600064    0.84727451
   -1.33333333    0.22907292    0.19197154    0.62094808
   -1.25000000    0.22441911    0.18730998    0.43303763
   -1.16666667    0.21863447    0.18195602    0.29179074
   -1.08333333    0.21158190    0.17582283    0.19113097
   -1.00000000    0.20313611    0.16880948    0.12132225
   -0.91666667    0.19319327    0.16082515    0.07361265
   -0.83333333    0.18168146    0.15181122    0.04136254
   -0.75000000    0.16857099    0.14174669    0.01986638
   -0.66666667    0.15388325    0.13063090    0.00587791
   -0.58333333    0.13769681    0.11845136   -0.00282537
   -0.50000000    0.12014958    0.10515617   -0.00776787
   -0.41666667    0.10143592    0.09065252   -0.01000195
   -0.33333333    0.08179888    0.07484271   -0.01026005
   -0.25000000    0.06151779    0.05769017   -0.00905624
   -0.16666667    0.04089281    0.03929045   -0.00675408
   -0.08333333    0.02022801    0.01991458   -0.00361217
    0.00000000   -0.00018490    0.00000000   -0.00018490
    0.08333333   -0.02008060   -0.01991458   -0.00450545
    0.16666667   -0.03923057   -0.03929045   -0.00925601
    0.25000000   -0.05744951   -0.05769017   -0.01437114
    0.33333333   -0.07459774   -0.07484271   -0.01980620
    0.41666667   -0.09058012   -0.09065252   -0.02553222
    0.50000000   -0.10534240   -0.10515617   -0.03153221
    0.58333333   -0.11886586   -0.11845136   -0.03779855
    0.66666667   -0.13116113   -0.13063090   -0.04433108
    0.75000000   -0.14226186   -0.14174669   -0.05113563
    0.83333333   -0.15221878   -0.15181122   -0.05822313
    0.91666667   -0.16109439   -0.16082515   -0.06560882
    1.00000000   -0.16895850   -0.16880948   -0.07331173
    1.08333333   -0.17588464   -0.17582283   -0.08135433
    1.16666667   -0.18194721   -0.18195602   -0.08976222
    1.25000000   -0.18721947   -0.18730998   -0.09856401
    1.33333333   -0.19177196   -0.19197154   -0.10779104
    1.41666667   -0.19567160   -0.19600064   -0.11747734
    1.50000000   -0.19898106   -0.19943446   -0.12765944
    1.58333333   -0.20175844   -0.20230317   -0.13837612
    1.66666667   -0.20405722   -0.20464630   -0.14966818
    1.75000000   -0.20592632   -0.20651959   -0.16157806
    1.83333333   -0.20741025   -0.20798909   -0.17414923
    1.91666667   -0.20854938   -0.20911726   -0.18742545
    2.00000000   -0.20938021   -0.20995034   -0.20144980
    2.08333333   -0.20993564   -0.21051454   -0.21626309
    2.16666667   -0.21024532   -0.21082284   -0.23190227
    2.25000000   -0.21033589   -0.21088725   -0.24839767
    2.33333333   -0.21023129   -0.21072902   -0.26577027
    2.41666667   -0.20995302   -0.21038054   -0.28402770
    2.50000000   -0.20952036   -0.20987878   -0.30315931
    2.58333333   -0.20895064   -0.20925484   -0.32313086
    2.66666667   -0.20825938   -0.20852653   -0.34387778
    2.75000000   -0.20746053   -0.20769851   -0.36529755
    2.83333333   -0.20656659   -0.20676948   -0.38724222
    2.91666667   -0.20558881   -0.20574166   -0.40951037
    3.00000000   -0.20453728   -0.20462662   -0.43184006
    3.08333333   -0.20342107   -0.20344426   -0.45390435
    3.16666667   -0.20224830   -0.20221589   -0.47531000
    3.25000000   -0.20102633   -0.20095616   -0.49560142
    3.33333333   -0.19976173   -0.19966907   -0.51427229
    3.41666667   -0.19846043   -0.19835027   -0.53078477
    3.50000000   -0.19712777   -0.19699399   -0.54459731
    3.58333333   -0.19576854   -0.19560016   -0.55520004
    3.66666667   -0.19438706   -0.19417723   -0.56215393
    3.75000000   -0.19298723   -0.19273922   -0.56512961
    3.83333333   -0.19157255   -0.19129912   -0.56394024
    3.91666667   -0.19014616   -0.18986298   -0.55856253
    4.00000000   -0.18871091   -0.18842833   -0.54914236
    4.08333333   -0.18726934   -0.18698784   -0.53598338
    4.16666667   -0.18582377   -0.18553566   -0.51952092
    4.25000000   -0.18437623   -0.18407242   -0.50028439
    4.33333333   -0.18292861   -0.18260580   -0.47885592
    4.41666667   -0.18148255   -0.18114653   -0.45582913
    4.50000000   -0.18003956   -0.17970252   -0.43177339
    4.58333333   -0.17860096   -0.17827481   -0.40720789
    4.66666667   -0.17716798   -0.17685796   -0.38258402
    4.75000000   -0.17574165   -0.17544435   -0.35827662
    4.83333333   -0.17432294   -0.17402970   -0.33458386
    4.91666667   -0.17291271   -0.17261610   -0.31173110
    5.00000000   -0.17151170   -0.17121103   -0.28987824
    5.08333333   -0.17012058   -0.16982279   -0.26912987
    5.16666667   -0.16873994   -0.16845565   -0.24954467
    5.25000000   -0.16737030   -0.16710756   -0.23114448
    5.33333333   -0.16601210   -0.16577189   -0.21392344
    5.41666667   -0.16466574   -0.16444202   -0.19785485
    5.50000000   -0.16333156   -0.16311566   -0.18289699
    5.58333333   -0.16200985   -0.16179636   -0.16899857
    5.66666667   -0.16070086   -0.16049121   -0.15610221
    5.75000000   -0.15940478   -0.15920638   -0.14414719
    5.83333333   -0.15812180   -0.15794331   -0.13307209
    5.91666667   -0.15685205   -0.15669802   -0.12281613
    6.00000000   -0.15559563   -0.15546380   -0.11332013
    6.08333333   -0.15435262   -0.15423555   -0.10452759
    6.16666667   -0.15312308   -0.15301300   -0.09638500
    6.25000000   -0.15190704   -0.15180074   -0.08884195
    6.33333333   -0.15070451   -0.15060518   -0.08185149
    6.41666667   -0.14951549   -0.14943043   -0.07537004
    6.50000000   -0.14833994   -0.14827572   -0.06935714
    6.58333333   -0.14717784   -0.14713596   -0.06377561
    6.66666667   -0.14602914   -0.14600505   -0.05859119
    6.75000000   -0.14489376   -0.14487968   -0.05377235
    6.83333333   -0.14377164   -0.14376131   -0.04929023
    6.91666667   -0.14266269   -0.14265509   -0.04511838
    7.00000000   -0.14156682   -0.14156643   -0.04123251
    7.08333333   -0.14048392   -0.14049747   -0.03761045
    7.16666667   -0.13941390   -0.13944576   -0.03423187
    7.25000000   -0.13835664   -0.13840578   -0.03107814
    7.33333333   -0.13731201   -0.13737248   -0.02813224
    7.41666667   -0.13627990   -0.13634435   -0.02537857
    7.50000000   -0.13526018   -0.13532423   -0.02280281
    7.58333333   -0.13425271   -0.13431734   -0.02039185
    7.66666667   -0.13325738   -0.13332780   -0.01813370
    7.75000000   -0.13227403   -0.13235597   -0.01601729
    7.83333333   -0.13130252   -0.13139818   -0.01403250
    7.91666667   -0.13034274   -0.13044908   -0.01217003
    8.00000000   -0.12939451   -0.12950493   -0.01042130
    8.08333333   -0.12845772   -0.12856590   -0.00877844
    8.16666667   -0.12753219   -0.12763576   -0.00723417
    8.25000000   -0.12661782   -0.12671936   -0.00578184
    8.33333333   -0.12571444   -0.12581938   -0.00441526
    8.41666667   -0.12482190   -0.12493462   -0.00312871
    8.50000000   -0.12394008   -0.12406070   -0.00191697
    8.58333333   -0.12306882   -0.12319284   -0.00077515
    8.66666667   -0.12220797   -0.12232879    0.00030127
    8.75000000   -0.12135741   -0.12147015    0.00131641
    8.83333333   -0.12051698   -0.12062119    0.00227417
    8.91666667   -0.11968654   -0.11978596    0.00317814
    9.00000000   -0.11886596   -0.11896570    0.00403162
    9.08333333   -0.11805509   -0.11815792    0.00483772
    9.16666667   -0.11725380   -0.11735801    0.00559931
    9.25000000   -0.11646196   -0.11656210    0.00631905
    9.33333333   -0.11567942   -0.11576946    0.00699944
    9.41666667   -0.11490605   -0.11498277    0.00764280
    9.50000000   -0.11414173   -0.11420636    0.00825128
    9.58333333   -0.11338633   -0.11344325    0.00882690
    9.66666667   -0.11263969   -0.11269323    0.00937155
    9.75000000   -0.11190172   -0.11195290    0.00988699
    9.83333333   -0.11117227   -0.11121786    0.01037485
    9.91666667   -0.11045123   -0.11048539    0.01083668
   10.00000000   -0.10973847   -0.10975614    0.01127392
   10.08333333   -0.10903387   -0.10903356    0.01168791
   10.16666667   -0.10833730   -0.10832158    0.01207992
   10.25000000   -0.10764867   -0.10762204    0.01245114
   10.33333333   -0.10696784   -0.10693342    0.01280268
   10.41666667   -0.10629469   -0.10625182    0.01313558
   10.50000000   -0.10562913   -0.10557339    0.01345083
   10.58333333   -0.10497104   -0.10489672    0.01374934
   10.66666667   -0.10432030   -0.10422362    0.01403200
   10.75000000   -0.10367682   -0.10355791    0.01429960
   10.83333333   -0.10304048   -0.10290282    0.01455292
   10.91666667   -0.10241118   -0.10225888    0.01479270
   11.00000000   -0.10178882   -0.10162355    0.01501960
   11.08333333   -0.10117329   -0.10099278    0.01523427
   11.16666667   -0.10056449   -0.10036360    0.01543733
   11.25000000   -0.09996234   -0.09973590    0.01562935
   11.33333333   -0.09936672   -0.09911244    0.01581086
   11.41666667   -0.09877755   -0.09849695    0.01598238
   11.50000000   -0.09819473   -0.09789170    0.01614440
   11.58333333   -0.09761817   -0.09729597    0.01629737
   11.66666667   -0.09704777   -0.09670646    0.01644172
   11.75000000   -0.09648346   -0.09611942    0.01657787
   11.83333333   -0.09592514   -0.09553292    0.01670620
   11.91666667   -0.09537272   -0.09494810    0.01682709
   12.00000000   -0.09482613   -0.09436829    0.01694087
   12.08333333   -0.09428527   -0.09379681    0.01704789
   12.16666667   -0.09375006   -0.09323477    0.01714845
   12.25000000   -0.09322043   -0.09268034    0.01724285
   12.33333333   -0.09269630   -0.09212981    0.01733138
   12.41666667   -0.09217758   -0.09158004    0.01741430
   12.50000000   -0.09166420   -0.09103032    0.01749187
   12.58333333   -0.09115608   -0.09048282    0.01756434
   12.66666667   -0.09065315   -0.08994109    0.01763192
   12.75000000   -0.09015534   -0.08940770    0.01769484
   12.83333333   -0.08966258   -0.08888255    0.01775332
   12.91666667   -0.08917478   -0.08836286    0.01780754
   13.00000000   -0.08869190   -0.08784494    0.01785769
   13.08333333   -0.08821385   -0.08732652    0.01790396
   13.16666667   -0.08774056   -0.08680814    0.01794652
   13.25000000   -0.08727199   -0.08629275    0.01798553
   13.33333333   -0.08680805   -0.08578371    0.01802114
   13.41666667   -0.08634867   -0.08528261    0.01805351
   13.50000000   -0.08589382   -0.08478813    0.01808278
   13.58333333   -0.08544341   -0.08429687    0.01810907
   13.66666667   -0.08499739   -0.08380550    0.01813253
   13.75000000   -0.08455570   -0.08331285    0.01815326
   13.83333333   -0.08411828   -0.08282063    0.01817140
   13.91666667   -0.08368507   -0.08233222    0.01818704
   14.00000000   -0.08325601   -0.08185047    0.01820031
   14.08333333   -0.08283106   -0.08137576    0.01821130
   14.16666667   -0.08241014   -0.08090567    0.01822010
   14.25000000   -0.08199322   -0.08043654    0.01822682
   14.33333333   -0.08158024   -0.07996575    0.01823154
   14.41666667   -0.08117113   -0.07949337    0.01823435
   14.50000000   -0.08076586   -0.07902208    0.01823532
   14.58333333   -0.08036438   -0.07855535    0.01823455
   14.66666667   -0.07996662   -0.07809514    0.01823209
   14.75000000   -0.07957255   -0.07764053    0.01822803
   14.83333333   -0.07918211   -0.07718822    0.01822243
   14.91666667   -0.07879526   -0.07673467    0.01821536
   15.00000000   -0.07841195   -0.07627827    0.01820688
   15.08333333   -0.07803214   -0.07582039    0.01819705
   15.16666667   -0.07765577   -0.07536441    0.01818594
   15.25000000   -0.07728281   -0.07491346    0.01817358
   15.33333333   -0.07691322   -0.07446831    0.01816005
   15.41666667   -0.07654693   -0.07402672    0.01814538
   15.50000000   -0.07618393   -0.07358484    0.01812963
   15.58333333   -0.07582416   -0.07313962    0.01811285
   15.66666667   -0.07546758   -0.07269075    0.01809507
   15.75000000   -0.07511416   -0.07224081    0.01807635
   15.83333333   -0.07476384   -0.07179355    0.01805672
   15.91666667   -0.07441660   -0.07135131    0.01803622
   16.00000000   -0.07407240   -0.07091339    0.01801490
   16.08333333   -0.07373119   -0.07047635    0.01799279
   16.16666667   -0.07339295   -0.07003612    0.01796991
   16.25000000   -0.07305763   -0.06959060    0.01794632
   16.33333333   -0.07272519   -0.06914095    0.01792204
   16.41666667   -0.07239561   -0.06869082    0.01789709
   16.50000000   -0.07206884   -0.06824385    0.01787152
   16.58333333   -0.07174485   -0.06780113    0.01784535
   16.66666667   -0.07142362   -0.06736029    0.01781860
   16.75000000   -0.07110509   -0.06691684    0.01779131
   16.83333333   -0.07078925   -0.06646694    0.01776349
   16.91666667   -0.07047606   -0.06600986    0.01773518
   17.00000000   -0.07016549   -0.06554840    0.01770640
   17.08333333   -0.06985750   -0.06508699    0.01767716
   17.16666667   -0.06955207   -0.06462860    0.01764750
   17.25000000   -0.06924916   -0.06417252    0.01761743
   17.33333333   -0.06894874   -0.06371450    0.01758698
   17.41666667   -0.06865079   -0.06324924    0.01755615
   17.50000000   -0.06835528   -0.06277369    0.01752498
   17.58333333   -0.06806217   -0.06228900    0.01749347
   17.66666667   -0.06777145   -0.06179970    0.01746166
   17.75000000   -0.06748307   -0.06131057    0.01742954
   17.83333333   -0.06719701   -0.06082318    0.01739714
   17.91666667   -0.06691326   -0.06033428    0.01736448
   18.00000000   -0.06663177   -0.05983747    0.01733156
   18.08333333   -0.06635252   -0.05932698    0.01729841
   18.16666667   -0.06607550   -0.05880131    0.01726503
   18.25000000   -0.06580067   -0.05826421    0.01723145
   18.33333333   -0.06552800   -0.05772214    0.01719766
   18.41666667   -0.06525748   -0.05717966    0.01716370
   18.50000000   -0.06498907   -0.05663571    0.01712955
   18.58333333   -0.06472276   -0.05608332    0.01709525
   18.66666667   -0.06445853   -0.05551341    0.01706079
   18.75000000   -0.06419633   -0.05492035    0.01702620
   18.83333333   -0.06393616   -0.05430577    0.01699147
   18.91666667   -0.06367800   -0.05367785    0.01695662
   19.00000000   -0.06342181   -0.05304598    0.01692166
   19.08333333   -0.06316758   -0.05241383    0.01688660
   19.16666667   -0.06291529   -0.05177541    0.01685144
   19.25000000   -0.06266490   -0.05111725    0.01681620
   19.33333333   -0.06241641   -0.05042625    0.01678088
   19.41666667   -0.06216980   -0.04969912    0.01674549
   19.50000000   -0.06192504   -0.04894725    0.01671004
   19.58333333   -0.06168211   -0.04819297    0.01667453
   19.66666667   -0.06144099   -0.04745749    0.01663897
   19.75000000   -0.06120166   -0.04674594    0.01660338
   19.83333333   -0.06096411   -0.04603761    0.01656774
   19.91666667   -0.06072831   -0.04528760    0.01653208
   20.00000000   -0.06049424   -0.04444104    0.01649640
