  -20.00000000    0.04053105    0.04047635    0.00421772
  -19.91666667    0.04078709    0.04127566    0.00418858
  -19.83333333    0.04104543    0.04198937    0.00415938
  -19.75000000    0.04130609    0.04266633    0.00413013
  -19.66666667    0.04156911    0.04334663    0.00410083
  -19.58333333    0.04183452    0.04404874    0.00407147
  -19.50000000    0.04210235    0.04476784    0.00404207
  -19.41666667    0.04237263    0.04548449    0.00401263
  -19.33333333    0.04264540    0.04617802    0.00398314
  -19.25000000    0.04292069    0.04683751    0.00395361
  -19.16666667    0.04319854    0.04746538    0.00392405
  -19.08333333    0.04347897    0.04807316    0.00389445
  -19.00000000    0.04376204    0.04867311    0.00386481
  -18.91666667    0.04404778    0.04927101    0.00383515
  -18.83333333    0.04433621    0.04986394    0.00380546
  -18.75000000    0.04462738    0.05044368    0.00377574
  -18.66666667    0.04492134    0.05100283    0.00374600
  -18.58333333    0.04521810    0.05153972    0.00371625
  -18.50000000    0.04551773    0.05205922    0.00368648
  -18.41666667    0.04582026    0.05256956    0.00365670
  -18.33333333    0.04612573    0.05307724    0.00362691
  -18.25000000    0.04643418    0.05358364    0.00359712
  -18.16666667    0.04674567    0.05408495    0.00356733
  -18.08333333    0.04706021    0.05457548    0.00353755
  -18.00000000    0.04737789    0.05505169    0.00350777
  -17.91666667    0.04769872    0.05551468    0.00347801
  -17.83333333    0.04802276    0.05596949    0.00344826
  -17.75000000    0.04835006    0.05642194    0.00341854
  -17.66666667    0.04868066    0.05687524    0.00338884
  -17.58333333    0.04901462    0.05732834    0.00335918
  -17.50000000    0.04935199    0.05777714    0.00332956
  -17.41666667    0.04969282    0.05821754    0.00329998
  -17.33333333    0.05003715    0.05864827    0.00327044
  -17.25000000    0.05038505    0.05907181    0.00324097
  -17.16666667    0.05073658    0.05949280    0.00321155
  -17.08333333    0.05109177    0.05991520    0.00318220
  -17.00000000    0.05145070    0.06033995    0.00315293
  -16.91666667    0.05181342    0.06076470    0.00312374
  -16.83333333    0.05217999    0.06118558    0.00309464
  -16.75000000    0.05255048    0.06159994    0.00306563
  -16.66666667    0.05292494    0.06200815    0.00303672
  -16.58333333    0.05330343    0.06241341    0.00300793
  -16.50000000    0.05368603    0.06281970    0.00297926
  -16.41666667    0.05407279    0.06322936    0.00295072
  -16.33333333    0.05446379    0.06364173    0.00292231
  -16.25000000    0.05485909    0.06405380    0.00289406
  -16.16666667    0.05525878    0.06446232    0.00286595
  -16.08333333    0.05566289    0.06486602    0.00283802
  -16.00000000    0.05607154    0.06526649    0.00281026
  -15.91666667    0.05648478    0.06566716    0.00278269
  -15.83333333    0.05690270    0.06607117    0.00275532
  -15.75000000    0.05732536    0.06647940    0.00272817
  -15.66666667    0.05775285    0.06689008    0.00270123
  -15.58333333    0.05818526    0.06730004    0.00267453
  -15.50000000    0.05862266    0.06770689    0.00264808
  -15.41666667    0.05906514    0.06811063    0.00262189
  -15.33333333    0.05951280    0.06851367    0.00259598
  -15.25000000    0.05996571    0.06891935    0.00257036
  -15.16666667    0.06042397    0.06932977    0.00254504
  -15.08333333    0.06088768    0.06974458    0.00252005
  -15.00000000    0.06135693    0.07016127    0.00249540
  -14.91666667    0.06183181    0.07057692    0.00247110
  -14.83333333    0.06231244    0.07099014    0.00244718
  -14.75000000    0.06279891    0.07140203    0.00242365
  -14.66666667    0.06329132    0.07181551    0.00240053
  -14.58333333    0.06378979    0.07223344    0.00237784
  -14.50000000    0.06429442    0.07265688    0.00235561
  -14.41666667    0.06480533    0.07308442    0.00233384
  -14.33333333    0.06532263    0.07351321    0.00231258
  -14.25000000    0.06584644    0.07394087    0.00229183
  -14.16666667    0.06637689    0.07436707    0.00227163
  -14.08333333    0.06691410    0.07479381    0.00225199
  -14.00000000    0.06745818    0.07522416    0.00223296
  -13.91666667    0.06800929    0.07566029    0.00221454
  -13.83333333    0.06856754    0.07610217    0.00219677
  -13.75000000    0.06913308    0.07654760    0.00217969
  -13.66666667    0.06970604    0.07699374    0.00216332
  -13.58333333    0.07028657    0.07743897    0.00214769
  -13.50000000    0.07087482    0.07788403    0.00213283
  -13.41666667    0.07147094    0.07833156    0.00211879
  -13.33333333    0.07207509    0.07878442    0.00210560
  -13.25000000    0.07268742    0.07924393    0.00209329
  -13.16666667    0.07330809    0.07970905    0.00208191
  -13.08333333    0.07393728    0.08017707    0.00207149
  -13.00000000    0.07457516    0.08064547    0.00206208
  -12.91666667    0.07522190    0.08111358    0.00205373
  -12.83333333    0.07587770    0.08158306    0.00204647
  -12.75000000    0.07654271    0.08205691    0.00204037
  -12.66666667    0.07721716    0.08253752    0.00203546
  -12.58333333    0.07790123    0.08302524    0.00203180
  -12.50000000    0.07859511    0.08351815    0.00202945
  -12.41666667    0.07929902    0.08401335    0.00202846
  -12.33333333    0.08001319    0.08450892    0.00202889
  -12.25000000    0.08073781    0.08500520    0.00203081
  -12.16666667    0.08147311    0.08550463    0.00203429
  -12.08333333    0.08221934    0.08601022    0.00203938
  -12.00000000    0.08297672    0.08652369    0.00204616
  -11.91666667    0.08374550    0.08704434    0.00205471
  -11.83333333    0.08452594    0.08756962    0.00206510
  -11.75000000    0.08531829    0.08809674    0.00207741
  -11.66666667    0.08612281    0.08862462    0.00209173
  -11.58333333    0.08693980    0.08915458    0.00210815
  -11.50000000    0.08776951    0.08968960    0.00212676
  -11.41666667    0.08861224    0.09023244    0.00214766
  -11.33333333    0.08946831    0.09078390    0.00217095
  -11.25000000    0.09033800    0.09134234    0.00219674
  -11.16666667    0.09122165    0.09190481    0.00222514
  -11.08333333    0.09211957    0.09246897    0.00225626
  -11.00000000    0.09303210    0.09303468    0.00229023
  -10.91666667    0.09395959    0.09360419    0.00232718
  -10.83333333    0.09490241    0.09418074    0.00236724
  -10.75000000    0.09586091    0.09476653    0.00241055
  -10.66666667    0.09683547    0.09536134    0.00245727
  -10.58333333    0.09782649    0.09596274    0.00250754
  -10.50000000    0.09883437    0.09656765    0.00256154
  -10.41666667    0.09985953    0.09717445    0.00261943
  -10.33333333    0.10090241    0.09778407    0.00268139
  -10.25000000    0.10196343    0.09839948    0.00274761
  -10.16666667    0.10304306    0.09902389    0.00281830
  -10.08333333    0.10414178    0.09965867    0.00289366
  -10.00000000    0.10526007    0.10030256    0.00297391
   -9.91666667    0.10639843    0.10095252    0.00305929
   -9.83333333    0.10755740    0.10160570    0.00315003
   -9.75000000    0.10873749    0.10226142    0.00324640
   -9.66666667    0.10993928    0.10292167    0.00334866
   -9.58333333    0.11116334    0.10358991    0.00345711
   -9.50000000    0.11241025    0.10426896    0.00357203
   -9.41666667    0.11368063    0.10495921    0.00369376
   -9.33333333    0.11497513    0.10565839    0.00382263
   -9.25000000    0.11629438    0.10636312    0.00395898
   -9.16666667    0.11763907    0.10707112    0.00410319
   -9.08333333    0.11900992    0.10778280    0.00425566
   -9.00000000    0.12040763    0.10850111    0.00441680
   -8.91666667    0.12183296    0.10922973    0.00458706
   -8.83333333    0.12328670    0.10997077    0.00476689
   -8.75000000    0.12476964    0.11072347    0.00495680
   -8.66666667    0.12628261    0.11148473    0.00515731
   -8.58333333    0.12782650    0.11225115    0.00536897
   -8.50000000    0.12940217    0.11302130    0.00559236
   -8.41666667    0.13101056    0.11379680    0.00582812
   -8.33333333    0.13265265    0.11458136    0.00607690
   -8.25000000    0.13432940    0.11537853    0.00633939
   -8.16666667    0.13604185    0.11618944    0.00661636
   -8.08333333    0.13779109    0.11701214    0.00690858
   -8.00000000    0.13957819    0.11784290    0.00721690
   -7.91666667    0.14140431    0.11867864    0.00754221
   -7.83333333    0.14327063    0.11951909    0.00788547
   -7.75000000    0.14517840    0.12036705    0.00824769
   -7.66666667    0.14712888    0.12122675    0.00862995
   -7.58333333    0.14912337    0.12210120    0.00903340
   -7.50000000    0.15116328    0.12299033    0.00945928
   -7.41666667    0.15325001    0.12389102    0.00990890
   -7.33333333    0.15538502    0.12479922    0.01038364
   -7.25000000    0.15756986    0.12571256    0.01088503
   -7.16666667    0.15980608    0.12663211    0.01141466
   -7.08333333    0.16209533    0.12756177    0.01197423
   -7.00000000    0.16443930    0.12850590    0.01256558
   -6.91666667    0.16683975    0.12946664    0.01319069
   -6.83333333    0.16929848    0.13044249    0.01385165
   -6.75000000    0.17181739    0.13142933    0.01455073
   -6.66666667    0.17439841    0.13242311    0.01529035
   -6.58333333    0.17704354    0.13342257    0.01607311
   -6.50000000    0.17975489    0.13443022    0.01690181
   -6.41666667    0.18253457    0.13545083    0.01777945
   -6.33333333    0.18538480    0.13648852    0.01870926
   -6.25000000    0.18830788    0.13754412    0.01969473
   -6.16666667    0.19130615    0.13861459    0.02073960
   -6.08333333    0.19438201    0.13969504    0.02184789
   -6.00000000    0.19753798    0.14078184    0.02302396
   -5.91666667    0.20077660    0.14187515    0.02427248
   -5.83333333    0.20410046    0.14297892    0.02559850
   -5.75000000    0.20751228    0.14409849    0.02700747
   -5.66666667    0.21101477    0.14523720    0.02850525
   -5.58333333    0.21461069    0.14639416    0.03009816
   -5.50000000    0.21830291    0.14756480    0.03179305
   -5.41666667    0.22209425    0.14874368    0.03359726
   -5.33333333    0.22598758    0.14992808    0.03551870
   -5.25000000    0.22998583    0.15111979    0.03756594
   -5.16666667    0.23409187    0.15232408    0.03974814
   -5.08333333    0.23830852    0.15354636    0.04207515
   -5.00000000    0.24263865    0.15478853    0.04455759
   -4.91666667    0.24708497    0.15604763    0.04720677
   -4.83333333    0.25165009    0.15731748    0.05003477
   -4.75000000    0.25633657    0.15859247    0.05305450
   -4.66666667    0.26114669    0.15987112    0.05627958
   -4.58333333    0.26608252    0.16115699    0.05972438
   -4.50000000    0.27114592    0.16245629    0.06340400
   -4.41666667    0.27633830    0.16377372    0.06733405
   -4.33333333    0.28166069    0.16510896    0.07153055
   -4.25000000    0.28711366    0.16645642    0.07600981
   -4.16666667    0.29269712    0.16780822    0.08078791
   -4.08333333    0.29841025    0.16915884    0.08588035
   -4.00000000    0.30425151    0.17050824    0.09130157
   -3.91666667    0.31021825    0.17186150    0.09706400
   -3.83333333    0.31630681    0.17322497    0.10317724
   -3.75000000    0.32251214    0.17460136    0.10964666
   -3.66666667    0.32882775    0.17598684    0.11647199
   -3.58333333    0.33524547    0.17737221    0.12364535
   -3.50000000    0.34175512    0.17874745    0.13114895
   -3.41666667    0.34834436    0.18010689    0.13895256
   -3.33333333    0.35499842    0.18145152    0.14701049
   -3.25000000    0.36169964    0.18278686    0.15525838
   -3.16666667    0.36842732    0.18411746    0.16361009
   -3.08333333    0.37515729    0.18544148    0.17195477
   -3.00000000    0.38186144    0.18674886    0.18015460
   -2.91666667    0.38850743    0.18802440    0.18804409
   -2.83333333    0.39505817    0.18925399    0.19543115
   -2.75000000    0.40147127    0.19042992    0.20210089
   -2.66666667    0.40769857    0.19155174    0.20782297
   -2.58333333    0.41368550    0.19262164    0.21236220
   -2.50000000    0.41937030    0.19363705    0.21549268
   -2.41666667    0.42468339    0.19458505    0.21701428
   -2.33333333    0.42954642    0.19544213    0.21676979
   -2.25000000    0.43387125    0.19617984    0.21466047
   -2.16666667    0.43755905    0.19677271    0.21065762
   -2.08333333    0.44049911    0.19720313    0.20480798
   -2.00000000    0.44256785    0.19745955    0.19723200
   -1.91666667    0.44362806    0.19752834    0.18811468
   -1.83333333    0.44352846    0.19738385    0.17769105
   -1.75000000    0.44210407    0.19698290    0.16622785
   -1.66666667    0.43917771    0.19626730    0.15400472
   -1.58333333    0.43456308    0.19517306    0.14129690
   -1.50000000    0.42806991    0.19364041    0.12836136
   -1.41666667    0.41951161    0.19161744    0.11542724
   -1.33333333    0.40871565    0.18905394    0.10269058
   -1.25000000    0.39553637    0.18588791    0.09031282
   -1.16666667    0.37986989    0.18203292    0.07842240
   -1.08333333    0.36166971    0.17737493    0.06711833
   -1.00000000    0.34096109    0.17178224    0.05647493
   -0.91666667    0.31785258    0.16512458    0.04654733
   -0.83333333    0.29254173    0.15729065    0.03737688
   -0.75000000    0.26531404    0.14819350    0.02899653
   -0.66666667    0.23653350    0.13775992    0.02143589
   -0.58333333    0.20662568    0.12591079    0.01472601
   -0.50000000    0.17605485    0.11254809    0.00890411
   -0.41666667    0.14529766    0.09756488    0.00401816
   -0.33333333    0.11481692    0.08088543    0.00013180
   -0.25000000    0.08503813    0.06252701   -0.00267033
   -0.16666667    0.05633133    0.04266069   -0.00427645
   -0.08333333    0.02899933    0.02164323   -0.00454036
    0.00000000    0.00327259    0.00000000    0.00327259
    0.08333333   -0.02069011   -0.02164323    0.00022963
    0.16666667   -0.04279640   -0.04266069   -0.00489945
    0.25000000   -0.06301202   -0.06252701   -0.01250935
    0.33333333   -0.08135094   -0.08088543   -0.02309812
    0.41666667   -0.09786507   -0.09756488   -0.03729012
    0.50000000   -0.11263449   -0.11254809   -0.05586110
    0.58333333   -0.12575872   -0.12591079   -0.07976265
    0.66666667   -0.13734931   -0.13775992   -0.11013977
    0.75000000   -0.14752381   -0.14819350   -0.14832873
    0.83333333   -0.15640118   -0.15729065   -0.19581374
    0.91666667   -0.16409832   -0.16512458   -0.25410615
    1.00000000   -0.17072755   -0.17178224   -0.32449648
    1.08333333   -0.17639510   -0.17737493   -0.40762559
    1.16666667   -0.18120005   -0.18203292   -0.50285050
    1.25000000   -0.18523395   -0.18588791   -0.60748713
    1.33333333   -0.18858058   -0.18905394   -0.71620250
    1.41666667   -0.19131618   -0.19161744   -0.82104349
    1.50000000   -0.19350975   -0.19364041   -0.91256940
    1.58333333   -0.19522343   -0.19517306   -0.98205742
    1.66666667   -0.19651301   -0.19626730   -1.02393242
    1.75000000   -0.19742843   -0.19698290   -1.03715916
    1.83333333   -0.19801430   -0.19738385   -1.02491769
    1.91666667   -0.19831039   -0.19752834   -0.99298360
    2.00000000   -0.19835209   -0.19745955   -0.94783505
    2.08333333   -0.19817087   -0.19720313   -0.89527946
    2.16666667   -0.19779469   -0.19677271   -0.83981665
    2.25000000   -0.19724836   -0.19617984   -0.78456519
    2.33333333   -0.19655391   -0.19544213   -0.73147626
    2.41666667   -0.19573083   -0.19458505   -0.68163363
    2.50000000   -0.19479646   -0.19363705   -0.63553048
    2.58333333   -0.19376610   -0.19262164   -0.59328419
    2.66666667   -0.19265335   -0.19155174   -0.55478970
    2.75000000   -0.19147025   -0.19042992   -0.51982154
    2.83333333   -0.19022743   -0.18925399   -0.48809766
    2.91666667   -0.18893433   -0.18802440   -0.45931887
    3.00000000   -0.18759929   -0.18674886   -0.43319149
    3.08333333   -0.18622971   -0.18544148   -0.40943894
    3.16666667   -0.18483210   -0.18411746   -0.38780762
    3.25000000   -0.18341224   -0.18278686   -0.36806893
    3.33333333   -0.18197523   -0.18145152   -0.35001857
    3.41666667   -0.18052556   -0.18010689   -0.33347532
    3.50000000   -0.17906722   -0.17874745   -0.31827917
    3.58333333   -0.17760369   -0.17737221   -0.30428892
    3.66666667   -0.17613805   -0.17598684   -0.29138015
    3.75000000   -0.17467302   -0.17460136   -0.27944335
    3.83333333   -0.17321096   -0.17322497   -0.26838185
    3.91666667   -0.17175395   -0.17186150   -0.25811033
    4.00000000   -0.17030383   -0.17050824   -0.24855344
    4.08333333   -0.16886215   -0.16915884   -0.23964434
    4.16666667   -0.16743032   -0.16780822   -0.23132386
    4.25000000   -0.16600951   -0.16645642   -0.22353920
    4.33333333   -0.16460074   -0.16510896   -0.21624348
    4.41666667   -0.16320492   -0.16377372   -0.20939484
    4.50000000   -0.16182278   -0.16245629   -0.20295569
    4.58333333   -0.16045495   -0.16115699   -0.19689247
    4.66666667   -0.15910198   -0.15987112   -0.19117499
    4.75000000   -0.15776429   -0.15859247   -0.18577600
    4.83333333   -0.15644224   -0.15731748   -0.18067100
    4.91666667   -0.15513613   -0.15604763   -0.17583783
    5.00000000   -0.15384617   -0.15478853   -0.17125635
    5.08333333   -0.15257251   -0.15354636   -0.16690835
    5.16666667   -0.15131530   -0.15232408   -0.16277729
    5.25000000   -0.15007457   -0.15111979   -0.15884802
    5.33333333   -0.14885036   -0.14992808   -0.15510679
    5.41666667   -0.14764268   -0.14874368   -0.15154102
    5.50000000   -0.14645147   -0.14756480   -0.14813916
    5.58333333   -0.14527668   -0.14639416   -0.14489066
    5.66666667   -0.14411822   -0.14523720   -0.14178582
    5.75000000   -0.14297598   -0.14409849   -0.13881568
    5.83333333   -0.14184983   -0.14297892   -0.13597203
    5.91666667   -0.14073963   -0.14187515   -0.13324731
    6.00000000   -0.13964522   -0.14078184   -0.13063446
    6.08333333   -0.13856643   -0.13969504   -0.12812704
    6.16666667   -0.13750310   -0.13861459   -0.12571903
    6.25000000   -0.13645502   -0.13754412   -0.12340485
    6.33333333   -0.13542201   -0.13648852   -0.12117934
    6.41666667   -0.13440388   -0.13545083   -0.11903770
    6.50000000   -0.13340040   -0.13443022   -0.11697543
    6.58333333   -0.13241137   -0.13342257   -0.11498838
    6.66666667   -0.13143660   -0.13242311   -0.11307266
    6.75000000   -0.13047585   -0.13142933   -0.11122462
    6.83333333   -0.12952892   -0.13044249   -0.10944089
    6.91666667   -0.12859560   -0.12946664   -0.10771828
    7.00000000   -0.12767566   -0.12850590   -0.10605380
    7.08333333   -0.12676889   -0.12756177   -0.10444468
    7.16666667   -0.12587508   -0.12663211   -0.10288830
    7.25000000   -0.12499401   -0.12571256   -0.10138219
    7.33333333   -0.12412547   -0.12479922   -0.09992404
    7.41666667   -0.12326925   -0.12389102   -0.09851168
    7.50000000   -0.12242513   -0.12299033   -0.09714305
    7.58333333   -0.12159292   -0.12210120   -0.09581623
    7.66666667   -0.12077241   -0.12122675   -0.09452941
    7.75000000   -0.11996339   -0.12036705   -0.09328084
    7.83333333   -0.11916567   -0.11951909   -0.09206891
    7.91666667   -0.11837905   -0.11867864   -0.09089209
    8.00000000   -0.11760332   -0.11784290   -0.08974893
    8.08333333   -0.11683831   -0.11701214   -0.08863804
    8.16666667   -0.11608382   -0.11618944   -0.08755812
    8.25000000   -0.11533967   -0.11537853   -0.08650796
    8.33333333   -0.11460567   -0.11458136   -0.08548636
    8.41666667   -0.11388164   -0.11379680   -0.08449220
    8.50000000   -0.11316742   -0.11302130   -0.08352446
    8.58333333   -0.11246282   -0.11225115   -0.08258212
    8.66666667   -0.11176766   -0.11148473   -0.08166420
    8.75000000   -0.11108180   -0.11072347   -0.08076984
    8.83333333   -0.11040505   -0.10997077   -0.07989814
    8.91666667   -0.10973726   -0.10922973   -0.07904828
    9.00000000   -0.10907828   -0.10850111   -0.07821948
    9.08333333   -0.10842794   -0.10778280   -0.07741101
    9.16666667   -0.10778608   -0.10707112   -0.07662212
    9.25000000   -0.10715257   -0.10636312   -0.07585215
    9.33333333   -0.10652726   -0.10565839   -0.07510045
    9.41666667   -0.10591000   -0.10495921   -0.07436639
    9.50000000   -0.10530065   -0.10426896   -0.07364938
    9.58333333   -0.10469907   -0.10358991   -0.07294886
    9.66666667   -0.10410513   -0.10292167   -0.07226426
    9.75000000   -0.10351869   -0.10226142   -0.07159509
    9.83333333   -0.10293963   -0.10160570   -0.07094083
    9.91666667   -0.10236780   -0.10095252   -0.07030100
   10.00000000   -0.10180310   -0.10030256   -0.06967516
   10.08333333   -0.10124540   -0.09965867   -0.06906286
   10.16666667   -0.10069457   -0.09902389   -0.06846367
   10.25000000   -0.10015051   -0.09839948   -0.06787720
   10.33333333   -0.09961309   -0.09778407   -0.06730306
   10.41666667   -0.09908219   -0.09717445   -0.06674087
   10.50000000   -0.09855773   -0.09656765   -0.06619028
   10.58333333   -0.09803957   -0.09596274   -0.06565094
   10.66666667   -0.09752761   -0.09536134   -0.06512251
   10.75000000   -0.09702176   -0.09476653   -0.06460469
   10.83333333   -0.09652191   -0.09418074   -0.06409716
   10.91666667   -0.09602796   -0.09360419   -0.06359963
   11.00000000   -0.09553981   -0.09303468   -0.06311181
   11.08333333   -0.09505736   -0.09246897   -0.06263344
   11.16666667   -0.09458052   -0.09190481   -0.06216425
   11.25000000   -0.09410921   -0.09134234   -0.06170398
   11.33333333   -0.09364332   -0.09078390   -0.06125239
   11.41666667   -0.09318277   -0.09023244   -0.06080924
   11.50000000   -0.09272748   -0.08968960   -0.06037431
   11.58333333   -0.09227735   -0.08915458   -0.05994738
   11.66666667   -0.09183230   -0.08862462   -0.05952822
   11.75000000   -0.09139226   -0.08809674   -0.05911665
   11.83333333   -0.09095715   -0.08756962   -0.05871245
   11.91666667   -0.09052687   -0.08704434   -0.05831545
   12.00000000   -0.09010137   -0.08652369   -0.05792545
   12.08333333   -0.08968056   -0.08601022   -0.05754227
   12.16666667   -0.08926436   -0.08550463   -0.05716575
   12.25000000   -0.08885271   -0.08500520   -0.05679572
   12.33333333   -0.08844554   -0.08450892   -0.05643201
   12.41666667   -0.08804276   -0.08401335   -0.05607446
   12.50000000   -0.08764433   -0.08351815   -0.05572294
   12.58333333   -0.08725017   -0.08302524   -0.05537728
   12.66666667   -0.08686020   -0.08253752   -0.05503735
   12.75000000   -0.08647439   -0.08205691   -0.05470302
   12.83333333   -0.08609264   -0.08158306   -0.05437414
   12.91666667   -0.08571491   -0.08111358   -0.05405059
   13.00000000   -0.08534114   -0.08064547   -0.05373225
   13.08333333   -0.08497126   -0.08017707   -0.05341899
   13.16666667   -0.08460521   -0.07970905   -0.05311069
   13.25000000   -0.08424294   -0.07924393   -0.05280725
   13.33333333   -0.08388439   -0.07878442   -0.05250855
   13.41666667   -0.08352951   -0.07833156   -0.05221448
   13.50000000   -0.08317825   -0.07788403   -0.05192494
   13.58333333   -0.08283054   -0.07743897   -0.05163982
   13.66666667   -0.08248634   -0.07699374   -0.05135904
   13.75000000   -0.08214560   -0.07654760   -0.05108249
   13.83333333   -0.08180826   -0.07610217   -0.05081009
   13.91666667   -0.08147427   -0.07566029   -0.05054173
   14.00000000   -0.08114360   -0.07522416   -0.05027734
   14.08333333   -0.08081619   -0.07479381   -0.05001683
   14.16666667   -0.08049199   -0.07436707   -0.04976012
   14.25000000   -0.08017096   -0.07394087   -0.04950712
   14.33333333   -0.07985306   -0.07351321   -0.04925777
   14.41666667   -0.07953822   -0.07308442   -0.04901197
   14.50000000   -0.07922643   -0.07265688   -0.04876966
   14.58333333   -0.07891764   -0.07223344   -0.04853078
   14.66666667   -0.07861179   -0.07181551   -0.04829523
   14.75000000   -0.07830885   -0.07140203   -0.04806297
   14.83333333   -0.07800879   -0.07099014   -0.04783392
   14.91666667   -0.07771155   -0.07057692   -0.04760801
   15.00000000   -0.07741710   -0.07016127   -0.04738519
   15.08333333   -0.07712541   -0.06974458   -0.04716540
   15.16666667   -0.07683644   -0.06932977   -0.04694857
   15.25000000   -0.07655014   -0.06891935   -0.04673464
   15.33333333   -0.07626649   -0.06851367   -0.04652357
   15.41666667   -0.07598544   -0.06811063   -0.04631529
   15.50000000   -0.07570697   -0.06770689   -0.04610975
   15.58333333   -0.07543104   -0.06730004   -0.04590690
   15.66666667   -0.07515760   -0.06689008   -0.04570668
   15.75000000   -0.07488664   -0.06647940   -0.04550905
   15.83333333   -0.07461812   -0.06607117   -0.04531396
   15.91666667   -0.07435200   -0.06566716   -0.04512136
   16.00000000   -0.07408826   -0.06526649   -0.04493121
   16.08333333   -0.07382686   -0.06486602   -0.04474345
   16.16666667   -0.07356778   -0.06446232   -0.04455805
   16.25000000   -0.07331098   -0.06405380   -0.04437496
   16.33333333   -0.07305643   -0.06364173   -0.04419414
   16.41666667   -0.07280412   -0.06322936   -0.04401556
   16.50000000   -0.07255399   -0.06281970   -0.04383916
   16.58333333   -0.07230603   -0.06241341   -0.04366491
   16.66666667   -0.07206022   -0.06200815   -0.04349278
   16.75000000   -0.07181651   -0.06159994   -0.04332271
   16.83333333   -0.07157490   -0.06118558   -0.04315469
   16.91666667   -0.07133535   -0.06076470   -0.04298867
   17.00000000   -0.07109782   -0.06033995   -0.04282462
   17.08333333   -0.07086231   -0.05991520   -0.04266250
   17.16666667   -0.07062879   -0.05949280   -0.04250228
   17.25000000   -0.07039723   -0.05907181   -0.04234393
   17.33333333   -0.07016760   -0.05864827   -0.04218741
   17.41666667   -0.06993988   -0.05821754   -0.04203271
   17.50000000   -0.06971406   -0.05777714   -0.04187977
   17.58333333   -0.06949009   -0.05732834   -0.04172859
   17.66666667   -0.06926798   -0.05687524   -0.04157912
   17.75000000   -0.06904768   -0.05642194   -0.04143133
   17.83333333   -0.06882918   -0.05596949   -0.04128521
   17.91666667   -0.06861247   -0.05551468   -0.04114072
   18.00000000   -0.06839750   -0.05505169   -0.04099783
   18.08333333   -0.06818427   -0.05457548   -0.04085652
   18.16666667   -0.06797276   -0.05408495   -0.04071678
   18.25000000   -0.06776294   -0.05358364   -0.04057855
   18.33333333   -0.06755479   -0.05307724   -0.04044184
   18.41666667   -0.06734831   -0.05256956   -0.04030661
   18.50000000   -0.06714345   -0.05205922   -0.04017283
   18.58333333   -0.06694021   -0.05153972   -0.04004048
   18.66666667   -0.06673857   -0.05100283   -0.03990956
   18.75000000   -0.06653851   -0.05044368   -0.03978002
   18.83333333   -0.06634001   -0.04986394   -0.03965185
   18.91666667   -0.06614305   -0.04927101   -0.03952502
   19.00000000   -0.06594762   -0.04867311   -0.03939953
   19.08333333   -0.06575369   -0.04807316   -0.03927534
   19.16666667   -0.06556126   -0.04746538   -0.03915244
   19.25000000   -0.06537030   -0.04683751   -0.03903080
   19.33333333   -0.06518079   -0.04617802   -0.03891041
   19.41666667   -0.06499273   -0.04548449   -0.03879126
   19.50000000   -0.06480609   -0.04476784   -0.03867331
   19.58333333   -0.06462086   -0.04404874   -0.03855655
   19.66666667   -0.06443703   -0.04334663   -0.03844098
   19.75000000   -0.06425457   -0.04266633   -0.03832656
   19.83333333   -0.06407347   -0.04198937   -0.03821328
   19.91666667   -0.06389372   -0.04127566   -0.03810112
   20.00000000   -0.06371531   -0.04047635   -0.03799008
