  -20.00000000    0.07231316    0.04446987    0.02109573
  -19.91666667    0.07260115    0.04531631    0.02120685
  -19.83333333    0.07289145    0.04606592    0.02131899
  -19.75000000    0.07318410    0.04677372    0.02143217
  -19.66666667    0.07347910    0.04748474    0.02154638
  -19.58333333    0.07377649    0.04821977    0.02166166
  -19.50000000    0.07407631    0.04897368    0.02177801
  -19.41666667    0.07437857    0.04972523    0.02189545
  -19.33333333    0.07468331    0.05045206    0.02201400
  -19.25000000    0.07499055    0.05114275    0.02213367
  -19.16666667    0.07530033    0.05180060    0.02225447
  -19.08333333    0.07561267    0.05243872    0.02237643
  -19.00000000    0.07592761    0.05307062    0.02249955
  -18.91666667    0.07624518    0.05370229    0.02262386
  -18.83333333    0.07656539    0.05433002    0.02274937
  -18.75000000    0.07688831    0.05494441    0.02287610
  -18.66666667    0.07721394    0.05553727    0.02300407
  -18.58333333    0.07754233    0.05610697    0.02313330
  -18.50000000    0.07787350    0.05665918    0.02326380
  -18.41666667    0.07820750    0.05720300    0.02339559
  -18.33333333    0.07854435    0.05774537    0.02352869
  -18.25000000    0.07888409    0.05828736    0.02366313
  -18.16666667    0.07922676    0.05882436    0.02379891
  -18.08333333    0.07957239    0.05934991    0.02393607
  -18.00000000    0.07992102    0.05986026    0.02407462
  -17.91666667    0.08027269    0.06035694    0.02421458
  -17.83333333    0.08062742    0.06084575    0.02435598
  -17.75000000    0.08098527    0.06133310    0.02449883
  -17.66666667    0.08134627    0.06182220    0.02464317
  -17.58333333    0.08171045    0.06231148    0.02478900
  -17.50000000    0.08207786    0.06279612    0.02493636
  -17.41666667    0.08244855    0.06327157    0.02508527
  -17.33333333    0.08282254    0.06373673    0.02523576
  -17.25000000    0.08319988    0.06419468    0.02538784
  -17.16666667    0.08358062    0.06465072    0.02554155
  -17.08333333    0.08396480    0.06510913    0.02569690
  -17.00000000    0.08435246    0.06557056    0.02585393
  -16.91666667    0.08474364    0.06603202    0.02601267
  -16.83333333    0.08513839    0.06648905    0.02617313
  -16.75000000    0.08553676    0.06693887    0.02633536
  -16.66666667    0.08593880    0.06738225    0.02649937
  -16.58333333    0.08634453    0.06782305    0.02666520
  -16.50000000    0.08675403    0.06826578    0.02683287
  -16.41666667    0.08716734    0.06871279    0.02700243
  -16.33333333    0.08758450    0.06916296    0.02717389
  -16.25000000    0.08800557    0.06961261    0.02734730
  -16.16666667    0.08843060    0.07005808    0.02752268
  -16.08333333    0.08885962    0.07049824    0.02770007
  -16.00000000    0.08929272    0.07093522    0.02787950
  -15.91666667    0.08972993    0.07137313    0.02806101
  -15.83333333    0.09017131    0.07181541    0.02824463
  -15.75000000    0.09061691    0.07226273    0.02843040
  -15.66666667    0.09106679    0.07271271    0.02861836
  -15.58333333    0.09152101    0.07316156    0.02880855
  -15.50000000    0.09197962    0.07360672    0.02900101
  -15.41666667    0.09244268    0.07404853    0.02919577
  -15.33333333    0.09291026    0.07449007    0.02939288
  -15.25000000    0.09338240    0.07493524    0.02959238
  -15.16666667    0.09385918    0.07538624    0.02979431
  -15.08333333    0.09434066    0.07584228    0.02999873
  -15.00000000    0.09482689    0.07630019    0.03020566
  -14.91666667    0.09531795    0.07675655    0.03041517
  -14.83333333    0.09581390    0.07721003    0.03062729
  -14.75000000    0.09631479    0.07766225    0.03084209
  -14.66666667    0.09682071    0.07811684    0.03105959
  -14.58333333    0.09733172    0.07857708    0.03127987
  -14.50000000    0.09784788    0.07904387    0.03150298
  -14.41666667    0.09836927    0.07951521    0.03172895
  -14.33333333    0.09889597    0.07998758    0.03195786
  -14.25000000    0.09942803    0.08045831    0.03218976
  -14.16666667    0.09996554    0.08092735    0.03242470
  -14.08333333    0.10050857    0.08139736    0.03266276
  -14.00000000    0.10105718    0.08187206    0.03290398
  -13.91666667    0.10161147    0.08235385    0.03314843
  -13.83333333    0.10217152    0.08284231    0.03339618
  -13.75000000    0.10273738    0.08333456    0.03364729
  -13.66666667    0.10330915    0.08382717    0.03390184
  -13.58333333    0.10388691    0.08431845    0.03415989
  -13.50000000    0.10447074    0.08480960    0.03442151
  -13.41666667    0.10506072    0.08530401    0.03468678
  -13.33333333    0.10565694    0.08580510    0.03495578
  -13.25000000    0.10625948    0.08631417    0.03522859
  -13.16666667    0.10686842    0.08682961    0.03550527
  -13.08333333    0.10748387    0.08734798    0.03578593
  -13.00000000    0.10810590    0.08786632    0.03607064
  -12.91666667    0.10873460    0.08838411    0.03635949
  -12.83333333    0.10937008    0.08890368    0.03665258
  -12.75000000    0.11001241    0.08942876    0.03694999
  -12.66666667    0.11066169    0.08996214    0.03725182
  -12.58333333    0.11131802    0.09050391    0.03755818
  -12.50000000    0.11198148    0.09105142    0.03786915
  -12.41666667    0.11265219    0.09160108    0.03818485
  -12.33333333    0.11333024    0.09215073    0.03850539
  -12.25000000    0.11401571    0.09270110    0.03883088
  -12.16666667    0.11470871    0.09325540    0.03916142
  -12.08333333    0.11540936    0.09381736    0.03949715
  -12.00000000    0.11611774    0.09438884    0.03983818
  -11.91666667    0.11683395    0.09496866    0.04018464
  -11.83333333    0.11755811    0.09555345    0.04053666
  -11.75000000    0.11829031    0.09613984    0.04089437
  -11.66666667    0.11903065    0.09672671    0.04125792
  -11.58333333    0.11977926    0.09731602    0.04162744
  -11.50000000    0.12053623    0.09791161    0.04200308
  -11.41666667    0.12130166    0.09851678    0.04238501
  -11.33333333    0.12207567    0.09913225    0.04277337
  -11.25000000    0.12285836    0.09975570    0.04316832
  -11.16666667    0.12364983    0.10038331    0.04357005
  -11.08333333    0.12445022    0.10101232    0.04397872
  -11.00000000    0.12525961    0.10164286    0.04439451
  -10.91666667    0.12607811    0.10227798    0.04481762
  -10.83333333    0.12690584    0.10292176    0.04524824
  -10.75000000    0.12774290    0.10357676    0.04568656
  -10.66666667    0.12858939    0.10424243    0.04613280
  -10.58333333    0.12944545    0.10491545    0.04658718
  -10.50000000    0.13031114    0.10559197    0.04704992
  -10.41666667    0.13118660    0.10627016    0.04752124
  -10.33333333    0.13207194    0.10695148    0.04800141
  -10.25000000    0.13296723    0.10763985    0.04849065
  -10.16666667    0.13387259    0.10833922    0.04898924
  -10.08333333    0.13478814    0.10905109    0.04949745
  -10.00000000    0.13571394    0.10977359    0.05001556
   -9.91666667    0.13665011    0.11050270    0.05054385
   -9.83333333    0.13759675    0.11123494    0.05108264
   -9.75000000    0.13855394    0.11196967    0.05163224
   -9.66666667    0.13952176    0.11270966    0.05219297
   -9.58333333    0.14050031    0.11345940    0.05276520
   -9.50000000    0.14148966    0.11422231    0.05334926
   -9.41666667    0.14248989    0.11499859    0.05394554
   -9.33333333    0.14350108    0.11578513    0.05455443
   -9.25000000    0.14452328    0.11657756    0.05517631
   -9.16666667    0.14555655    0.11737314    0.05581164
   -9.08333333    0.14660097    0.11817266    0.05646084
   -9.00000000    0.14765656    0.11898006    0.05712437
   -8.91666667    0.14872336    0.11980001    0.05780272
   -8.83333333    0.14980143    0.12063500    0.05849641
   -8.75000000    0.15089077    0.12148379    0.05920594
   -8.66666667    0.15199139    0.12234221    0.05993188
   -8.58333333    0.15310332    0.12320594    0.06067482
   -8.50000000    0.15422652    0.12407337    0.06143534
   -8.41666667    0.15536098    0.12494682    0.06221410
   -8.33333333    0.15650669    0.12583114    0.06301177
   -8.25000000    0.15766358    0.12673077    0.06382904
   -8.16666667    0.15883159    0.12764690    0.06466665
   -8.08333333    0.16001067    0.12857679    0.06552539
   -8.00000000    0.16120070    0.12951550    0.06640607
   -7.91666667    0.16240157    0.13045922    0.06730955
   -7.83333333    0.16361316    0.13140779    0.06823673
   -7.75000000    0.16483531    0.13236501    0.06918857
   -7.66666667    0.16606786    0.13333635    0.07016610
   -7.58333333    0.16731060    0.13432549    0.07117035
   -7.50000000    0.16856331    0.13533207    0.07220247
   -7.41666667    0.16982576    0.13635185    0.07326365
   -7.33333333    0.17109765    0.13737955    0.07435514
   -7.25000000    0.17237869    0.13841228    0.07547829
   -7.16666667    0.17366854    0.13945161    0.07663451
   -7.08333333    0.17496684    0.14050268    0.07782529
   -7.00000000    0.17627318    0.14157109    0.07905226
   -6.91666667    0.17758712    0.14265931    0.08031710
   -6.83333333    0.17890819    0.14376514    0.08162160
   -6.75000000    0.18023588    0.14488307    0.08296773
   -6.66666667    0.18156962    0.14600787    0.08435752
   -6.58333333    0.18290881    0.14713807    0.08579316
   -6.50000000    0.18425283    0.14827706    0.08727701
   -6.41666667    0.18560097    0.14943105    0.08881159
   -6.33333333    0.18695250    0.15060520    0.09039957
   -6.25000000    0.18830664    0.15180027    0.09204386
   -6.16666667    0.18966256    0.15301205    0.09374755
   -6.08333333    0.19101936    0.15423403    0.09551399
   -6.00000000    0.19237613    0.15546156    0.09734677
   -5.91666667    0.19373188    0.15669493    0.09924978
   -5.83333333    0.19508557    0.15793934    0.10122719
   -5.75000000    0.19643612    0.15920162    0.10328356
   -5.66666667    0.19778241    0.16048581    0.10542381
   -5.58333333    0.19912325    0.16179041    0.10765325
   -5.50000000    0.20045743    0.16310914    0.10997772
   -5.41666667    0.20178368    0.16443479    0.11240353
   -5.33333333    0.20310072    0.16576379    0.11493757
   -5.25000000    0.20440721    0.16709847    0.11758742
   -5.16666667    0.20570182    0.16844560    0.12036133
   -5.08333333    0.20698316    0.16981191    0.12326837
   -5.00000000    0.20824988    0.17119948    0.12631857
   -4.91666667    0.20950059    0.17260396    0.12952294
   -4.83333333    0.21073395    0.17401689    0.13289366
   -4.75000000    0.21194863    0.17543071    0.13644428
   -4.66666667    0.21314335    0.17684330    0.14018979
   -4.58333333    0.21431688    0.17825907    0.14414691
   -4.50000000    0.21546809    0.17968578    0.14833439
   -4.41666667    0.21659592    0.18112897    0.15277316
   -4.33333333    0.21769944    0.18258759    0.15748677
   -4.25000000    0.21877790    0.18405361    0.16250186
   -4.16666667    0.21983066    0.18551613    0.16784851
   -4.08333333    0.22085730    0.18696738    0.17356087
   -4.00000000    0.22185762    0.18840678    0.17967802
   -3.91666667    0.22283164    0.18984033    0.18624455
   -3.83333333    0.22377967    0.19127554    0.19331185
   -3.75000000    0.22470226    0.19271494    0.20093918
   -3.66666667    0.22560029    0.19415243    0.20919537
   -3.58333333    0.22647491    0.19557484    0.21816068
   -3.50000000    0.22732758    0.19696799    0.22792911
   -3.41666667    0.22816004    0.19832335    0.23861151
   -3.33333333    0.22897428    0.19964112    0.25033926
   -3.25000000    0.22977250    0.20092726    0.26326888
   -3.16666667    0.23055702    0.20218631    0.27758824
   -3.08333333    0.23133019    0.20341432    0.29352414
   -3.00000000    0.23209423    0.20459649    0.31135197
   -2.91666667    0.23285106    0.20571129    0.33140872
   -2.83333333    0.23360205    0.20673866    0.35410911
   -2.75000000    0.23434773    0.20766701    0.37996633
   -2.66666667    0.23508739    0.20849431    0.40961906
   -2.58333333    0.23581864    0.20922215    0.44386437
   -2.50000000    0.23653681    0.20984604    0.48369666
   -2.41666667    0.23723434    0.21034814    0.53035024
   -2.33333333    0.23789994    0.21069713    0.58533231
   -2.25000000    0.23851771    0.21085576    0.65041661
   -2.16666667    0.23906608    0.21079147    0.72752635
   -2.08333333    0.23951662    0.21048312    0.81834057
   -2.00000000    0.23983280    0.20991898    0.92329082
   -1.91666667    0.23996862    0.20908644    1.03937445
   -1.83333333    0.23986724    0.20795943    1.15616488
   -1.75000000    0.23945965    0.20649156    1.25071641
   -1.66666667    0.23866361    0.20462002    1.28673147
   -1.58333333    0.23738285    0.20227842    1.22891291
   -1.50000000    0.23550693    0.19941088    1.07251444
   -1.41666667    0.23291191    0.19597812    0.85641588
   -1.33333333    0.22946217    0.19195049    0.63589893
   -1.25000000    0.22501366    0.18729124    0.44806802
   -1.16666667    0.21941892    0.18194054    0.30423416
   -1.08333333    0.21253393    0.17581123    0.20041630
   -1.00000000    0.20422672    0.16880177    0.12780278
   -0.91666667    0.19438767    0.16082089    0.07789411
   -0.83333333    0.18294045    0.15181000    0.04402469
   -0.75000000    0.16985288    0.14174873    0.02138070
   -0.66666667    0.15514625    0.13063738    0.00660264
   -0.58333333    0.13890155    0.11846405   -0.00262646
   -0.50000000    0.12126161    0.10517650   -0.00790335
   -0.41666667    0.10242779    0.09068042   -0.01033377
   -0.33333333    0.08265160    0.07487570   -0.01068889
   -0.25000000    0.06222143    0.05772336   -0.00951077
   -0.16666667    0.04144630    0.03931761   -0.00718318
   -0.08333333    0.02063811    0.01992990   -0.00397943
    0.00000000    0.00009482    0.00000000    0.00009482
    0.08333333   -0.01991382   -0.01992990   -0.00433099
    0.16666667   -0.03915686   -0.03931761   -0.00919863
    0.25000000   -0.05744827   -0.05772336   -0.01443812
    0.33333333   -0.07464908   -0.07487570   -0.02000131
    0.41666667   -0.09066591   -0.09068042   -0.02585641
    0.50000000   -0.10544693   -0.10517650   -0.03198413
    0.58333333   -0.11897613   -0.11846405   -0.03837482
    0.66666667   -0.13126691   -0.13063738   -0.04502650
    0.75000000   -0.14235552   -0.14174873   -0.05194328
    0.83333333   -0.15229502   -0.15181000   -0.05913437
    0.91666667   -0.16114992   -0.16082089   -0.06661322
    1.00000000   -0.16899167   -0.16880177   -0.07439697
    1.08333333   -0.17589508   -0.17581123   -0.08250603
    1.16666667   -0.18193556   -0.18194054   -0.09096370
    1.25000000   -0.18718705   -0.18729124   -0.09979603
    1.33333333   -0.19172062   -0.19195049   -0.10903151
    1.41666667   -0.19560347   -0.19597812   -0.11870092
    1.50000000   -0.19889845   -0.19941088   -0.12883716
    1.58333333   -0.20166371   -0.20227842   -0.13947494
    1.66666667   -0.20395270   -0.20462002   -0.15065053
    1.75000000   -0.20581426   -0.20649156   -0.16240135
    1.83333333   -0.20729277   -0.20795943   -0.17476536
    1.91666667   -0.20842844   -0.20908644   -0.18778037
    2.00000000   -0.20925761   -0.20991898   -0.20148311
    2.08333333   -0.20981299   -0.21048312   -0.21590782
    2.16666667   -0.21012406   -0.21079147   -0.23108477
    2.25000000   -0.21021730   -0.21085576   -0.24703789
    2.33333333   -0.21011647   -0.21069713   -0.26378242
    2.41666667   -0.20984292   -0.21034814   -0.28132149
    2.50000000   -0.20941579   -0.20984604   -0.29964203
    2.58333333   -0.20885226   -0.20922215   -0.31871038
    2.66666667   -0.20816773   -0.20849431   -0.33846679
    2.75000000   -0.20737605   -0.20766701   -0.35881925
    2.83333333   -0.20648963   -0.20673866   -0.37963751
    2.91666667   -0.20551959   -0.20571129   -0.40074669
    3.00000000   -0.20447596   -0.20459649   -0.42192150
    3.08333333   -0.20336772   -0.20341432   -0.44288261
    3.16666667   -0.20220297   -0.20218631   -0.46329520
    3.25000000   -0.20098896   -0.20092726   -0.48277138
    3.33333333   -0.19973224   -0.19964112   -0.50087841
    3.41666667   -0.19843868   -0.19832335   -0.51715256
    3.50000000   -0.19711360   -0.19696799   -0.53111958
    3.58333333   -0.19576175   -0.19557484   -0.54232163
    3.66666667   -0.19438741   -0.19415243   -0.55034792
    3.75000000   -0.19299448   -0.19271494   -0.55486658
    3.83333333   -0.19158641   -0.19127554   -0.55565393
    3.91666667   -0.19016636   -0.18984033   -0.55261624
    4.00000000   -0.18873714   -0.18840678   -0.54580107
    4.08333333   -0.18730130   -0.18696738   -0.53539558
    4.16666667   -0.18586113   -0.18551613   -0.52171236
    4.25000000   -0.18441868   -0.18405361   -0.50516413
    4.33333333   -0.18297581   -0.18258759   -0.48623242
    4.41666667   -0.18153419   -0.18112897   -0.46543329
    4.50000000   -0.18009530   -0.17968578   -0.44328466
    4.58333333   -0.17866047   -0.17825907   -0.42027978
    4.66666667   -0.17723094   -0.17684330   -0.39686659
    4.75000000   -0.17580774   -0.17543071   -0.37343433
    4.83333333   -0.17439184   -0.17401689   -0.35030825
    4.91666667   -0.17298412   -0.17260396   -0.32774866
    5.00000000   -0.17158530   -0.17119948   -0.30595408
    5.08333333   -0.17019607   -0.16981191   -0.28506823
    5.16666667   -0.16881704   -0.16844560   -0.26518714
    5.25000000   -0.16744871   -0.16709847   -0.24636681
    5.33333333   -0.16609155   -0.16576379   -0.22863156
    5.41666667   -0.16474596   -0.16443479   -0.21198066
    5.50000000   -0.16341228   -0.16310914   -0.19639422
    5.58333333   -0.16209082   -0.16179041   -0.18183887
    5.66666667   -0.16078183   -0.16048581   -0.16827172
    5.75000000   -0.15948551   -0.15920162   -0.15564350
    5.83333333   -0.15820205   -0.15793934   -0.14390168
    5.91666667   -0.15693161   -0.15669493   -0.13299219
    6.00000000   -0.15567427   -0.15546156   -0.12286081
    6.08333333   -0.15443014   -0.15423403   -0.11345457
    6.16666667   -0.15319928   -0.15301205   -0.10472232
    6.25000000   -0.15198172   -0.15180027   -0.09661510
    6.33333333   -0.15077748   -0.15060520   -0.08908672
    6.41666667   -0.14958658   -0.14943105   -0.08209380
    6.50000000   -0.14840898   -0.14827706   -0.07559567
    6.58333333   -0.14724466   -0.14713807   -0.06955463
    6.66666667   -0.14609358   -0.14600787   -0.06393568
    6.75000000   -0.14495567   -0.14488307   -0.05870640
    6.83333333   -0.14383087   -0.14376514   -0.05383694
    6.91666667   -0.14271911   -0.14265931   -0.04929978
    7.00000000   -0.14162029   -0.14157109   -0.04506956
    7.08333333   -0.14053432   -0.14050268   -0.04112298
    7.16666667   -0.13946111   -0.13945161   -0.03743868
    7.25000000   -0.13840053   -0.13841228   -0.03399694
    7.33333333   -0.13735249   -0.13737955   -0.03077972
    7.41666667   -0.13631686   -0.13635185   -0.02777044
    7.50000000   -0.13529351   -0.13533207   -0.02495383
    7.58333333   -0.13428233   -0.13432549   -0.02231590
    7.66666667   -0.13328319   -0.13333635   -0.01984380
    7.75000000   -0.13229595   -0.13236501   -0.01752566
    7.83333333   -0.13132048   -0.13140779   -0.01535060
    7.91666667   -0.13035664   -0.13045922   -0.01330863
    8.00000000   -0.12940430   -0.12951550   -0.01139048
    8.08333333   -0.12846332   -0.12857679   -0.00958767
    8.16666667   -0.12753355   -0.12764690   -0.00789233
    8.25000000   -0.12661486   -0.12673077   -0.00629726
    8.33333333   -0.12570712   -0.12583114   -0.00479576
    8.41666667   -0.12481016   -0.12494682   -0.00338163
    8.50000000   -0.12392386   -0.12407337   -0.00204920
    8.58333333   -0.12304809   -0.12320594   -0.00079317
    8.66666667   -0.12218267   -0.12234221    0.00039137
    8.75000000   -0.12132751   -0.12148379    0.00150893
    8.83333333   -0.12048244   -0.12063500    0.00256371
    8.91666667   -0.11964732   -0.11980001    0.00355965
    9.00000000   -0.11882204   -0.11898006    0.00450034
    9.08333333   -0.11800644   -0.11817266    0.00538915
    9.16666667   -0.11720038   -0.11737314    0.00622924
    9.25000000   -0.11640375   -0.11657756    0.00702350
    9.33333333   -0.11561640   -0.11578513    0.00777465
    9.41666667   -0.11483820   -0.11499859    0.00848523
    9.50000000   -0.11406902   -0.11422231    0.00915760
    9.58333333   -0.11330875   -0.11345940    0.00979395
    9.66666667   -0.11255723   -0.11270966    0.01039635
    9.75000000   -0.11181436   -0.11196967    0.01096671
    9.83333333   -0.11108001   -0.11123494    0.01150684
    9.91666667   -0.11035404   -0.11050270    0.01201843
   10.00000000   -0.10963635   -0.10977359    0.01250304
   10.08333333   -0.10892682   -0.10905109    0.01296214
   10.16666667   -0.10822532   -0.10833922    0.01339714
   10.25000000   -0.10753174   -0.10763985    0.01380931
   10.33333333   -0.10684597   -0.10695148    0.01419988
   10.41666667   -0.10616788   -0.10627016    0.01457000
   10.50000000   -0.10549738   -0.10559197    0.01492074
   10.58333333   -0.10483434   -0.10491545    0.01525311
   10.66666667   -0.10417866   -0.10424243    0.01556806
   10.75000000   -0.10353025   -0.10357676    0.01586648
   10.83333333   -0.10288898   -0.10292176    0.01614923
   10.91666667   -0.10225474   -0.10227798    0.01641708
   11.00000000   -0.10162746   -0.10164286    0.01667080
   11.08333333   -0.10100702   -0.10101232    0.01691109
   11.16666667   -0.10039332   -0.10038331    0.01713861
   11.25000000   -0.09978627   -0.09975570    0.01735398
   11.33333333   -0.09918577   -0.09913225    0.01755782
   11.41666667   -0.09859172   -0.09851678    0.01775068
   11.50000000   -0.09800404   -0.09791161    0.01793308
   11.58333333   -0.09742262   -0.09731602    0.01810553
   11.66666667   -0.09684739   -0.09672671    0.01826852
   11.75000000   -0.09627825   -0.09613984    0.01842247
   11.83333333   -0.09571512   -0.09555345    0.01856783
   11.91666667   -0.09515790   -0.09496866    0.01870499
   12.00000000   -0.09460652   -0.09438884    0.01883434
   12.08333333   -0.09406089   -0.09381736    0.01895624
   12.16666667   -0.09352093   -0.09325540    0.01907103
   12.25000000   -0.09298656   -0.09270110    0.01917905
   12.33333333   -0.09245771   -0.09215073    0.01928059
   12.41666667   -0.09193428   -0.09160108    0.01937596
   12.50000000   -0.09141621   -0.09105142    0.01946544
   12.58333333   -0.09090343   -0.09050391    0.01954928
   12.66666667   -0.09039585   -0.08996214    0.01962775
   12.75000000   -0.08989341   -0.08942876    0.01970108
   12.83333333   -0.08939603   -0.08890368    0.01976951
   12.91666667   -0.08890364   -0.08838411    0.01983324
   13.00000000   -0.08841617   -0.08786632    0.01989250
   13.08333333   -0.08793356   -0.08734798    0.01994746
   13.16666667   -0.08745574   -0.08682961    0.01999833
   13.25000000   -0.08698264   -0.08631417    0.02004528
   13.33333333   -0.08651420   -0.08580510    0.02008848
   13.41666667   -0.08605035   -0.08530401    0.02012810
   13.50000000   -0.08559104   -0.08480960    0.02016429
   13.58333333   -0.08513619   -0.08431845    0.02019720
   13.66666667   -0.08468575   -0.08382717    0.02022696
   13.75000000   -0.08423966   -0.08333456    0.02025372
   13.83333333   -0.08379786   -0.08284231    0.02027761
   13.91666667   -0.08336029   -0.08235385    0.02029874
   14.00000000   -0.08292690   -0.08187206    0.02031723
   14.08333333   -0.08249763   -0.08139736    0.02033320
   14.16666667   -0.08207242   -0.08092735    0.02034676
   14.25000000   -0.08165123   -0.08045831    0.02035800
   14.33333333   -0.08123399   -0.07998758    0.02036703
   14.41666667   -0.08082066   -0.07951521    0.02037393
   14.50000000   -0.08041118   -0.07904387    0.02037881
   14.58333333   -0.08000551   -0.07857708    0.02038173
   14.66666667   -0.07960358   -0.07811684    0.02038280
   14.75000000   -0.07920536   -0.07766225    0.02038208
   14.83333333   -0.07881080   -0.07721003    0.02037965
   14.91666667   -0.07841985   -0.07675655    0.02037558
   15.00000000   -0.07803246   -0.07630019    0.02036995
   15.08333333   -0.07764858   -0.07584228    0.02036281
   15.16666667   -0.07726818   -0.07538624    0.02035424
   15.25000000   -0.07689120   -0.07493524    0.02034429
   15.33333333   -0.07651760   -0.07449007    0.02033302
   15.41666667   -0.07614734   -0.07404853    0.02032048
   15.50000000   -0.07578038   -0.07360672    0.02030674
   15.58333333   -0.07541668   -0.07316156    0.02029185
   15.66666667   -0.07505619   -0.07271271    0.02027584
   15.75000000   -0.07469887   -0.07226273    0.02025877
   15.83333333   -0.07434469   -0.07181541    0.02024069
   15.91666667   -0.07399360   -0.07137313    0.02022164
   16.00000000   -0.07364556   -0.07093522    0.02020166
   16.08333333   -0.07330055   -0.07049824    0.02018079
   16.16666667   -0.07295852   -0.07005808    0.02015907
   16.25000000   -0.07261943   -0.06961261    0.02013653
   16.33333333   -0.07228324   -0.06916296    0.02011322
   16.41666667   -0.07194993   -0.06871279    0.02008916
   16.50000000   -0.07161946   -0.06826578    0.02006440
   16.58333333   -0.07129179   -0.06782305    0.02003895
   16.66666667   -0.07096689   -0.06738225    0.02001286
   16.75000000   -0.07064472   -0.06693887    0.01998615
   16.83333333   -0.07032525   -0.06648905    0.01995885
   16.91666667   -0.07000846   -0.06603202    0.01993098
   17.00000000   -0.06969429   -0.06557056    0.01990258
   17.08333333   -0.06938274   -0.06510913    0.01987366
   17.16666667   -0.06907376   -0.06465072    0.01984425
   17.25000000   -0.06876733   -0.06419468    0.01981438
   17.33333333   -0.06846340   -0.06373673    0.01978407
   17.41666667   -0.06816197   -0.06327157    0.01975333
   17.50000000   -0.06786299   -0.06279612    0.01972219
   17.58333333   -0.06756643   -0.06231148    0.01969067
   17.66666667   -0.06727228   -0.06182220    0.01965879
   17.75000000   -0.06698049   -0.06133310    0.01962656
   17.83333333   -0.06669104   -0.06084575    0.01959400
   17.91666667   -0.06640392   -0.06035694    0.01956114
   18.00000000   -0.06611907   -0.05986026    0.01952798
   18.08333333   -0.06583649   -0.05934991    0.01949454
   18.16666667   -0.06555616   -0.05882436    0.01946085
   18.25000000   -0.06527802   -0.05828736    0.01942690
   18.33333333   -0.06500208   -0.05774537    0.01939272
   18.41666667   -0.06472830   -0.05720300    0.01935832
   18.50000000   -0.06445665   -0.05665918    0.01932371
   18.58333333   -0.06418711   -0.05610697    0.01928891
   18.66666667   -0.06391967   -0.05553727    0.01925393
   18.75000000   -0.06365428   -0.05494441    0.01921877
   18.83333333   -0.06339094   -0.05433002    0.01918345
   18.91666667   -0.06312963   -0.05370229    0.01914799
   19.00000000   -0.06287030   -0.05307062    0.01911238
   19.08333333   -0.06261295   -0.05243872    0.01907665
   19.16666667   -0.06235756   -0.05180060    0.01904080
   19.25000000   -0.06210409   -0.05114275    0.01900484
   19.33333333   -0.06185254   -0.05045206    0.01896878
   19.41666667   -0.06160287   -0.04972523    0.01893262
   19.50000000   -0.06135508   -0.04897368    0.01889638
   19.58333333   -0.06110913   -0.04821977    0.01886007
   19.66666667   -0.06086501   -0.04748474    0.01882369
   19.75000000   -0.06062270   -0.04677372    0.01878724
   19.83333333   -0.06038218   -0.04606592    0.01875075
   19.91666667   -0.06014343   -0.04531631    0.01871420
   20.00000000   -0.05990643   -0.04446987    0.01867762
