  -20.00000000    0.02491190    0.03688236   -0.00038568
  -19.91666667    0.02510174    0.03758057   -0.00045697
  -19.83333333    0.02529319    0.03819584   -0.00052874
  -19.75000000    0.02548628    0.03878326   -0.00060101
  -19.66666667    0.02568102    0.03938583   -0.00067378
  -19.58333333    0.02587743    0.04002072   -0.00074705
  -19.50000000    0.02607555    0.04067865   -0.00082084
  -19.41666667    0.02627538    0.04133505   -0.00089513
  -19.33333333    0.02647695    0.04196589   -0.00096995
  -19.25000000    0.02668029    0.04255989   -0.00104529
  -19.16666667    0.02688541    0.04312164   -0.00112117
  -19.08333333    0.02709234    0.04366559   -0.00119757
  -19.00000000    0.02730111    0.04420582   -0.00127452
  -18.91666667    0.02751173    0.04474790   -0.00135201
  -18.83333333    0.02772423    0.04528709   -0.00143004
  -18.75000000    0.02793865    0.04581303   -0.00150864
  -18.66666667    0.02815499    0.04631724   -0.00158779
  -18.58333333    0.02837329    0.04679856   -0.00166750
  -18.50000000    0.02859357    0.04726352   -0.00174779
  -18.41666667    0.02881587    0.04772189   -0.00182866
  -18.33333333    0.02904020    0.04818067   -0.00191010
  -18.25000000    0.02926660    0.04864034   -0.00199213
  -18.16666667    0.02949509    0.04909549   -0.00207475
  -18.08333333    0.02972570    0.04953908   -0.00215796
  -18.00000000    0.02995847    0.04996740   -0.00224179
  -17.91666667    0.03019342    0.05038251   -0.00232621
  -17.83333333    0.03043057    0.05079087   -0.00241125
  -17.75000000    0.03066998    0.05119923   -0.00249692
  -17.66666667    0.03091165    0.05161055   -0.00258320
  -17.58333333    0.03115563    0.05202264   -0.00267012
  -17.50000000    0.03140195    0.05243001   -0.00275767
  -17.41666667    0.03165064    0.05282785   -0.00284587
  -17.33333333    0.03190173    0.05321528   -0.00293471
  -17.25000000    0.03215526    0.05359595   -0.00302421
  -17.16666667    0.03241127    0.05397570   -0.00311436
  -17.08333333    0.03266979    0.05435885   -0.00320518
  -17.00000000    0.03293085    0.05474570   -0.00329667
  -16.91666667    0.03319450    0.05513258   -0.00338884
  -16.83333333    0.03346077    0.05551456   -0.00348170
  -16.75000000    0.03372970    0.05588882   -0.00357524
  -16.66666667    0.03400133    0.05625652   -0.00366947
  -16.58333333    0.03427569    0.05662208   -0.00376441
  -16.50000000    0.03455283    0.05699036   -0.00386005
  -16.41666667    0.03483280    0.05736361   -0.00395641
  -16.33333333    0.03511563    0.05774017   -0.00405348
  -16.25000000    0.03540137    0.05811579   -0.00415128
  -16.16666667    0.03569005    0.05848650   -0.00424981
  -16.08333333    0.03598173    0.05885131   -0.00434907
  -16.00000000    0.03627646    0.05921286   -0.00444908
  -15.91666667    0.03657427    0.05957577   -0.00454984
  -15.83333333    0.03687522    0.05994364   -0.00465134
  -15.75000000    0.03717935    0.06031688   -0.00475361
  -15.66666667    0.03748671    0.06069250   -0.00485664
  -15.58333333    0.03779736    0.06106624   -0.00496045
  -15.50000000    0.03811134    0.06143541   -0.00506503
  -15.41666667    0.03842872    0.06180065   -0.00517039
  -15.33333333    0.03874953    0.06216561   -0.00527654
  -15.25000000    0.03907384    0.06253457   -0.00538348
  -15.16666667    0.03940171    0.06290975   -0.00549121
  -15.08333333    0.03973319    0.06328993   -0.00559976
  -15.00000000    0.04006833    0.06367133   -0.00570910
  -14.91666667    0.04040721    0.06405019   -0.00581926
  -14.83333333    0.04074987    0.06442522   -0.00593024
  -14.75000000    0.04109639    0.06479849   -0.00604204
  -14.66666667    0.04144681    0.06517416   -0.00615467
  -14.58333333    0.04180123    0.06555579   -0.00626812
  -14.50000000    0.04215968    0.06594409   -0.00638241
  -14.41666667    0.04252225    0.06633655   -0.00649754
  -14.33333333    0.04288901    0.06672909   -0.00661351
  -14.25000000    0.04326001    0.06711882   -0.00673032
  -14.16666667    0.04363534    0.06750590   -0.00684798
  -14.08333333    0.04401508    0.06789356   -0.00696649
  -14.00000000    0.04439928    0.06828596   -0.00708586
  -13.91666667    0.04478804    0.06868564   -0.00720607
  -13.83333333    0.04518143    0.06909183   -0.00732714
  -13.75000000    0.04557953    0.06950107   -0.00744907
  -13.66666667    0.04598243    0.06990945   -0.00757185
  -13.58333333    0.04639021    0.07031522   -0.00769549
  -13.50000000    0.04680294    0.07071998   -0.00781999
  -13.41666667    0.04722073    0.07112768   -0.00794534
  -13.33333333    0.04764367    0.07154212   -0.00807154
  -13.25000000    0.04807184    0.07196455   -0.00819859
  -13.16666667    0.04850534    0.07239285   -0.00832650
  -13.08333333    0.04894427    0.07282302   -0.00845524
  -13.00000000    0.04938872    0.07325172   -0.00858483
  -12.91666667    0.04983879    0.07367857   -0.00871525
  -12.83333333    0.05029461    0.07410639   -0.00884649
  -12.75000000    0.05075625    0.07453949   -0.00897856
  -12.66666667    0.05122383    0.07498089   -0.00911144
  -12.58333333    0.05169748    0.07543042   -0.00924511
  -12.50000000    0.05217729    0.07588488   -0.00937958
  -12.41666667    0.05266339    0.07634011   -0.00951483
  -12.33333333    0.05315589    0.07679373   -0.00965084
  -12.25000000    0.05365492    0.07724678   -0.00978760
  -12.16666667    0.05416061    0.07770307   -0.00992509
  -12.08333333    0.05467308    0.07816682   -0.01006330
  -12.00000000    0.05519245    0.07863995   -0.01020219
  -11.91666667    0.05571888    0.07912089   -0.01034176
  -11.83333333    0.05625249    0.07960562   -0.01048197
  -11.75000000    0.05679343    0.08009028   -0.01062280
  -11.66666667    0.05734184    0.08057374   -0.01076422
  -11.58333333    0.05789787    0.08105841   -0.01090620
  -11.50000000    0.05846168    0.08154876   -0.01104869
  -11.41666667    0.05903341    0.08204849   -0.01119167
  -11.33333333    0.05961324    0.08255818   -0.01133509
  -11.25000000    0.06020132    0.08307497   -0.01147891
  -11.16666667    0.06079782    0.08359437   -0.01162308
  -11.08333333    0.06140293    0.08411328   -0.01176754
  -11.00000000    0.06201680    0.08463199   -0.01191224
  -10.91666667    0.06263963    0.08515415   -0.01205711
  -10.83333333    0.06327162    0.08568446   -0.01220210
  -10.75000000    0.06391293    0.08622571   -0.01234712
  -10.66666667    0.06456377    0.08677701   -0.01249209
  -10.58333333    0.06522436    0.08733440   -0.01263695
  -10.50000000    0.06589489    0.08789340   -0.01278158
  -10.41666667    0.06657557    0.08845200   -0.01292590
  -10.33333333    0.06726663    0.08901202   -0.01306980
  -10.25000000    0.06796829    0.08957808   -0.01321316
  -10.16666667    0.06868078    0.09015466   -0.01335586
  -10.08333333    0.06940435    0.09074331   -0.01349777
  -10.00000000    0.07013922    0.09134165   -0.01363874
   -9.91666667    0.07088566    0.09194493   -0.01377861
   -9.83333333    0.07164393    0.09254913   -0.01391723
   -9.75000000    0.07241427    0.09315365   -0.01405440
   -9.66666667    0.07319697    0.09376181   -0.01418993
   -9.58333333    0.07399232    0.09437882   -0.01432361
   -9.50000000    0.07480059    0.09500852   -0.01445522
   -9.41666667    0.07562207    0.09565093   -0.01458449
   -9.33333333    0.07645709    0.09630228   -0.01471118
   -9.25000000    0.07730594    0.09695744   -0.01483500
   -9.16666667    0.07816895    0.09761330   -0.01495562
   -9.08333333    0.07904645    0.09827090   -0.01507272
   -9.00000000    0.07993877    0.09893489   -0.01518592
   -8.91666667    0.08084627    0.09961065   -0.01529485
   -8.83333333    0.08176932    0.10030092   -0.01539907
   -8.75000000    0.08270826    0.10100405   -0.01549812
   -8.66666667    0.08366349    0.10171508   -0.01559149
   -8.58333333    0.08463542    0.10242898   -0.01567866
   -8.50000000    0.08562442    0.10314398   -0.01575903
   -8.41666667    0.08663091    0.10386287   -0.01583196
   -8.33333333    0.08765535    0.10459134   -0.01589676
   -8.25000000    0.08869813    0.10533447   -0.01595268
   -8.16666667    0.08975974    0.10609348   -0.01599889
   -8.08333333    0.09084065    0.10686500   -0.01603451
   -8.00000000    0.09194131    0.10764323   -0.01605857
   -7.91666667    0.09306224    0.10842375   -0.01607002
   -7.83333333    0.09420393    0.10920651   -0.01606769
   -7.75000000    0.09536692    0.10999603   -0.01605034
   -7.66666667    0.09655175    0.11079866   -0.01601659
   -7.58333333    0.09775896    0.11161861   -0.01596495
   -7.50000000    0.09898915    0.11245528   -0.01589378
   -7.41666667    0.10024289    0.11330364   -0.01580128
   -7.33333333    0.10152079    0.11415752   -0.01568549
   -7.25000000    0.10282350    0.11501364   -0.01554426
   -7.16666667    0.10415165    0.11587396   -0.01537522
   -7.08333333    0.10550591    0.11674457   -0.01517578
   -7.00000000    0.10688697    0.11763198   -0.01494308
   -6.91666667    0.10829554    0.11853898   -0.01467399
   -6.83333333    0.10973235    0.11946291   -0.01436504
   -6.75000000    0.11119816    0.12039732   -0.01401244
   -6.66666667    0.11269376    0.12133617   -0.01361196
   -6.58333333    0.11421993    0.12227790   -0.01315898
   -6.50000000    0.11577753    0.12322662   -0.01264835
   -6.41666667    0.11736741    0.12418970   -0.01207439
   -6.33333333    0.11899044    0.12517319   -0.01143083
   -6.25000000    0.12064757    0.12617796   -0.01071067
   -6.16666667    0.12233974    0.12719911   -0.00990619
   -6.08333333    0.12406791    0.12822913   -0.00900882
   -6.00000000    0.12583313    0.12926278   -0.00800900
   -5.91666667    0.12763645    0.13030066   -0.00689615
   -5.83333333    0.12947894    0.13134910   -0.00565850
   -5.75000000    0.13136176    0.13241627   -0.00428292
   -5.66666667    0.13328609    0.13350706   -0.00275487
   -5.58333333    0.13525313    0.13461988   -0.00105814
   -5.50000000    0.13726420    0.13574760    0.00082530
   -5.41666667    0.13932060    0.13688212    0.00291542
   -5.33333333    0.14142371    0.13801966    0.00523439
   -5.25000000    0.14357501    0.13916344    0.00780679
   -5.16666667    0.14577600    0.14032183    0.01065971
   -5.08333333    0.14802827    0.14150316    0.01382296
   -5.00000000    0.15033350    0.14271033    0.01732923
   -4.91666667    0.15269345    0.14393877    0.02121405
   -4.83333333    0.15510994    0.14517922    0.02551577
   -4.75000000    0.15758496    0.14642357    0.03027543
   -4.66666667    0.16012056    0.14767019    0.03553616
   -4.58333333    0.16271892    0.14892516    0.04134246
   -4.50000000    0.16538238    0.15019856    0.04773915
   -4.41666667    0.16811341    0.15149792    0.05476933
   -4.33333333    0.17091461    0.15282314    0.06247199
   -4.25000000    0.17378882    0.15416612    0.07087872
   -4.16666667    0.17673903    0.15551553    0.08000894
   -4.08333333    0.17976841    0.15686390    0.08986430
   -4.00000000    0.18288043    0.15821231    0.10042202
   -3.91666667    0.18607870    0.15956973    0.11162657
   -3.83333333    0.18936715    0.16094708    0.12338170
   -3.75000000    0.19274991    0.16234969    0.13554219
   -3.66666667    0.19623142    0.16377301    0.14790797
   -3.58333333    0.19981637    0.16520448    0.16022164
   -3.50000000    0.20350965    0.16663061    0.17217184
   -3.41666667    0.20731643    0.16804486    0.18340456
   -3.33333333    0.21124203    0.16945117    0.19354276
   -3.25000000    0.21529188    0.17086069    0.20221389
   -3.16666667    0.21947141    0.17228332    0.20908268
   -3.08333333    0.22378592    0.17371949    0.21388372
   -3.00000000    0.22824034    0.17515742    0.21644843
   -2.91666667    0.23283900    0.17657791    0.21672110
   -2.83333333    0.23758527    0.17796390    0.21476071
   -2.75000000    0.24248100    0.17930875    0.21072896
   -2.66666667    0.24752603    0.18061764    0.20486744
   -2.58333333    0.25271730    0.18190064    0.19746905
   -2.50000000    0.25804788    0.18316153    0.18884901
   -2.41666667    0.26350574    0.18438914    0.17931938
   -2.33333333    0.26907223    0.18555707    0.16916999
   -2.25000000    0.27472011    0.18663232    0.15865618
   -2.16666667    0.28041137    0.18758755    0.14799275
   -2.08333333    0.28609461    0.18840902    0.13735295
   -2.00000000    0.29170181    0.18909419    0.12687104
   -1.91666667    0.29714512    0.18963964    0.11664653
   -1.83333333    0.30231298    0.19002599    0.10674969
   -1.75000000    0.30706647    0.19020921    0.09722690
   -1.66666667    0.31123577    0.19012415    0.08810600
   -1.58333333    0.31461748    0.18969847    0.07940070
   -1.50000000    0.31697339    0.18886821    0.07111460
   -1.41666667    0.31803166    0.18758416    0.06324442
   -1.33333333    0.31749155    0.18580300    0.05578271
   -1.25000000    0.31503273    0.18346691    0.04872000
   -1.16666667    0.31033035    0.18048322    0.04204672
   -1.08333333    0.30307609    0.17671734    0.03575472
   -1.00000000    0.29300488    0.17200543    0.02983862
   -0.91666667    0.27992546    0.16618153    0.02429730
   -0.83333333    0.26375103    0.15910398    0.01913516
   -0.75000000    0.24452570    0.15066507    0.01436376
   -0.66666667    0.22244080    0.14077689    0.01000361
   -0.58333333    0.19783663    0.12934227    0.00608644
   -0.50000000    0.17118729    0.11623233    0.00265808
   -0.41666667    0.14306889    0.10129447   -0.00021788
   -0.33333333    0.11411599    0.08440222   -0.00245523
   -0.25000000    0.08497273    0.06553700   -0.00393871
   -0.16666667    0.05624647    0.04487149   -0.00451550
   -0.08333333    0.02847016    0.02281607   -0.00398380
    0.00000000    0.00207752    0.00000000    0.00207752
    0.08333333   -0.02260807   -0.02281607   -0.00155429
    0.16666667   -0.04537270   -0.04487149   -0.00737507
    0.25000000   -0.06610189   -0.06553700   -0.01599756
    0.33333333   -0.08476519   -0.08440222   -0.02823229
    0.41666667   -0.10139837   -0.10129447   -0.04514969
    0.50000000   -0.11608595   -0.11623233   -0.06815589
    0.58333333   -0.12894537   -0.12934227   -0.09907597
    0.66666667   -0.14011388   -0.14077689   -0.14022417
    0.75000000   -0.14973802   -0.15066507   -0.19440951
    0.83333333   -0.15796599   -0.15910398   -0.26476904
    0.91666667   -0.16494212   -0.16618153   -0.35423346
    1.00000000   -0.17080328   -0.17200543   -0.46435554
    1.08333333   -0.17567679   -0.17671734   -0.59332335
    1.16666667   -0.17967927   -0.18048322   -0.73355048
    1.25000000   -0.18291640   -0.18346691   -0.87044983
    1.33333333   -0.18548305   -0.18580300   -0.98486303
    1.41666667   -0.18746383   -0.18758416   -1.05983745
    1.50000000   -0.18893384   -0.18886821   -1.08789421
    1.58333333   -0.18995941   -0.18969847   -1.07313526
    1.66666667   -0.19059896   -0.19012415   -1.02719048
    1.75000000   -0.19090387   -0.19020921   -0.96322125
    1.83333333   -0.19091918   -0.19002599   -0.89196200
    1.91666667   -0.19068437   -0.18963964   -0.82055050
    2.00000000   -0.19023400   -0.18909419   -0.75300507
    2.08333333   -0.18959828   -0.18840902   -0.69118514
    2.16666667   -0.18880366   -0.18758755   -0.63564796
    2.25000000   -0.18787324   -0.18663232   -0.58624929
    2.33333333   -0.18682723   -0.18555707   -0.54251163
    2.41666667   -0.18568328   -0.18438914   -0.50383372
    2.50000000   -0.18445683   -0.18316153   -0.46960055
    2.58333333   -0.18316138   -0.18190064   -0.43923534
    2.66666667   -0.18180871   -0.18061764   -0.41222127
    2.75000000   -0.18040912   -0.17930875   -0.38810680
    2.83333333   -0.17897164   -0.17796390   -0.36650251
    2.91666667   -0.17750411   -0.17657791   -0.34707527
    3.00000000   -0.17601342   -0.17515742   -0.32954125
    3.08333333   -0.17450557   -0.17371949   -0.31365863
    3.16666667   -0.17298577   -0.17228332   -0.29922136
    3.25000000   -0.17145861   -0.17086069   -0.28605370
    3.33333333   -0.16992803   -0.16945117   -0.27400516
    3.41666667   -0.16839750   -0.16804486   -0.26294664
    3.50000000   -0.16687002   -0.16663061   -0.25276709
    3.58333333   -0.16534817   -0.16520448   -0.24337053
    3.66666667   -0.16383419   -0.16377301   -0.23467378
    3.75000000   -0.16233004   -0.16234969   -0.22660460
    3.83333333   -0.16083735   -0.16094708   -0.21909986
    3.91666667   -0.15935754   -0.15956973   -0.21210434
    4.00000000   -0.15789184   -0.15821231   -0.20556956
    4.08333333   -0.15644124   -0.15686390   -0.19945275
    4.16666667   -0.15500662   -0.15551553   -0.19371619
    4.25000000   -0.15358867   -0.15416612   -0.18832631
    4.33333333   -0.15218797   -0.15282314   -0.18325338
    4.41666667   -0.15080502   -0.15149792   -0.17847088
    4.50000000   -0.14944014   -0.15019856   -0.17395502
    4.58333333   -0.14809365   -0.14892516   -0.16968455
    4.66666667   -0.14676575   -0.14767019   -0.16564037
    4.75000000   -0.14545657   -0.14642357   -0.16180522
    4.83333333   -0.14416619   -0.14517922   -0.15816356
    4.91666667   -0.14289465   -0.14393877   -0.15470134
    5.00000000   -0.14164191   -0.14271033   -0.15140576
    5.08333333   -0.14040793   -0.14150316   -0.14826524
    5.16666667   -0.13919262   -0.14032183   -0.14526922
    5.25000000   -0.13799585   -0.13916344   -0.14240804
    5.33333333   -0.13681748   -0.13801966   -0.13967291
    5.41666667   -0.13565735   -0.13688212   -0.13705575
    5.50000000   -0.13451525   -0.13574760   -0.13454914
    5.58333333   -0.13339099   -0.13461988   -0.13214630
    5.66666667   -0.13228436   -0.13350706   -0.12984097
    5.75000000   -0.13119511   -0.13241627   -0.12762734
    5.83333333   -0.13012301   -0.13134910   -0.12550011
    5.91666667   -0.12906783   -0.13030066   -0.12345436
    6.00000000   -0.12802930   -0.12926278   -0.12148549
    6.08333333   -0.12700717   -0.12822913   -0.11958928
    6.16666667   -0.12600117   -0.12719911   -0.11776183
    6.25000000   -0.12501105   -0.12617796   -0.11599944
    6.33333333   -0.12403653   -0.12517319   -0.11429874
    6.41666667   -0.12307736   -0.12418970   -0.11265656
    6.50000000   -0.12213327   -0.12322662   -0.11106992
    6.58333333   -0.12120398   -0.12227790   -0.10953608
    6.66666667   -0.12028924   -0.12133617   -0.10805246
    6.75000000   -0.11938879   -0.12039732   -0.10661662
    6.83333333   -0.11850235   -0.11946291   -0.10522630
    6.91666667   -0.11762969   -0.11853898   -0.10387940
    7.00000000   -0.11677053   -0.11763198   -0.10257389
    7.08333333   -0.11592463   -0.11674457   -0.10130790
    7.16666667   -0.11509174   -0.11587396   -0.10007969
    7.25000000   -0.11427161   -0.11501364   -0.09888758
    7.33333333   -0.11346399   -0.11415752   -0.09773000
    7.41666667   -0.11266866   -0.11330364   -0.09660549
    7.50000000   -0.11188537   -0.11245528   -0.09551264
    7.58333333   -0.11111390   -0.11161861   -0.09445014
    7.66666667   -0.11035401   -0.11079866   -0.09341675
    7.75000000   -0.10960549   -0.10999603   -0.09241128
    7.83333333   -0.10886811   -0.10920651   -0.09143262
    7.91666667   -0.10814167   -0.10842375   -0.09047972
    8.00000000   -0.10742594   -0.10764323   -0.08955157
    8.08333333   -0.10672073   -0.10686500   -0.08864722
    8.16666667   -0.10602582   -0.10609348   -0.08776576
    8.25000000   -0.10534103   -0.10533447   -0.08690636
    8.33333333   -0.10466615   -0.10459134   -0.08606818
    8.41666667   -0.10400100   -0.10386287   -0.08525043
    8.50000000   -0.10334539   -0.10314398   -0.08445241
    8.58333333   -0.10269913   -0.10242898   -0.08367340
    8.66666667   -0.10206205   -0.10171508   -0.08291271
    8.75000000   -0.10143397   -0.10100405   -0.08216973
    8.83333333   -0.10081472   -0.10030092   -0.08144384
    8.91666667   -0.10020412   -0.09961065   -0.08073444
    9.00000000   -0.09960203   -0.09893489   -0.08004100
    9.08333333   -0.09900828   -0.09827090   -0.07936298
    9.16666667   -0.09842270   -0.09761330   -0.07869986
    9.25000000   -0.09784515   -0.09695744   -0.07805118
    9.33333333   -0.09727547   -0.09630228   -0.07741645
    9.41666667   -0.09671351   -0.09565093   -0.07679522
    9.50000000   -0.09615914   -0.09500852   -0.07618709
    9.58333333   -0.09561221   -0.09437882   -0.07559164
    9.66666667   -0.09507258   -0.09376181   -0.07500847
    9.75000000   -0.09454012   -0.09315365   -0.07443721
    9.83333333   -0.09401470   -0.09254913   -0.07387751
    9.91666667   -0.09349618   -0.09194493   -0.07332900
   10.00000000   -0.09298445   -0.09134165   -0.07279136
   10.08333333   -0.09247937   -0.09074331   -0.07226428
   10.16666667   -0.09198083   -0.09015466   -0.07174743
   10.25000000   -0.09148870   -0.08957808   -0.07124054
   10.33333333   -0.09100289   -0.08901202   -0.07074331
   10.41666667   -0.09052325   -0.08845200   -0.07025546
   10.50000000   -0.09004970   -0.08789340   -0.06977675
   10.58333333   -0.08958212   -0.08733440   -0.06930691
   10.66666667   -0.08912040   -0.08677701   -0.06884569
   10.75000000   -0.08866444   -0.08622571   -0.06839287
   10.83333333   -0.08821415   -0.08568446   -0.06794822
   10.91666667   -0.08776941   -0.08515415   -0.06751152
   11.00000000   -0.08733014   -0.08463199   -0.06708255
   11.08333333   -0.08689624   -0.08411328   -0.06666112
   11.16666667   -0.08646761   -0.08359437   -0.06624702
   11.25000000   -0.08604416   -0.08307497   -0.06584007
   11.33333333   -0.08562582   -0.08255818   -0.06544009
   11.41666667   -0.08521248   -0.08204849   -0.06504689
   11.50000000   -0.08480406   -0.08154876   -0.06466031
   11.58333333   -0.08440049   -0.08105841   -0.06428019
   11.66666667   -0.08400167   -0.08057374   -0.06390634
   11.75000000   -0.08360753   -0.08009028   -0.06353864
   11.83333333   -0.08321800   -0.07960562   -0.06317693
   11.91666667   -0.08283298   -0.07912089   -0.06282105
   12.00000000   -0.08245242   -0.07863995   -0.06247088
   12.08333333   -0.08207623   -0.07816682   -0.06212627
   12.16666667   -0.08170434   -0.07770307   -0.06178710
   12.25000000   -0.08133668   -0.07724678   -0.06145323
   12.33333333   -0.08097319   -0.07679373   -0.06112455
   12.41666667   -0.08061379   -0.07634011   -0.06080093
   12.50000000   -0.08025843   -0.07588488   -0.06048226
   12.58333333   -0.07990703   -0.07543042   -0.06016843
   12.66666667   -0.07955953   -0.07498089   -0.05985932
   12.75000000   -0.07921587   -0.07453949   -0.05955483
   12.83333333   -0.07887599   -0.07410639   -0.05925486
   12.91666667   -0.07853982   -0.07367857   -0.05895931
   13.00000000   -0.07820732   -0.07325172   -0.05866808
   13.08333333   -0.07787842   -0.07282302   -0.05838108
   13.16666667   -0.07755306   -0.07239285   -0.05809821
   13.25000000   -0.07723120   -0.07196455   -0.05781939
   13.33333333   -0.07691278   -0.07154212   -0.05754453
   13.41666667   -0.07659773   -0.07112768   -0.05727355
   13.50000000   -0.07628602   -0.07071998   -0.05700637
   13.58333333   -0.07597759   -0.07031522   -0.05674291
   13.66666667   -0.07567239   -0.06990945   -0.05648308
   13.75000000   -0.07537038   -0.06950107   -0.05622682
   13.83333333   -0.07507150   -0.06909183   -0.05597406
   13.91666667   -0.07477570   -0.06868564   -0.05572471
   14.00000000   -0.07448295   -0.06828596   -0.05547872
   14.08333333   -0.07419319   -0.06789356   -0.05523602
   14.16666667   -0.07390638   -0.06750590   -0.05499654
   14.25000000   -0.07362248   -0.06711882   -0.05476021
   14.33333333   -0.07334145   -0.06672909   -0.05452698
   14.41666667   -0.07306323   -0.06633655   -0.05429678
   14.50000000   -0.07278781   -0.06594409   -0.05406956
   14.58333333   -0.07251512   -0.06555579   -0.05384526
   14.66666667   -0.07224513   -0.06517416   -0.05362383
   14.75000000   -0.07197781   -0.06479849   -0.05340520
   14.83333333   -0.07171311   -0.06442522   -0.05318933
   14.91666667   -0.07145099   -0.06405019   -0.05297616
   15.00000000   -0.07119143   -0.06367133   -0.05276564
   15.08333333   -0.07093439   -0.06328993   -0.05255774
   15.16666667   -0.07067982   -0.06290975   -0.05235238
   15.25000000   -0.07042769   -0.06253457   -0.05214954
   15.33333333   -0.07017798   -0.06216561   -0.05194916
   15.41666667   -0.06993064   -0.06180065   -0.05175120
   15.50000000   -0.06968564   -0.06143541   -0.05155562
   15.58333333   -0.06944296   -0.06106624   -0.05136237
   15.66666667   -0.06920255   -0.06069250   -0.05117141
   15.75000000   -0.06896440   -0.06031688   -0.05098271
   15.83333333   -0.06872846   -0.05994364   -0.05079622
   15.91666667   -0.06849470   -0.05957577   -0.05061190
   16.00000000   -0.06826311   -0.05921286   -0.05042972
   16.08333333   -0.06803364   -0.05885131   -0.05024963
   16.16666667   -0.06780627   -0.05848650   -0.05007161
   16.25000000   -0.06758097   -0.05811579   -0.04989562
   16.33333333   -0.06735772   -0.05774017   -0.04972162
   16.41666667   -0.06713649   -0.05736361   -0.04954959
   16.50000000   -0.06691724   -0.05699036   -0.04937947
   16.58333333   -0.06669996   -0.05662208   -0.04921126
   16.66666667   -0.06648462   -0.05625652   -0.04904491
   16.75000000   -0.06627119   -0.05588882   -0.04888039
   16.83333333   -0.06605965   -0.05551456   -0.04871767
   16.91666667   -0.06584997   -0.05513258   -0.04855673
   17.00000000   -0.06564213   -0.05474570   -0.04839753
   17.08333333   -0.06543611   -0.05435885   -0.04824004
   17.16666667   -0.06523188   -0.05397570   -0.04808425
   17.25000000   -0.06502942   -0.05359595   -0.04793012
   17.33333333   -0.06482871   -0.05321528   -0.04777762
   17.41666667   -0.06462973   -0.05282785   -0.04762674
   17.50000000   -0.06443244   -0.05243001   -0.04747744
   17.58333333   -0.06423684   -0.05202264   -0.04732969
   17.66666667   -0.06404290   -0.05161055   -0.04718349
   17.75000000   -0.06385060   -0.05119923   -0.04703879
   17.83333333   -0.06365992   -0.05079087   -0.04689559
   17.91666667   -0.06347085   -0.05038251   -0.04675385
   18.00000000   -0.06328335   -0.04996740   -0.04661355
   18.08333333   -0.06309741   -0.04953908   -0.04647467
   18.16666667   -0.06291301   -0.04909549   -0.04633719
   18.25000000   -0.06273014   -0.04864034   -0.04620110
   18.33333333   -0.06254877   -0.04818067   -0.04606636
   18.41666667   -0.06236889   -0.04772189   -0.04593296
   18.50000000   -0.06219047   -0.04726352   -0.04580087
   18.58333333   -0.06201351   -0.04679856   -0.04567009
   18.66666667   -0.06183798   -0.04631724   -0.04554058
   18.75000000   -0.06166387   -0.04581303   -0.04541234
   18.83333333   -0.06149115   -0.04528709   -0.04528534
   18.91666667   -0.06131983   -0.04474790   -0.04515957
   19.00000000   -0.06114986   -0.04420582   -0.04503500
   19.08333333   -0.06098125   -0.04366559   -0.04491162
   19.16666667   -0.06081397   -0.04312164   -0.04478941
   19.25000000   -0.06064801   -0.04255989   -0.04466837
   19.33333333   -0.06048336   -0.04196589   -0.04454846
   19.41666667   -0.06031999   -0.04133505   -0.04442968
   19.50000000   -0.06015790   -0.04067865   -0.04431200
   19.58333333   -0.05999707   -0.04002072   -0.04419542
   19.66666667   -0.05983748   -0.03938583   -0.04407991
   19.75000000   -0.05967912   -0.03878326   -0.04396547
   19.83333333   -0.05952198   -0.03819584   -0.04385208
   19.91666667   -0.05936605   -0.03758057   -0.04373972
   20.00000000   -0.05921130   -0.03688236   -0.04362838
