  -20.00000000    0.02651518    0.03679638    0.00014547
  -19.91666667    0.02671056    0.03749383    0.00008059
  -19.83333333    0.02690761    0.03810863    0.00001529
  -19.75000000    0.02710637    0.03869558   -0.00005044
  -19.66666667    0.02730684    0.03929751   -0.00011661
  -19.58333333    0.02750905    0.03993156   -0.00018321
  -19.50000000    0.02771302    0.04058855   -0.00025025
  -19.41666667    0.02791878    0.04124403   -0.00031774
  -19.33333333    0.02812635    0.04187403   -0.00038567
  -19.25000000    0.02833575    0.04246727   -0.00045405
  -19.16666667    0.02854701    0.04302822   -0.00052289
  -19.08333333    0.02876014    0.04357127   -0.00059219
  -19.00000000    0.02897519    0.04411048   -0.00066195
  -18.91666667    0.02919216    0.04465151   -0.00073217
  -18.83333333    0.02941109    0.04518970   -0.00080287
  -18.75000000    0.02963200    0.04571476   -0.00087404
  -18.66666667    0.02985493    0.04621820   -0.00094569
  -18.58333333    0.03007989    0.04669878   -0.00101782
  -18.50000000    0.03030691    0.04716292   -0.00109044
  -18.41666667    0.03053603    0.04762037   -0.00116354
  -18.33333333    0.03076726    0.04807814   -0.00123714
  -18.25000000    0.03100065    0.04853681   -0.00131124
  -18.16666667    0.03123622    0.04899107   -0.00138584
  -18.08333333    0.03147400    0.04943391   -0.00146094
  -18.00000000    0.03171402    0.04986156   -0.00153656
  -17.91666667    0.03195631    0.05027598   -0.00161269
  -17.83333333    0.03220090    0.05068354   -0.00168933
  -17.75000000    0.03244783    0.05109098   -0.00176650
  -17.66666667    0.03269713    0.05150134   -0.00184420
  -17.58333333    0.03294883    0.05191251   -0.00192242
  -17.50000000    0.03320297    0.05231910   -0.00200118
  -17.41666667    0.03345958    0.05271629   -0.00208048
  -17.33333333    0.03371870    0.05310311   -0.00216031
  -17.25000000    0.03398036    0.05348311   -0.00224070
  -17.16666667    0.03424460    0.05386205   -0.00232163
  -17.08333333    0.03451146    0.05424429   -0.00240312
  -17.00000000    0.03478098    0.05463020   -0.00248516
  -16.91666667    0.03505320    0.05501625   -0.00256777
  -16.83333333    0.03532814    0.05539754   -0.00265094
  -16.75000000    0.03560587    0.05577121   -0.00273468
  -16.66666667    0.03588642    0.05613832   -0.00281900
  -16.58333333    0.03616982    0.05650319   -0.00290389
  -16.50000000    0.03645613    0.05687063   -0.00298936
  -16.41666667    0.03674539    0.05724295   -0.00307541
  -16.33333333    0.03703763    0.05761862   -0.00316206
  -16.25000000    0.03733292    0.05799347   -0.00324929
  -16.16666667    0.03763129    0.05836355   -0.00333712
  -16.08333333    0.03793279    0.05872780   -0.00342555
  -16.00000000    0.03823747    0.05908876   -0.00351458
  -15.91666667    0.03854538    0.05945092   -0.00360421
  -15.83333333    0.03885657    0.05981792   -0.00369446
  -15.75000000    0.03917110    0.06019022   -0.00378531
  -15.66666667    0.03948900    0.06056498   -0.00387677
  -15.58333333    0.03981035    0.06093801   -0.00396886
  -15.50000000    0.04013519    0.06130658   -0.00406156
  -15.41666667    0.04046357    0.06167127   -0.00415488
  -15.33333333    0.04079557    0.06203559   -0.00424883
  -15.25000000    0.04113122    0.06240375   -0.00434340
  -15.16666667    0.04147060    0.06277800   -0.00443860
  -15.08333333    0.04181377    0.06315723   -0.00453444
  -15.00000000    0.04216078    0.06353781   -0.00463090
  -14.91666667    0.04251170    0.06391600   -0.00472799
  -14.83333333    0.04286660    0.06429045   -0.00482573
  -14.75000000    0.04322553    0.06466314   -0.00492409
  -14.66666667    0.04358858    0.06503810   -0.00502309
  -14.58333333    0.04395580    0.06541885   -0.00512272
  -14.50000000    0.04432727    0.06580618   -0.00522300
  -14.41666667    0.04470306    0.06619769   -0.00532390
  -14.33333333    0.04508325    0.06658944   -0.00542544
  -14.25000000    0.04546790    0.06697852   -0.00552762
  -14.16666667    0.04585710    0.06736503   -0.00563043
  -14.08333333    0.04625093    0.06775205   -0.00573386
  -14.00000000    0.04664946    0.06814366   -0.00583793
  -13.91666667    0.04705277    0.06854237   -0.00594262
  -13.83333333    0.04746097    0.06894755   -0.00604793
  -13.75000000    0.04787412    0.06935585   -0.00615386
  -13.66666667    0.04829231    0.06976345   -0.00626040
  -13.58333333    0.04871565    0.07016860   -0.00636755
  -13.50000000    0.04914421    0.07057276   -0.00647531
  -13.41666667    0.04957809    0.07097974   -0.00658366
  -13.33333333    0.05001740    0.07139328   -0.00669259
  -13.25000000    0.05046222    0.07181467   -0.00680211
  -13.16666667    0.05091266    0.07224192   -0.00691220
  -13.08333333    0.05136883    0.07267116   -0.00702285
  -13.00000000    0.05183083    0.07309911   -0.00713406
  -12.91666667    0.05229876    0.07352532   -0.00724580
  -12.83333333    0.05277275    0.07395249   -0.00735806
  -12.75000000    0.05325290    0.07438477   -0.00747084
  -12.66666667    0.05373933    0.07482516   -0.00758412
  -12.58333333    0.05423216    0.07527358   -0.00769787
  -12.50000000    0.05473151    0.07572696   -0.00781209
  -12.41666667    0.05523751    0.07618127   -0.00792675
  -12.33333333    0.05575028    0.07663415   -0.00804183
  -12.25000000    0.05626996    0.07708654   -0.00815730
  -12.16666667    0.05679669    0.07754208   -0.00827315
  -12.08333333    0.05733060    0.07800489   -0.00838935
  -12.00000000    0.05787183    0.07847690   -0.00850586
  -11.91666667    0.05842052    0.07895666   -0.00862266
  -11.83333333    0.05897685    0.07944029   -0.00873971
  -11.75000000    0.05954093    0.07992404   -0.00885698
  -11.66666667    0.06011294    0.08040676   -0.00897442
  -11.58333333    0.06069305    0.08089071   -0.00909200
  -11.50000000    0.06128141    0.08138020   -0.00920967
  -11.41666667    0.06187819    0.08187886   -0.00932739
  -11.33333333    0.06248357    0.08238732   -0.00944510
  -11.25000000    0.06309773    0.08290285   -0.00956274
  -11.16666667    0.06372084    0.08342115   -0.00968026
  -11.08333333    0.06435311    0.08393916   -0.00979760
  -11.00000000    0.06499471    0.08445710   -0.00991468
  -10.91666667    0.06564584    0.08497845   -0.01003144
  -10.83333333    0.06630673    0.08550776   -0.01014779
  -10.75000000    0.06697756    0.08604779   -0.01026365
  -10.66666667    0.06765855    0.08659775   -0.01037893
  -10.58333333    0.06834994    0.08715384   -0.01049354
  -10.50000000    0.06905193    0.08771173   -0.01060737
  -10.41666667    0.06976477    0.08826942   -0.01072031
  -10.33333333    0.07048870    0.08882862   -0.01083225
  -10.25000000    0.07122395    0.08939375   -0.01094305
  -10.16666667    0.07197078    0.08996917   -0.01105257
  -10.08333333    0.07272946    0.09055644   -0.01116068
  -10.00000000    0.07350025    0.09115333   -0.01126722
   -9.91666667    0.07428341    0.09175527   -0.01137202
   -9.83333333    0.07507925    0.09235836   -0.01147489
   -9.75000000    0.07588804    0.09296194   -0.01157565
   -9.66666667    0.07671008    0.09356919   -0.01167408
   -9.58333333    0.07754569    0.09418511   -0.01176997
   -9.50000000    0.07839516    0.09481346   -0.01186307
   -9.41666667    0.07925884    0.09545434   -0.01195312
   -9.33333333    0.08013706    0.09610414   -0.01203986
   -9.25000000    0.08103015    0.09675793   -0.01212298
   -9.16666667    0.08193847    0.09741265   -0.01220216
   -9.08333333    0.08286239    0.09806926   -0.01227706
   -9.00000000    0.08380228    0.09873221   -0.01234730
   -8.91666667    0.08475852    0.09940670   -0.01241249
   -8.83333333    0.08573153    0.10009543   -0.01247220
   -8.75000000    0.08672169    0.10079686   -0.01252596
   -8.66666667    0.08772943    0.10150625   -0.01257328
   -8.58333333    0.08875519    0.10221874   -0.01261361
   -8.50000000    0.08979941    0.10293258   -0.01264637
   -8.41666667    0.09086254    0.10365039   -0.01267094
   -8.33333333    0.09194509    0.10437765   -0.01268662
   -8.25000000    0.09304750    0.10511928   -0.01269269
   -8.16666667    0.09417029    0.10587653   -0.01268835
   -8.08333333    0.09531399    0.10664619   -0.01267273
   -8.00000000    0.09647911    0.10742270   -0.01264491
   -7.91666667    0.09766622    0.10820178   -0.01260386
   -7.83333333    0.09887586    0.10898332   -0.01254849
   -7.75000000    0.10010864    0.10977162   -0.01247760
   -7.66666667    0.10136514    0.11057283   -0.01238990
   -7.58333333    0.10264598    0.11139102   -0.01228396
   -7.50000000    0.10395180    0.11222570   -0.01215826
   -7.41666667    0.10528325    0.11307205   -0.01201112
   -7.33333333    0.10664101    0.11392413   -0.01184072
   -7.25000000    0.10802577    0.11477877   -0.01164505
   -7.16666667    0.10943826    0.11563777   -0.01142195
   -7.08333333    0.11087920    0.11650699   -0.01116904
   -7.00000000    0.11234936    0.11739270   -0.01088371
   -6.91666667    0.11384953    0.11829767   -0.01056311
   -6.83333333    0.11538050    0.11921936   -0.01020414
   -6.75000000    0.11694313    0.12015161   -0.00980336
   -6.66666667    0.11853825    0.12108859   -0.00935701
   -6.58333333    0.12016675    0.12202876   -0.00886098
   -6.50000000    0.12182955    0.12297603   -0.00831070
   -6.41666667    0.12352758    0.12393748   -0.00770120
   -6.33333333    0.12526181    0.12491896   -0.00702696
   -6.25000000    0.12703323    0.12592137   -0.00628192
   -6.16666667    0.12884289    0.12694005   -0.00545938
   -6.08333333    0.13069181    0.12796778   -0.00455196
   -6.00000000    0.13258111    0.12899948   -0.00355149
   -5.91666667    0.13451192    0.13003571   -0.00244896
   -5.83333333    0.13648537    0.13108251   -0.00123440
   -5.75000000    0.13850269    0.13214775    0.00010323
   -5.66666667    0.14056511    0.13323617    0.00157612
   -5.58333333    0.14267390    0.13434629    0.00319774
   -5.50000000    0.14483039    0.13547131    0.00498302
   -5.41666667    0.14703593    0.13660342    0.00694842
   -5.33333333    0.14929194    0.13773895    0.00911210
   -5.25000000    0.15159989    0.13888095    0.01149409
   -5.16666667    0.15396129    0.14003745    0.01411640
   -5.08333333    0.15637769    0.14121649    0.01700313
   -5.00000000    0.15885076    0.14242089    0.02018066
   -4.91666667    0.16138219    0.14364630    0.02367757
   -4.83333333    0.16397371    0.14488384    0.02752474
   -4.75000000    0.16662722    0.14612570    0.03175524
   -4.66666667    0.16934462    0.14737025    0.03640398
   -4.58333333    0.17212791    0.14862331    0.04150732
   -4.50000000    0.17497924    0.14989455    0.04710241
   -4.41666667    0.17790082    0.15119122    0.05322595
   -4.33333333    0.18089496    0.15251327    0.05991267
   -4.25000000    0.18396418    0.15385292    0.06719328
   -4.16666667    0.18711105    0.15519931    0.07509138
   -4.08333333    0.19033830    0.15654518    0.08361975
   -4.00000000    0.19364889    0.15789153    0.09277586
   -3.91666667    0.19704587    0.15924693    0.10253589
   -3.83333333    0.20053252    0.16062184    0.11284859
   -3.75000000    0.20411225    0.16202140    0.12362825
   -3.66666667    0.20778873    0.16344123    0.13474825
   -3.58333333    0.21156576    0.16486924    0.14603581
   -3.50000000    0.21544732    0.16629242    0.15726933
   -3.41666667    0.21943753    0.16770439    0.16818049
   -3.33333333    0.22354062    0.16910885    0.17846201
   -3.25000000    0.22776081    0.17051641    0.18778236
   -3.16666667    0.23210228    0.17193650    0.19580751
   -3.08333333    0.23656898    0.17336947    0.20222751
   -3.00000000    0.24116440    0.17480390    0.20678471
   -2.91666667    0.24589138    0.17622121    0.20929932
   -2.83333333    0.25075168    0.17760485    0.20968699
   -2.75000000    0.25574549    0.17894822    0.20796572
   -2.66666667    0.26087086    0.18025603    0.20425041
   -2.58333333    0.26612289    0.18153772    0.19873692
   -2.50000000    0.27149265    0.18279659    0.19167901
   -2.41666667    0.27696599    0.18402159    0.18336247
   -2.33333333    0.28252195    0.18518694    0.17408085
   -2.25000000    0.28813078    0.18626046    0.16411554
   -2.16666667    0.29375174    0.18721534    0.15372143
   -2.08333333    0.29933032    0.18803767    0.14311861
   -2.00000000    0.30479511    0.18872421    0.13248927
   -1.91666667    0.31005444    0.18927071    0.12197802
   -1.83333333    0.31499255    0.18965745    0.11169518
   -1.75000000    0.31946596    0.18984084    0.10172110
   -1.66666667    0.32330004    0.18975676    0.09211137
   -1.58333333    0.32628655    0.18933400    0.08290172
   -1.50000000    0.32818277    0.18850909    0.07411258
   -1.41666667    0.32871319    0.18723234    0.06575330
   -1.33333333    0.32757495    0.18545930    0.05782553
   -1.25000000    0.32444800    0.18313106    0.05032621
   -1.16666667    0.31901108    0.18015477    0.04325002
   -1.08333333    0.31096368    0.17639686    0.03659155
   -1.00000000    0.30005331    0.17169528    0.03034706
   -0.91666667    0.28610620    0.16588562    0.02451629
   -0.83333333    0.26905733    0.15882643    0.01910406
   -0.75000000    0.24897542    0.15040844    0.01412213
   -0.66666667    0.22607704    0.14054101    0.00959117
   -0.58333333    0.20072584    0.12912456    0.00554313
   -0.50000000    0.17341476    0.11602966    0.00202429
   -0.41666667    0.14473230    0.10110596   -0.00090102
   -0.33333333    0.11531804    0.08423148   -0.00314550
   -0.25000000    0.08581401    0.06539269   -0.00459243
   -0.16666667    0.05681946    0.04476541   -0.00508719
   -0.08333333    0.02885514    0.02275956   -0.00442592
    0.00000000    0.00234049    0.00000000    0.00234049
    0.08333333   -0.02241572   -0.02275956   -0.00152167
    0.16666667   -0.04521311   -0.04476541   -0.00762438
    0.25000000   -0.06594887   -0.06539269   -0.01657811
    0.33333333   -0.08460193   -0.08423148   -0.02918613
    0.41666667   -0.10121523   -0.10110596   -0.04650278
    0.50000000   -0.11587847   -0.11602966   -0.06990311
    0.58333333   -0.12871258   -0.12912456   -0.10115676
    0.66666667   -0.13985699   -0.14054101   -0.14248516
    0.75000000   -0.14945950   -0.15040844   -0.19655155
    0.83333333   -0.15766885   -0.15882643   -0.26628276
    0.91666667   -0.16462952   -0.16588562   -0.35434580
    1.00000000   -0.17047823   -0.17169528   -0.46204591
    1.08333333   -0.17534201   -0.17639686   -0.58751192
    1.16666667   -0.17933711   -0.18015477   -0.72354899
    1.25000000   -0.18256885   -0.18313106   -0.85658146
    1.33333333   -0.18513175   -0.18545930   -0.96881649
    1.41666667   -0.18711010   -0.18723234   -1.04424511
    1.50000000   -0.18857872   -0.18850909   -1.07524085
    1.58333333   -0.18960371   -0.18933400   -1.06481567
    1.66666667   -0.19024333   -0.18975676   -1.02333218
    1.75000000   -0.19054879   -0.18984084   -0.96311150
    1.83333333   -0.19056501   -0.18965745   -0.89458408
    1.91666667   -0.19033138   -0.18927071   -0.82493827
    2.00000000   -0.18988238   -0.18872421   -0.75839037
    2.08333333   -0.18924821   -0.18803767   -0.69701721
    2.16666667   -0.18845524   -0.18721534   -0.64155879
    2.25000000   -0.18752656   -0.18626046   -0.59200701
    2.33333333   -0.18648237   -0.18518694   -0.54797909
    2.41666667   -0.18534029   -0.18402159   -0.50893689
    2.50000000   -0.18411577   -0.18279659   -0.47430614
    2.58333333   -0.18282228   -0.18153772   -0.44353558
    2.66666667   -0.18147161   -0.18025603   -0.41612382
    2.75000000   -0.18007407   -0.17894822   -0.39162825
    2.83333333   -0.17863866   -0.17760485   -0.36966417
    2.91666667   -0.17717325   -0.17622121   -0.34990054
    3.00000000   -0.17568471   -0.17480390   -0.33205401
    3.08333333   -0.17417903   -0.17336947   -0.31588223
    3.16666667   -0.17266143   -0.17193650   -0.30117808
    3.25000000   -0.17113650   -0.17051641   -0.28776447
    3.33333333   -0.16960818   -0.16910885   -0.27548943
    3.41666667   -0.16807993   -0.16770439   -0.26422234
    3.50000000   -0.16655474   -0.16629242   -0.25385069
    3.58333333   -0.16503520   -0.16486924   -0.24427711
    3.66666667   -0.16352356   -0.16344123   -0.23541713
    3.75000000   -0.16202173   -0.16202140   -0.22719730
    3.83333333   -0.16053138   -0.16062184   -0.21955340
    3.91666667   -0.15905392   -0.15924693   -0.21242920
    4.00000000   -0.15759056   -0.15789153   -0.20577532
    4.08333333   -0.15614229   -0.15654518   -0.19954815
    4.16666667   -0.15471000   -0.15519931   -0.19370924
    4.25000000   -0.15329436   -0.15385292   -0.18822434
    4.33333333   -0.15189596   -0.15251327   -0.18306311
    4.41666667   -0.15051528   -0.15119122   -0.17819847
    4.50000000   -0.14915267   -0.14989455   -0.17360613
    4.58333333   -0.14780841   -0.14862331   -0.16926439
    4.66666667   -0.14648272   -0.14737025   -0.16515374
    4.75000000   -0.14517571   -0.14612570   -0.16125653
    4.83333333   -0.14388747   -0.14488384   -0.15755690
    4.91666667   -0.14261803   -0.14364630   -0.15404049
    5.00000000   -0.14136737   -0.14242089   -0.15069420
    5.08333333   -0.14013542   -0.14121649   -0.14750620
    5.16666667   -0.13892210   -0.14003745   -0.14446572
    5.25000000   -0.13772729   -0.13888095   -0.14156285
    5.33333333   -0.13655082   -0.13773895   -0.13878860
    5.41666667   -0.13539255   -0.13660342   -0.13613475
    5.50000000   -0.13425227   -0.13547131   -0.13359369
    5.58333333   -0.13312979   -0.13434629   -0.13115848
    5.66666667   -0.13202488   -0.13323617   -0.12882273
    5.75000000   -0.13093731   -0.13214775   -0.12658052
    5.83333333   -0.12986684   -0.13108251   -0.12442639
    5.91666667   -0.12881325   -0.13003571   -0.12235534
    6.00000000   -0.12777625   -0.12899948   -0.12036266
    6.08333333   -0.12675560   -0.12796778   -0.11844405
    6.16666667   -0.12575104   -0.12694005   -0.11659549
    6.25000000   -0.12476230   -0.12592137   -0.11481323
    6.33333333   -0.12378913   -0.12491896   -0.11309382
    6.41666667   -0.12283125   -0.12393748   -0.11143400
    6.50000000   -0.12188839   -0.12297603   -0.10983076
    6.58333333   -0.12096030   -0.12202876   -0.10828127
    6.66666667   -0.12004671   -0.12108859   -0.10678290
    6.75000000   -0.11914735   -0.12015161   -0.10533317
    6.83333333   -0.11826197   -0.11921936   -0.10392978
    6.91666667   -0.11739032   -0.11829767   -0.10257054
    7.00000000   -0.11653212   -0.11739270   -0.10125342
    7.08333333   -0.11568713   -0.11650699   -0.09997651
    7.16666667   -0.11485511   -0.11563777   -0.09873801
    7.25000000   -0.11403580   -0.11477877   -0.09753620
    7.33333333   -0.11322897   -0.11392413   -0.09636951
    7.41666667   -0.11243439   -0.11307205   -0.09523642
    7.50000000   -0.11165180   -0.11222570   -0.09413551
    7.58333333   -0.11088098   -0.11139102   -0.09306543
    7.66666667   -0.11012172   -0.11057283   -0.09202492
    7.75000000   -0.10937377   -0.10977162   -0.09101277
    7.83333333   -0.10863693   -0.10898332   -0.09002785
    7.91666667   -0.10791099   -0.10820178   -0.08906908
    8.00000000   -0.10719573   -0.10742270   -0.08813543
    8.08333333   -0.10649094   -0.10664619   -0.08722593
    8.16666667   -0.10579642   -0.10587653   -0.08633967
    8.25000000   -0.10511199   -0.10511928   -0.08547577
    8.33333333   -0.10443743   -0.10437765   -0.08463340
    8.41666667   -0.10377256   -0.10365039   -0.08381176
    8.50000000   -0.10311721   -0.10293258   -0.08301011
    8.58333333   -0.10247118   -0.10221874   -0.08222773
    8.66666667   -0.10183428   -0.10150625   -0.08146393
    8.75000000   -0.10120636   -0.10079686   -0.08071807
    8.83333333   -0.10058725   -0.10009543   -0.07998953
    8.91666667   -0.09997675   -0.09940670   -0.07927769
    9.00000000   -0.09937473   -0.09873221   -0.07858202
    9.08333333   -0.09878102   -0.09806926   -0.07790196
    9.16666667   -0.09819546   -0.09741265   -0.07723699
    9.25000000   -0.09761790   -0.09675793   -0.07658662
    9.33333333   -0.09704819   -0.09610414   -0.07595038
    9.41666667   -0.09648617   -0.09545434   -0.07532781
    9.50000000   -0.09593171   -0.09481346   -0.07471848
    9.58333333   -0.09538468   -0.09418511   -0.07412198
    9.66666667   -0.09484491   -0.09356919   -0.07353790
    9.75000000   -0.09431230   -0.09296194   -0.07296587
    9.83333333   -0.09378671   -0.09235836   -0.07240551
    9.91666667   -0.09326799   -0.09175527   -0.07185647
   10.00000000   -0.09275604   -0.09115333   -0.07131842
   10.08333333   -0.09225072   -0.09055644   -0.07079103
   10.16666667   -0.09175192   -0.08996917   -0.07027398
   10.25000000   -0.09125952   -0.08939375   -0.06976699
   10.33333333   -0.09077340   -0.08882862   -0.06926976
   10.41666667   -0.09029345   -0.08826942   -0.06878200
   10.50000000   -0.08981957   -0.08771173   -0.06830346
   10.58333333   -0.08935164   -0.08715384   -0.06783388
   10.66666667   -0.08888956   -0.08659775   -0.06737300
   10.75000000   -0.08843322   -0.08604779   -0.06692060
   10.83333333   -0.08798253   -0.08550776   -0.06647643
   10.91666667   -0.08753737   -0.08497845   -0.06604028
   11.00000000   -0.08709768   -0.08445710   -0.06561194
   11.08333333   -0.08666333   -0.08393916   -0.06519119
   11.16666667   -0.08623425   -0.08342115   -0.06477783
   11.25000000   -0.08581034   -0.08290285   -0.06437169
   11.33333333   -0.08539151   -0.08238732   -0.06397256
   11.41666667   -0.08497767   -0.08187886   -0.06358027
   11.50000000   -0.08456875   -0.08138020   -0.06319465
   11.58333333   -0.08416466   -0.08089071   -0.06281553
   11.66666667   -0.08376531   -0.08040676   -0.06244274
   11.75000000   -0.08337063   -0.07992404   -0.06207613
   11.83333333   -0.08298055   -0.07944029   -0.06171555
   11.91666667   -0.08259497   -0.07895666   -0.06136084
   12.00000000   -0.08221383   -0.07847690   -0.06101188
   12.08333333   -0.08183706   -0.07800489   -0.06066852
   12.16666667   -0.08146458   -0.07754208   -0.06033063
   12.25000000   -0.08109633   -0.07708654   -0.05999808
   12.33333333   -0.08073223   -0.07663415   -0.05967074
   12.41666667   -0.08037221   -0.07618127   -0.05934849
   12.50000000   -0.08001622   -0.07572696   -0.05903122
   12.58333333   -0.07966419   -0.07527358   -0.05871881
   12.66666667   -0.07931605   -0.07482516   -0.05841115
   12.75000000   -0.07897174   -0.07438477   -0.05810814
   12.83333333   -0.07863120   -0.07395249   -0.05780967
   12.91666667   -0.07829437   -0.07352532   -0.05751564
   13.00000000   -0.07796120   -0.07309911   -0.05722595
   13.08333333   -0.07763163   -0.07267116   -0.05694050
   13.16666667   -0.07730559   -0.07224192   -0.05665921
   13.25000000   -0.07698304   -0.07181467   -0.05638199
   13.33333333   -0.07666392   -0.07139328   -0.05610874
   13.41666667   -0.07634818   -0.07097974   -0.05583938
   13.50000000   -0.07603577   -0.07057276   -0.05557384
   13.58333333   -0.07572663   -0.07016860   -0.05531203
   13.66666667   -0.07542072   -0.06976345   -0.05505387
   13.75000000   -0.07511798   -0.06935585   -0.05479929
   13.83333333   -0.07481838   -0.06894755   -0.05454821
   13.91666667   -0.07452186   -0.06854237   -0.05430057
   14.00000000   -0.07422838   -0.06814366   -0.05405629
   14.08333333   -0.07393789   -0.06775205   -0.05381530
   14.16666667   -0.07365034   -0.06736503   -0.05357754
   14.25000000   -0.07336570   -0.06697852   -0.05334295
   14.33333333   -0.07308392   -0.06658944   -0.05311147
   14.41666667   -0.07280496   -0.06619769   -0.05288302
   14.50000000   -0.07252878   -0.06580618   -0.05265756
   14.58333333   -0.07225534   -0.06541885   -0.05243502
   14.66666667   -0.07198460   -0.06503810   -0.05221534
   14.75000000   -0.07171652   -0.06466314   -0.05199849
   14.83333333   -0.07145106   -0.06429045   -0.05178439
   14.91666667   -0.07118818   -0.06391600   -0.05157300
   15.00000000   -0.07092786   -0.06353781   -0.05136427
   15.08333333   -0.07067004   -0.06315723   -0.05115815
   15.16666667   -0.07041470   -0.06277800   -0.05095458
   15.25000000   -0.07016181   -0.06240375   -0.05075353
   15.33333333   -0.06991132   -0.06203559   -0.05055495
   15.41666667   -0.06966321   -0.06167127   -0.05035878
   15.50000000   -0.06941744   -0.06130658   -0.05016499
   15.58333333   -0.06917398   -0.06093801   -0.04997354
   15.66666667   -0.06893279   -0.06056498   -0.04978438
   15.75000000   -0.06869386   -0.06019022   -0.04959747
   15.83333333   -0.06845714   -0.05981792   -0.04941278
   15.91666667   -0.06822260   -0.05945092   -0.04923026
   16.00000000   -0.06799022   -0.05908876   -0.04904987
   16.08333333   -0.06775997   -0.05872780   -0.04887158
   16.16666667   -0.06753182   -0.05836355   -0.04869536
   16.25000000   -0.06730574   -0.05799347   -0.04852116
   16.33333333   -0.06708170   -0.05761862   -0.04834895
   16.41666667   -0.06685969   -0.05724295   -0.04817871
   16.50000000   -0.06663966   -0.05687063   -0.04801038
   16.58333333   -0.06642159   -0.05650319   -0.04784395
   16.66666667   -0.06620547   -0.05613832   -0.04767939
   16.75000000   -0.06599125   -0.05577121   -0.04751665
   16.83333333   -0.06577892   -0.05539754   -0.04735571
   16.91666667   -0.06556846   -0.05501625   -0.04719654
   17.00000000   -0.06535984   -0.05463020   -0.04703912
   17.08333333   -0.06515303   -0.05424429   -0.04688340
   17.16666667   -0.06494802   -0.05386205   -0.04672938
   17.25000000   -0.06474478   -0.05348311   -0.04657701
   17.33333333   -0.06454328   -0.05310311   -0.04642627
   17.41666667   -0.06434351   -0.05271629   -0.04627715
   17.50000000   -0.06414544   -0.05231910   -0.04612960
   17.58333333   -0.06394906   -0.05191251   -0.04598360
   17.66666667   -0.06375434   -0.05150134   -0.04583914
   17.75000000   -0.06356126   -0.05109098   -0.04569619
   17.83333333   -0.06336980   -0.05068354   -0.04555472
   17.91666667   -0.06317994   -0.05027598   -0.04541471
   18.00000000   -0.06299167   -0.04986156   -0.04527614
   18.08333333   -0.06280495   -0.04943391   -0.04513899
   18.16666667   -0.06261978   -0.04899107   -0.04500323
   18.25000000   -0.06243613   -0.04853681   -0.04486885
   18.33333333   -0.06225398   -0.04807814   -0.04473582
   18.41666667   -0.06207333   -0.04762037   -0.04460412
   18.50000000   -0.06189414   -0.04716292   -0.04447374
   18.58333333   -0.06171640   -0.04669878   -0.04434465
   18.66666667   -0.06154011   -0.04621820   -0.04421684
   18.75000000   -0.06136522   -0.04571476   -0.04409028
   18.83333333   -0.06119174   -0.04518970   -0.04396496
   18.91666667   -0.06101964   -0.04465151   -0.04384086
   19.00000000   -0.06084891   -0.04411048   -0.04371796
   19.08333333   -0.06067953   -0.04357127   -0.04359625
   19.16666667   -0.06051150   -0.04302822   -0.04347571
   19.25000000   -0.06034477   -0.04246727   -0.04335631
   19.33333333   -0.06017936   -0.04187403   -0.04323805
   19.41666667   -0.06001523   -0.04124403   -0.04312091
   19.50000000   -0.05985238   -0.04058855   -0.04300488
   19.58333333   -0.05969079   -0.03993156   -0.04288993
   19.66666667   -0.05953045   -0.03929751   -0.04277605
   19.75000000   -0.05937134   -0.03869558   -0.04266323
   19.83333333   -0.05921345   -0.03810863   -0.04255146
   19.91666667   -0.05905677   -0.03749383   -0.04244071
   20.00000000   -0.05890127   -0.03679638   -0.04233098
