  -20.00000000    0.03415231    0.03687436   -0.00045895
  -19.91666667    0.03437191    0.03757275   -0.00050701
  -19.83333333    0.03459343    0.03818824   -0.00055529
  -19.75000000    0.03481691    0.03877589   -0.00060381
  -19.66666667    0.03504237    0.03937867   -0.00065255
  -19.58333333    0.03526983    0.04001371   -0.00070152
  -19.50000000    0.03549933    0.04067174   -0.00075072
  -19.41666667    0.03573088    0.04132817   -0.00080014
  -19.33333333    0.03596452    0.04195901   -0.00084980
  -19.25000000    0.03620027    0.04255302   -0.00089968
  -19.16666667    0.03643817    0.04311479   -0.00094980
  -19.08333333    0.03667822    0.04365878   -0.00100013
  -19.00000000    0.03692049    0.04419905   -0.00105070
  -18.91666667    0.03716499    0.04474116   -0.00110150
  -18.83333333    0.03741174    0.04528034   -0.00115252
  -18.75000000    0.03766078    0.04580623   -0.00120378
  -18.66666667    0.03791215    0.04631037   -0.00125525
  -18.58333333    0.03816587    0.04679163   -0.00130696
  -18.50000000    0.03842199    0.04725656   -0.00135889
  -18.41666667    0.03868052    0.04771492   -0.00141105
  -18.33333333    0.03894151    0.04817369   -0.00146342
  -18.25000000    0.03920499    0.04863334   -0.00151603
  -18.16666667    0.03947099    0.04908843   -0.00156885
  -18.08333333    0.03973955    0.04953193   -0.00162190
  -18.00000000    0.04001072    0.04996016   -0.00167516
  -17.91666667    0.04028452    0.05037519   -0.00172865
  -17.83333333    0.04056098    0.05078351   -0.00178235
  -17.75000000    0.04084016    0.05119183   -0.00183627
  -17.66666667    0.04112210    0.05160314   -0.00189040
  -17.58333333    0.04140682    0.05201518   -0.00194474
  -17.50000000    0.04169437    0.05242247   -0.00199929
  -17.41666667    0.04198480    0.05282021   -0.00205405
  -17.33333333    0.04227814    0.05320755   -0.00210901
  -17.25000000    0.04257445    0.05358815   -0.00216418
  -17.16666667    0.04287376    0.05396785   -0.00221955
  -17.08333333    0.04317611    0.05435098   -0.00227512
  -17.00000000    0.04348157    0.05473780   -0.00233088
  -16.91666667    0.04379016    0.05512462   -0.00238683
  -16.83333333    0.04410194    0.05550652   -0.00244297
  -16.75000000    0.04441696    0.05588068   -0.00249929
  -16.66666667    0.04473527    0.05624829   -0.00255579
  -16.58333333    0.04505691    0.05661379   -0.00261247
  -16.50000000    0.04538195    0.05698204   -0.00266932
  -16.41666667    0.04571044    0.05735526   -0.00272634
  -16.33333333    0.04604241    0.05773179   -0.00278352
  -16.25000000    0.04637794    0.05810735   -0.00284085
  -16.16666667    0.04671708    0.05847797   -0.00289834
  -16.08333333    0.04705988    0.05884268   -0.00295597
  -16.00000000    0.04740641    0.05920416   -0.00301375
  -15.91666667    0.04775672    0.05956702   -0.00307165
  -15.83333333    0.04811087    0.05993487   -0.00312968
  -15.75000000    0.04846893    0.06030809   -0.00318783
  -15.66666667    0.04883096    0.06068368   -0.00324610
  -15.58333333    0.04919703    0.06105735   -0.00330446
  -15.50000000    0.04956720    0.06142643   -0.00336292
  -15.41666667    0.04994154    0.06179158   -0.00342147
  -15.33333333    0.05032012    0.06215647   -0.00348009
  -15.25000000    0.05070300    0.06252540   -0.00353878
  -15.16666667    0.05109027    0.06290057   -0.00359753
  -15.08333333    0.05148199    0.06328073   -0.00365633
  -15.00000000    0.05187824    0.06366210   -0.00371516
  -14.91666667    0.05227910    0.06404089   -0.00377401
  -14.83333333    0.05268465    0.06441583   -0.00383287
  -14.75000000    0.05309496    0.06478902   -0.00389173
  -14.66666667    0.05351012    0.06516464   -0.00395057
  -14.58333333    0.05393022    0.06554625   -0.00400938
  -14.50000000    0.05435533    0.06593455   -0.00406814
  -14.41666667    0.05478556    0.06632699   -0.00412684
  -14.33333333    0.05522098    0.06671949   -0.00418546
  -14.25000000    0.05566169    0.06710914   -0.00424398
  -14.16666667    0.05610778    0.06749614   -0.00430238
  -14.08333333    0.05655936    0.06788373   -0.00436065
  -14.00000000    0.05701651    0.06827610   -0.00441876
  -13.91666667    0.05747934    0.06867577   -0.00447670
  -13.83333333    0.05794796    0.06908197   -0.00453443
  -13.75000000    0.05842247    0.06949119   -0.00459194
  -13.66666667    0.05890297    0.06989952   -0.00464919
  -13.58333333    0.05938958    0.07030522   -0.00470617
  -13.50000000    0.05988241    0.07070990   -0.00476285
  -13.41666667    0.06038158    0.07111754   -0.00481919
  -13.33333333    0.06088722    0.07153197   -0.00487518
  -13.25000000    0.06139942    0.07195441   -0.00493076
  -13.16666667    0.06191833    0.07238272   -0.00498592
  -13.08333333    0.06244408    0.07281287   -0.00504061
  -13.00000000    0.06297678    0.07324152   -0.00509480
  -12.91666667    0.06351658    0.07366829   -0.00514845
  -12.83333333    0.06406362    0.07409604   -0.00520153
  -12.75000000    0.06461803    0.07452911   -0.00525397
  -12.66666667    0.06517996    0.07497051   -0.00530575
  -12.58333333    0.06574957    0.07542007   -0.00535682
  -12.50000000    0.06632699    0.07587454   -0.00540712
  -12.41666667    0.06691239    0.07632974   -0.00545660
  -12.33333333    0.06750593    0.07678331   -0.00550520
  -12.25000000    0.06810776    0.07723629   -0.00555288
  -12.16666667    0.06871807    0.07769253   -0.00559957
  -12.08333333    0.06933702    0.07815626   -0.00564520
  -12.00000000    0.06996478    0.07862942   -0.00568970
  -11.91666667    0.07060154    0.07911040   -0.00573302
  -11.83333333    0.07124750    0.07959514   -0.00577507
  -11.75000000    0.07190282    0.08007977   -0.00581577
  -11.66666667    0.07256772    0.08056317   -0.00585504
  -11.58333333    0.07324241    0.08104779   -0.00589280
  -11.50000000    0.07392706    0.08153811   -0.00592896
  -11.41666667    0.07462192    0.08203785   -0.00596341
  -11.33333333    0.07532719    0.08254760   -0.00599606
  -11.25000000    0.07604309    0.08306442   -0.00602680
  -11.16666667    0.07676986    0.08358384   -0.00605552
  -11.08333333    0.07750774    0.08410272   -0.00608210
  -11.00000000    0.07825696    0.08462139   -0.00610641
  -10.91666667    0.07901778    0.08514351   -0.00612833
  -10.83333333    0.07979046    0.08567382   -0.00614771
  -10.75000000    0.08057524    0.08621511   -0.00616441
  -10.66666667    0.08137242    0.08676649   -0.00617827
  -10.58333333    0.08218226    0.08732393   -0.00618913
  -10.50000000    0.08300505    0.08788295   -0.00619682
  -10.41666667    0.08384109    0.08844153   -0.00620115
  -10.33333333    0.08469068    0.08900152   -0.00620194
  -10.25000000    0.08555412    0.08956757   -0.00619897
  -10.16666667    0.08643175    0.09014419   -0.00619204
  -10.08333333    0.08732389    0.09073292   -0.00618092
  -10.00000000    0.08823086    0.09133136   -0.00616536
   -9.91666667    0.08915303    0.09193471   -0.00614512
   -9.83333333    0.09009076    0.09253894   -0.00611991
   -9.75000000    0.09104441    0.09314345   -0.00608946
   -9.66666667    0.09201435    0.09375160   -0.00605346
   -9.58333333    0.09300098    0.09436864   -0.00601160
   -9.50000000    0.09400470    0.09499842   -0.00596352
   -9.41666667    0.09502592    0.09564096   -0.00590888
   -9.33333333    0.09606507    0.09629244   -0.00584728
   -9.25000000    0.09712257    0.09694769   -0.00577833
   -9.16666667    0.09819889    0.09760359   -0.00570158
   -9.08333333    0.09929449    0.09826121   -0.00561659
   -9.00000000    0.10040982    0.09892523   -0.00552285
   -8.91666667    0.10154539    0.09960108   -0.00541986
   -8.83333333    0.10270171    0.10029150   -0.00530706
   -8.75000000    0.10387927    0.10099480   -0.00518387
   -8.66666667    0.10507863    0.10170600   -0.00504966
   -8.58333333    0.10630033    0.10242002   -0.00490375
   -8.50000000    0.10754493    0.10313509   -0.00474545
   -8.41666667    0.10881300    0.10385405   -0.00457400
   -8.33333333    0.11010516    0.10458262   -0.00438858
   -8.25000000    0.11142199    0.10532590   -0.00418834
   -8.16666667    0.11276414    0.10608513   -0.00397236
   -8.08333333    0.11413227    0.10685689   -0.00373964
   -8.00000000    0.11552702    0.10763533   -0.00348915
   -7.91666667    0.11694908    0.10841602   -0.00321975
   -7.83333333    0.11839915    0.10919890   -0.00293025
   -7.75000000    0.11987796    0.10998855   -0.00261934
   -7.66666667    0.12138624    0.11079137   -0.00228567
   -7.58333333    0.12292474    0.11161157   -0.00192774
   -7.50000000    0.12449427    0.11244855   -0.00154397
   -7.41666667    0.12609560    0.11329724   -0.00113267
   -7.33333333    0.12772954    0.11415140   -0.00069201
   -7.25000000    0.12939695    0.11500776   -0.00022003
   -7.16666667    0.13109868    0.11586829    0.00028537
   -7.08333333    0.13283559    0.11673913    0.00082645
   -7.00000000    0.13460859    0.11762684    0.00140564
   -6.91666667    0.13641860    0.11853423    0.00202555
   -6.83333333    0.13826652    0.11945860    0.00268898
   -6.75000000    0.14015334    0.12039343    0.00339898
   -6.66666667    0.14208001    0.12133267    0.00415878
   -6.58333333    0.14404749    0.12227474    0.00497189
   -6.50000000    0.14605682    0.12322379    0.00584208
   -6.41666667    0.14810899    0.12418726    0.00677343
   -6.33333333    0.15020502    0.12517123    0.00777029
   -6.25000000    0.15234596    0.12617655    0.00883739
   -6.16666667    0.15453285    0.12719831    0.00997980
   -6.08333333    0.15676673    0.12822891    0.01120297
   -6.00000000    0.15904869    0.12926308    0.01251279
   -5.91666667    0.16137976    0.13030146    0.01391558
   -5.83333333    0.16376099    0.13135042    0.01541811
   -5.75000000    0.16619346    0.13241820    0.01702769
   -5.66666667    0.16867821    0.13350970    0.01875211
   -5.58333333    0.17121625    0.13462332    0.02059971
   -5.50000000    0.17380863    0.13575186    0.02257943
   -5.41666667    0.17645633    0.13688718    0.02470076
   -5.33333333    0.17916031    0.13802547    0.02697377
   -5.25000000    0.18192154    0.13916998    0.02940913
   -5.16666667    0.18474091    0.14032915    0.03201805
   -5.08333333    0.18761927    0.14151139    0.03481225
   -5.00000000    0.19055746    0.14271959    0.03780391
   -4.91666667    0.19355625    0.14394916    0.04100554
   -4.83333333    0.19661633    0.14519075    0.04442983
   -4.75000000    0.19973839    0.14643620    0.04808952
   -4.66666667    0.20292299    0.14768388    0.05199702
   -4.58333333    0.20617065    0.14893993    0.05616414
   -4.50000000    0.20948187    0.15021451    0.06060166
   -4.41666667    0.21285702    0.15151520    0.06531869
   -4.33333333    0.21629643    0.15284190    0.07032200
   -4.25000000    0.21980041    0.15418644    0.07561526
   -4.16666667    0.22336918    0.15553743    0.08119790
   -4.08333333    0.22700294    0.15688731    0.08706393
   -4.00000000    0.23070191    0.15823722    0.09320074
   -3.91666667    0.23446629    0.15959620    0.09958736
   -3.83333333    0.23829632    0.16097526    0.10619305
   -3.75000000    0.24219231    0.16237978    0.11297548
   -3.66666667    0.24615470    0.16380517    0.11987935
   -3.58333333    0.25018405    0.16523879    0.12683500
   -3.50000000    0.25428110    0.16666704    0.13375751
   -3.41666667    0.25844685    0.16808335    0.14054671
   -3.33333333    0.26268252    0.16949175    0.14708789
   -3.25000000    0.26698961    0.17090345    0.15325380
   -3.16666667    0.27136990    0.17232847    0.15890817
   -3.08333333    0.27582537    0.17376726    0.16391047
   -3.00000000    0.28035813    0.17520797    0.16812204
   -2.91666667    0.28497025    0.17663126    0.17141330
   -2.83333333    0.28966350    0.17802000    0.17367121
   -2.75000000    0.29443891    0.17936752    0.17480649
   -2.66666667    0.29929626    0.18067909    0.17475970
   -2.58333333    0.30423325    0.18196493    0.17350542
   -2.50000000    0.30924443    0.18322889    0.17105405
   -2.41666667    0.31431986    0.18445979    0.16745085
   -2.33333333    0.31944334    0.18563108    0.16277259
   -2.25000000    0.32459013    0.18670960    0.15712211
   -2.16666667    0.32972435    0.18766792    0.15062144
   -2.08333333    0.33479565    0.18849230    0.14340446
   -2.00000000    0.33973548    0.18918032    0.13560982
   -1.91666667    0.34445290    0.18972872    0.12737450
   -1.83333333    0.34883003    0.19011817    0.11882879
   -1.75000000    0.35271752    0.19030454    0.11009249
   -1.66666667    0.35593046    0.19022243    0.10127271
   -1.58333333    0.35824534    0.18979925    0.09246275
   -1.50000000    0.35939912    0.18897092    0.08374213
   -1.41666667    0.35909144    0.18768825    0.07517742
   -1.33333333    0.35699133    0.18590811    0.06682364
   -1.25000000    0.35274978    0.18357284    0.05872601
   -1.16666667    0.34601898    0.18058975    0.05092198
   -1.08333333    0.33647860    0.17682397    0.04344338
   -1.00000000    0.32386755    0.17211126    0.03631856
   -0.91666667    0.30801897    0.16628524    0.02957475
   -0.83333333    0.28889299    0.15920412    0.02324035
   -0.75000000    0.26660207    0.15076035    0.01734750
   -0.66666667    0.24142249    0.14086648    0.01193478
   -0.58333333    0.21378790    0.12942571    0.00705040
   -0.50000000    0.18426373    0.11630927    0.00275595
   -0.41666667    0.15350527    0.10136411   -0.00086912
   -0.33333333    0.12220595    0.08446297   -0.00372175
   -0.25000000    0.09104416    0.06558643   -0.00566808
   -0.16666667    0.06063660    0.04490671   -0.00653411
   -0.08333333    0.03150399    0.02283445   -0.00609351
    0.00000000    0.00405176    0.00000000    0.00405176
    0.08333333   -0.02143488   -0.02283445    0.00002527
    0.16666667   -0.04478424   -0.04490671   -0.00648562
    0.25000000   -0.06592365   -0.06558643   -0.01613152
    0.33333333   -0.08486096   -0.08446297   -0.02975761
    0.41666667   -0.10166513   -0.10136411   -0.04845593
    0.50000000   -0.11644815   -0.11630927   -0.07362264
    0.58333333   -0.12934936   -0.12942571   -0.10700864
    0.66666667   -0.14052290   -0.14086648   -0.15073650
    0.75000000   -0.15012805   -0.15076035   -0.20722733
    0.83333333   -0.15832230   -0.15920412   -0.27893853
    0.91666667   -0.16525661   -0.16628524   -0.36776361
    1.00000000   -0.17107250   -0.17211126   -0.47394644
    1.08333333   -0.17590037   -0.17682397   -0.59453526
    1.16666667   -0.17985889   -0.18058975   -0.72189578
    1.25000000   -0.18305498   -0.18357284   -0.84351635
    1.33333333   -0.18558421   -0.18590811   -0.94444839
    1.41666667   -0.18753154   -0.18768825   -1.01218446
    1.50000000   -0.18897213   -0.18897092   -1.04126073
    1.58333333   -0.18997225   -0.18979925   -1.03443227
    1.66666667   -0.19059015   -0.19022243   -1.00006629
    1.75000000   -0.19087697   -0.19030454   -0.94818489
    1.83333333   -0.19087749   -0.19011817   -0.88755973
    1.91666667   -0.19063091   -0.18972872   -0.82454600
    2.00000000   -0.19017151   -0.18918032   -0.76313474
    2.08333333   -0.18952924   -0.18849230   -0.70550646
    2.16666667   -0.18873030   -0.18766792   -0.65263417
    2.25000000   -0.18779755   -0.18670960   -0.60476254
    2.33333333   -0.18675096   -0.18563108   -0.56173366
    2.41666667   -0.18560799   -0.18445979   -0.52319189
    2.50000000   -0.18438389   -0.18322889   -0.48870395
    2.58333333   -0.18309195   -0.18196493   -0.45782438
    2.66666667   -0.18174382   -0.18067909   -0.43012983
    2.75000000   -0.18034965   -0.17936752   -0.40523456
    2.83333333   -0.17891831   -0.17802000   -0.38279502
    2.91666667   -0.17745753   -0.17663126   -0.36250974
    3.00000000   -0.17597408   -0.17520797   -0.34411649
    3.08333333   -0.17447386   -0.17376726   -0.32738791
    3.16666667   -0.17296199   -0.17232847   -0.31212741
    3.25000000   -0.17144296   -0.17090345   -0.29816516
    3.33333333   -0.16992066   -0.16949175   -0.28535415
    3.41666667   -0.16839846   -0.16808335   -0.27356702
    3.50000000   -0.16687931   -0.16666704   -0.26269328
    3.58333333   -0.16536573   -0.16523879   -0.25263672
    3.66666667   -0.16385992   -0.16380517   -0.24331337
    3.75000000   -0.16236378   -0.16237978   -0.23464988
    3.83333333   -0.16087892   -0.16097526   -0.22658179
    3.91666667   -0.15940671   -0.15959620   -0.21905240
    4.00000000   -0.15794834   -0.15823722   -0.21201177
    4.08333333   -0.15650480   -0.15688731   -0.20541559
    4.16666667   -0.15507693   -0.15553743   -0.19922466
    4.25000000   -0.15366540   -0.15418644   -0.19340399
    4.33333333   -0.15227078   -0.15284190   -0.18792246
    4.41666667   -0.15089354   -0.15151520   -0.18275224
    4.50000000   -0.14953402   -0.15021451   -0.17786829
    4.58333333   -0.14819250   -0.14893993   -0.17324818
    4.66666667   -0.14686919   -0.14768388   -0.16887173
    4.75000000   -0.14556420   -0.14643620   -0.16472062
    4.83333333   -0.14427762   -0.14519075   -0.16077836
    4.91666667   -0.14300949   -0.14394916   -0.15702998
    5.00000000   -0.14175976   -0.14271959   -0.15346185
    5.08333333   -0.14052840   -0.14151139   -0.15006157
    5.16666667   -0.13931531   -0.14032915   -0.14681788
    5.25000000   -0.13812038   -0.13916998   -0.14372039
    5.33333333   -0.13694345   -0.13802547   -0.14075968
    5.41666667   -0.13578438   -0.13688718   -0.13792709
    5.50000000   -0.13464296   -0.13575186   -0.13521462
    5.58333333   -0.13351902   -0.13462332   -0.13261495
    5.66666667   -0.13241233   -0.13350970   -0.13012134
    5.75000000   -0.13132267   -0.13241820   -0.12772754
    5.83333333   -0.13024981   -0.13135042   -0.12542779
    5.91666667   -0.12919352   -0.13030146   -0.12321677
    6.00000000   -0.12815355   -0.12926308   -0.12108952
    6.08333333   -0.12712964   -0.12822891   -0.11904146
    6.16666667   -0.12612155   -0.12719831   -0.11706835
    6.25000000   -0.12512902   -0.12617655   -0.11516619
    6.33333333   -0.12415179   -0.12517123   -0.11333130
    6.41666667   -0.12318961   -0.12418726   -0.11156025
    6.50000000   -0.12224222   -0.12322379   -0.10984980
    6.58333333   -0.12130935   -0.12227474   -0.10819695
    6.66666667   -0.12039077   -0.12133267   -0.10659890
    6.75000000   -0.11948620   -0.12039343   -0.10505300
    6.83333333   -0.11859540   -0.11945860   -0.10355679
    6.91666667   -0.11771812   -0.11853423   -0.10210796
    7.00000000   -0.11685411   -0.11762684   -0.10070431
    7.08333333   -0.11600312   -0.11673913   -0.09934380
    7.16666667   -0.11516493   -0.11586829   -0.09802452
    7.25000000   -0.11433927   -0.11500776   -0.09674463
    7.33333333   -0.11352592   -0.11415140   -0.09550244
    7.41666667   -0.11272466   -0.11329724   -0.09429633
    7.50000000   -0.11193525   -0.11244855   -0.09312477
    7.58333333   -0.11115746   -0.11161157   -0.09198632
    7.66666667   -0.11039109   -0.11079137   -0.09087963
    7.75000000   -0.10963590   -0.10998855   -0.08980339
    7.83333333   -0.10889170   -0.10919890   -0.08875640
    7.91666667   -0.10815827   -0.10841602   -0.08773749
    8.00000000   -0.10743540   -0.10763533   -0.08674557
    8.08333333   -0.10672290   -0.10685689   -0.08577960
    8.16666667   -0.10602057   -0.10608513   -0.08483857
    8.25000000   -0.10532822   -0.10532590   -0.08392158
    8.33333333   -0.10464565   -0.10458262   -0.08302771
    8.41666667   -0.10397268   -0.10385405   -0.08215610
    8.50000000   -0.10330914   -0.10313509   -0.08130596
    8.58333333   -0.10265484   -0.10242002   -0.08047652
    8.66666667   -0.10200961   -0.10170600   -0.07966703
    8.75000000   -0.10137328   -0.10099480   -0.07887680
    8.83333333   -0.10074568   -0.10029150   -0.07810517
    8.91666667   -0.10012664   -0.09960108   -0.07735148
    9.00000000   -0.09951602   -0.09892523   -0.07661514
    9.08333333   -0.09891365   -0.09826121   -0.07589555
    9.16666667   -0.09831938   -0.09760359   -0.07519217
    9.25000000   -0.09773306   -0.09694769   -0.07450446
    9.33333333   -0.09715454   -0.09629244   -0.07383191
    9.41666667   -0.09658368   -0.09564096   -0.07317402
    9.50000000   -0.09602034   -0.09499842   -0.07253035
    9.58333333   -0.09546438   -0.09436864   -0.07190043
    9.66666667   -0.09491566   -0.09375160   -0.07128383
    9.75000000   -0.09437407   -0.09314345   -0.07068016
    9.83333333   -0.09383946   -0.09253894   -0.07008900
    9.91666667   -0.09331170   -0.09193471   -0.06950998
   10.00000000   -0.09279069   -0.09133136   -0.06894274
   10.08333333   -0.09227630   -0.09073292   -0.06838692
   10.16666667   -0.09176840   -0.09014419   -0.06784219
   10.25000000   -0.09126689   -0.08956757   -0.06730823
   10.33333333   -0.09077165   -0.08900152   -0.06678472
   10.41666667   -0.09028256   -0.08844153   -0.06627136
   10.50000000   -0.08979954   -0.08788295   -0.06576788
   10.58333333   -0.08932246   -0.08732393   -0.06527398
   10.66666667   -0.08885122   -0.08676649   -0.06478940
   10.75000000   -0.08838572   -0.08621511   -0.06431389
   10.83333333   -0.08792587   -0.08567382   -0.06384720
   10.91666667   -0.08747156   -0.08514351   -0.06338908
   11.00000000   -0.08702270   -0.08462139   -0.06293931
   11.08333333   -0.08657920   -0.08410272   -0.06249767
   11.16666667   -0.08614097   -0.08358384   -0.06206393
   11.25000000   -0.08570791   -0.08306442   -0.06163789
   11.33333333   -0.08527995   -0.08254760   -0.06121936
   11.41666667   -0.08485698   -0.08203785   -0.06080813
   11.50000000   -0.08443895   -0.08153811   -0.06040403
   11.58333333   -0.08402575   -0.08104779   -0.06000686
   11.66666667   -0.08361731   -0.08056317   -0.05961646
   11.75000000   -0.08321355   -0.08007977   -0.05923266
   11.83333333   -0.08281440   -0.07959514   -0.05885530
   11.91666667   -0.08241977   -0.07911040   -0.05848420
   12.00000000   -0.08202960   -0.07862942   -0.05811923
   12.08333333   -0.08164381   -0.07815626   -0.05776024
   12.16666667   -0.08126234   -0.07769253   -0.05740708
   12.25000000   -0.08088511   -0.07723629   -0.05705961
   12.33333333   -0.08051205   -0.07678331   -0.05671769
   12.41666667   -0.08014310   -0.07632974   -0.05638121
   12.50000000   -0.07977819   -0.07587454   -0.05605002
   12.58333333   -0.07941727   -0.07542007   -0.05572402
   12.66666667   -0.07906026   -0.07497051   -0.05540307
   12.75000000   -0.07870711   -0.07452911   -0.05508708
   12.83333333   -0.07835775   -0.07409604   -0.05477591
   12.91666667   -0.07801212   -0.07366829   -0.05446946
   13.00000000   -0.07767018   -0.07324152   -0.05416764
   13.08333333   -0.07733186   -0.07281287   -0.05387034
   13.16666667   -0.07699711   -0.07238272   -0.05357745
   13.25000000   -0.07666587   -0.07195441   -0.05328889
   13.33333333   -0.07633809   -0.07153197   -0.05300455
   13.41666667   -0.07601371   -0.07111754   -0.05272435
   13.50000000   -0.07569269   -0.07070990   -0.05244820
   13.58333333   -0.07537497   -0.07030522   -0.05217601
   13.66666667   -0.07506051   -0.06989952   -0.05190770
   13.75000000   -0.07474926   -0.06949119   -0.05164319
   13.83333333   -0.07444116   -0.06908197   -0.05138240
   13.91666667   -0.07413618   -0.06867577   -0.05112525
   14.00000000   -0.07383427   -0.06827610   -0.05087167
   14.08333333   -0.07353538   -0.06788373   -0.05062158
   14.16666667   -0.07323946   -0.06749614   -0.05037492
   14.25000000   -0.07294649   -0.06710914   -0.05013162
   14.33333333   -0.07265640   -0.06671949   -0.04989160
   14.41666667   -0.07236917   -0.06632699   -0.04965481
   14.50000000   -0.07208475   -0.06593455   -0.04942117
   14.58333333   -0.07180310   -0.06554625   -0.04919064
   14.66666667   -0.07152417   -0.06516464   -0.04896314
   14.75000000   -0.07124795   -0.06478902   -0.04873862
   14.83333333   -0.07097437   -0.06441583   -0.04851702
   14.91666667   -0.07070341   -0.06404089   -0.04829828
   15.00000000   -0.07043504   -0.06366210   -0.04808236
   15.08333333   -0.07016921   -0.06328073   -0.04786919
   15.16666667   -0.06990589   -0.06290057   -0.04765873
   15.25000000   -0.06964504   -0.06252540   -0.04745093
   15.33333333   -0.06938664   -0.06215647   -0.04724573
   15.41666667   -0.06913064   -0.06179158   -0.04704309
   15.50000000   -0.06887702   -0.06142643   -0.04684296
   15.58333333   -0.06862574   -0.06105735   -0.04664530
   15.66666667   -0.06837677   -0.06068368   -0.04645005
   15.75000000   -0.06813008   -0.06030809   -0.04625719
   15.83333333   -0.06788564   -0.05993487   -0.04606666
   15.91666667   -0.06764342   -0.05956702   -0.04587842
   16.00000000   -0.06740339   -0.05920416   -0.04569243
   16.08333333   -0.06716552   -0.05884268   -0.04550866
   16.16666667   -0.06692978   -0.05847797   -0.04532706
   16.25000000   -0.06669615   -0.05810735   -0.04514760
   16.33333333   -0.06646459   -0.05773179   -0.04497024
   16.41666667   -0.06623509   -0.05735526   -0.04479494
   16.50000000   -0.06600760   -0.05698204   -0.04462166
   16.58333333   -0.06578211   -0.05661379   -0.04445038
   16.66666667   -0.06555860   -0.05624829   -0.04428107
   16.75000000   -0.06533703   -0.05588068   -0.04411367
   16.83333333   -0.06511738   -0.05550652   -0.04394817
   16.91666667   -0.06489963   -0.05512462   -0.04378454
   17.00000000   -0.06468375   -0.05473780   -0.04362273
   17.08333333   -0.06446972   -0.05435098   -0.04346273
   17.16666667   -0.06425752   -0.05396785   -0.04330450
   17.25000000   -0.06404711   -0.05358815   -0.04314801
   17.33333333   -0.06383849   -0.05320755   -0.04299323
   17.41666667   -0.06363163   -0.05282021   -0.04284015
   17.50000000   -0.06342650   -0.05242247   -0.04268872
   17.58333333   -0.06322309   -0.05201518   -0.04253893
   17.66666667   -0.06302138   -0.05160314   -0.04239074
   17.75000000   -0.06282133   -0.05119183   -0.04224414
   17.83333333   -0.06262294   -0.05078351   -0.04209909
   17.91666667   -0.06242618   -0.05037519   -0.04195558
   18.00000000   -0.06223103   -0.04996016   -0.04181358
   18.08333333   -0.06203748   -0.04953193   -0.04167306
   18.16666667   -0.06184550   -0.04908843   -0.04153400
   18.25000000   -0.06165507   -0.04863334   -0.04139639
   18.33333333   -0.06146619   -0.04817369   -0.04126019
   18.41666667   -0.06127882   -0.04771492   -0.04112539
   18.50000000   -0.06109295   -0.04725656   -0.04099196
   18.58333333   -0.06090856   -0.04679163   -0.04085989
   18.66666667   -0.06072565   -0.04631037   -0.04072916
   18.75000000   -0.06054418   -0.04580623   -0.04059974
   18.83333333   -0.06036413   -0.04528034   -0.04047161
   18.91666667   -0.06018551   -0.04474116   -0.04034476
   19.00000000   -0.06000828   -0.04419905   -0.04021917
   19.08333333   -0.05983244   -0.04365878   -0.04009482
   19.16666667   -0.05965796   -0.04311479   -0.03997169
   19.25000000   -0.05948483   -0.04255302   -0.03984976
   19.33333333   -0.05931304   -0.04195901   -0.03972901
   19.41666667   -0.05914257   -0.04132817   -0.03960944
   19.50000000   -0.05897340   -0.04067174   -0.03949102
   19.58333333   -0.05880552   -0.04001371   -0.03937373
   19.66666667   -0.05863892   -0.03937867   -0.03925757
   19.75000000   -0.05847358   -0.03877589   -0.03914250
   19.83333333   -0.05830949   -0.03818824   -0.03902853
   19.91666667   -0.05814663   -0.03757275   -0.03891563
   20.00000000   -0.05798499   -0.03687436   -0.03880379
