  -20.00000000    0.04104008    0.03831803    0.00416561
  -19.91666667    0.04129246    0.03918098    0.00414032
  -19.83333333    0.04154708    0.03998597    0.00411499
  -19.75000000    0.04180401    0.04075356    0.00408960
  -19.66666667    0.04206326    0.04150265    0.00406415
  -19.58333333    0.04232486    0.04224368    0.00403866
  -19.50000000    0.04258885    0.04297665    0.00401313
  -19.41666667    0.04285525    0.04369431    0.00398754
  -19.33333333    0.04312411    0.04438797    0.00396191
  -19.25000000    0.04339545    0.04505281    0.00393624
  -19.16666667    0.04366931    0.04569009    0.00391053
  -19.08333333    0.04394573    0.04630560    0.00388478
  -19.00000000    0.04422473    0.04690602    0.00385899
  -18.91666667    0.04450636    0.04749532    0.00383317
  -18.83333333    0.04479065    0.04807341    0.00380731
  -18.75000000    0.04507765    0.04863739    0.00378142
  -18.66666667    0.04536738    0.04918424    0.00375551
  -18.58333333    0.04565988    0.04971335    0.00372956
  -18.50000000    0.04595520    0.05022711    0.00370360
  -18.41666667    0.04625338    0.05072971    0.00367761
  -18.33333333    0.04655445    0.05122487    0.00365160
  -18.25000000    0.04685847    0.05171402    0.00362558
  -18.16666667    0.04716547    0.05219613    0.00359954
  -18.08333333    0.04747549    0.05266898    0.00357349
  -18.00000000    0.04778858    0.05313107    0.00354744
  -17.91666667    0.04810479    0.05358293    0.00352138
  -17.83333333    0.04842416    0.05402695    0.00349532
  -17.75000000    0.04874674    0.05446611    0.00346926
  -17.66666667    0.04907257    0.05490235    0.00344321
  -17.58333333    0.04940170    0.05533572    0.00341716
  -17.50000000    0.04973420    0.05576470    0.00339114
  -17.41666667    0.05007009    0.05618759    0.00336512
  -17.33333333    0.05040944    0.05660378    0.00333913
  -17.25000000    0.05075231    0.05701436    0.00331317
  -17.16666667    0.05109874    0.05742153    0.00328723
  -17.08333333    0.05144877    0.05782736    0.00326133
  -17.00000000    0.05180250    0.05823262    0.00323547
  -16.91666667    0.05215995    0.05863656    0.00320965
  -16.83333333    0.05252119    0.05903761    0.00318388
  -16.75000000    0.05288628    0.05943458    0.00315817
  -16.66666667    0.05325528    0.05982759    0.00313252
  -16.58333333    0.05362825    0.06021804    0.00310693
  -16.50000000    0.05400527    0.06060786    0.00308141
  -16.41666667    0.05438638    0.06099831    0.00305597
  -16.33333333    0.05477165    0.06138935    0.00303062
  -16.25000000    0.05516117    0.06177983    0.00300535
  -16.16666667    0.05555499    0.06216834    0.00298019
  -16.08333333    0.05595317    0.06255427    0.00295513
  -16.00000000    0.05635581    0.06293828    0.00293018
  -15.91666667    0.05676297    0.06332193    0.00290535
  -15.83333333    0.05717472    0.06370672    0.00288064
  -15.75000000    0.05759114    0.06409327    0.00285608
  -15.66666667    0.05801231    0.06448094    0.00283165
  -15.58333333    0.05843831    0.06486843    0.00280739
  -15.50000000    0.05886923    0.06525467    0.00278328
  -15.41666667    0.05930513    0.06563961    0.00275934
  -15.33333333    0.05974613    0.06602429    0.00273559
  -15.25000000    0.06019228    0.06641023    0.00271203
  -15.16666667    0.06064370    0.06679852    0.00268867
  -15.08333333    0.06110047    0.06718913    0.00266553
  -15.00000000    0.06156268    0.06758109    0.00264261
  -14.91666667    0.06203043    0.06797313    0.00261993
  -14.83333333    0.06250382    0.06836459    0.00259749
  -14.75000000    0.06298294    0.06875594    0.00257532
  -14.66666667    0.06346791    0.06914845    0.00255343
  -14.58333333    0.06395883    0.06954348    0.00253183
  -14.50000000    0.06445579    0.06994162    0.00251053
  -14.41666667    0.06495892    0.07034235    0.00248955
  -14.33333333    0.06546833    0.07074448    0.00246890
  -14.25000000    0.06598412    0.07114696    0.00244861
  -14.16666667    0.06650643    0.07154961    0.00242868
  -14.08333333    0.06703537    0.07195330    0.00240914
  -14.00000000    0.06757106    0.07235940    0.00239000
  -13.91666667    0.06811364    0.07276897    0.00237128
  -13.83333333    0.06866323    0.07318209    0.00235300
  -13.75000000    0.06921996    0.07359789    0.00233519
  -13.66666667    0.06978398    0.07401512    0.00231786
  -13.58333333    0.07035543    0.07443307    0.00230103
  -13.50000000    0.07093443    0.07485202    0.00228474
  -13.41666667    0.07152115    0.07527315    0.00226899
  -13.33333333    0.07211574    0.07569778    0.00225382
  -13.25000000    0.07271835    0.07612658    0.00223926
  -13.16666667    0.07332913    0.07655916    0.00222532
  -13.08333333    0.07394826    0.07699438    0.00221204
  -13.00000000    0.07457590    0.07743115    0.00219944
  -12.91666667    0.07521221    0.07786913    0.00218756
  -12.83333333    0.07585739    0.07830907    0.00217643
  -12.75000000    0.07651160    0.07875230    0.00216608
  -12.66666667    0.07717504    0.07919994    0.00215655
  -12.58333333    0.07784790    0.07965224    0.00214786
  -12.50000000    0.07853036    0.08010840    0.00214007
  -12.41666667    0.07922263    0.08056717    0.00213320
  -12.33333333    0.07992492    0.08102770    0.00212729
  -12.25000000    0.08063744    0.08149012    0.00212239
  -12.16666667    0.08136040    0.08195553    0.00211855
  -12.08333333    0.08209405    0.08242529    0.00211580
  -12.00000000    0.08283858    0.08290024    0.00211419
  -11.91666667    0.08359426    0.08338013    0.00211378
  -11.83333333    0.08436132    0.08386387    0.00211462
  -11.75000000    0.08514001    0.08435025    0.00211676
  -11.66666667    0.08593059    0.08483877    0.00212025
  -11.58333333    0.08673333    0.08533002    0.00212516
  -11.50000000    0.08754848    0.08582536    0.00213155
  -11.41666667    0.08837634    0.08632604    0.00213948
  -11.33333333    0.08921721    0.08683250    0.00214902
  -11.25000000    0.09007135    0.08734405    0.00216024
  -11.16666667    0.09093909    0.08785942    0.00217320
  -11.08333333    0.09182075    0.08837756    0.00218800
  -11.00000000    0.09271663    0.08889842    0.00220471
  -10.91666667    0.09362708    0.08942301    0.00222341
  -10.83333333    0.09455245    0.08995280    0.00224419
  -10.75000000    0.09549307    0.09048883    0.00226715
  -10.66666667    0.09644931    0.09103105    0.00229237
  -10.58333333    0.09742158    0.09157843    0.00231997
  -10.50000000    0.09841022    0.09212960    0.00235004
  -10.41666667    0.09941565    0.09268384    0.00238269
  -10.33333333    0.10043829    0.09324158    0.00241805
  -10.25000000    0.10147854    0.09380417    0.00245624
  -10.16666667    0.10253686    0.09437307    0.00249737
  -10.08333333    0.10361370    0.09494896    0.00254160
  -10.00000000    0.10470951    0.09553131    0.00258905
   -9.91666667    0.10582478    0.09611879    0.00263987
   -9.83333333    0.10696001    0.09671014    0.00269422
   -9.75000000    0.10811569    0.09730506    0.00275227
   -9.66666667    0.10929237    0.09790444    0.00281418
   -9.58333333    0.11049061    0.09850987    0.00288013
   -9.50000000    0.11171093    0.09912266    0.00295031
   -9.41666667    0.11295393    0.09974302    0.00302493
   -9.33333333    0.11422023    0.10036997    0.00310418
   -9.25000000    0.11551042    0.10100200    0.00318830
   -9.16666667    0.11682516    0.10163810    0.00327752
   -9.08333333    0.11816512    0.10227846    0.00337207
   -9.00000000    0.11953095    0.10292442    0.00347222
   -8.91666667    0.12092339    0.10357766    0.00357824
   -8.83333333    0.12234316    0.10423917    0.00369042
   -8.75000000    0.12379101    0.10490864    0.00380906
   -8.66666667    0.12526772    0.10558470    0.00393448
   -8.58333333    0.12677413    0.10626580    0.00406702
   -8.50000000    0.12831102    0.10695133    0.00420703
   -8.41666667    0.12987929    0.10764200    0.00435490
   -8.33333333    0.13147984    0.10833950    0.00451103
   -8.25000000    0.13311357    0.10904546    0.00467583
   -8.16666667    0.13478143    0.10976041    0.00484976
   -8.08333333    0.13648445    0.11048349    0.00503329
   -8.00000000    0.13822361    0.11121301    0.00522693
   -7.91666667    0.13999998    0.11194758    0.00543120
   -7.83333333    0.14181465    0.11268706    0.00564667
   -7.75000000    0.14366876    0.11343272    0.00587395
   -7.66666667    0.14556347    0.11418646    0.00611368
   -7.58333333    0.14749998    0.11494967    0.00636652
   -7.50000000    0.14947956    0.11572230    0.00663322
   -7.41666667    0.15150348    0.11650294    0.00691452
   -7.33333333    0.15357308    0.11728972    0.00721124
   -7.25000000    0.15568974    0.11808155    0.00752427
   -7.16666667    0.15785489    0.11887888    0.00785452
   -7.08333333    0.16006997    0.11968344    0.00820298
   -7.00000000    0.16233653    0.12049721    0.00857071
   -6.91666667    0.16465611    0.12132111    0.00895883
   -6.83333333    0.16703032    0.12215444    0.00936855
   -6.75000000    0.16946083    0.12299526    0.00980114
   -6.66666667    0.17194934    0.12384169    0.01025799
   -6.58333333    0.17449760    0.12469307    0.01074057
   -6.50000000    0.17710744    0.12555047    0.01125044
   -6.41666667    0.17978069    0.12641600    0.01178929
   -6.33333333    0.18251923    0.12729145    0.01235893
   -6.25000000    0.18532505    0.12817710    0.01296131
   -6.16666667    0.18820010    0.12907148    0.01359848
   -6.08333333    0.19114639    0.12997223    0.01427270
   -6.00000000    0.19416602    0.13087757    0.01498635
   -5.91666667    0.19726105    0.13178743    0.01574200
   -5.83333333    0.20043359    0.13270345    0.01654244
   -5.75000000    0.20368579    0.13362790    0.01739063
   -5.66666667    0.20701978    0.13456213    0.01828978
   -5.58333333    0.21043768    0.13550553    0.01924332
   -5.50000000    0.21394163    0.13645579    0.02025498
   -5.41666667    0.21753372    0.13741017    0.02132875
   -5.33333333    0.22121596    0.13836717    0.02246890
   -5.25000000    0.22499036    0.13932730    0.02368009
   -5.16666667    0.22885879    0.14029266    0.02496727
   -5.08333333    0.23282297    0.14126536    0.02633578
   -5.00000000    0.23688455    0.14224591    0.02779140
   -4.91666667    0.24104490    0.14323252    0.02934029
   -4.83333333    0.24530516    0.14422191    0.03098905
   -4.75000000    0.24966624    0.14521100    0.03274478
   -4.66666667    0.25412861    0.14619856    0.03461505
   -4.58333333    0.25869232    0.14718562    0.03660791
   -4.50000000    0.26335699    0.14817438    0.03873193
   -4.41666667    0.26812156    0.14916626    0.04099616
   -4.33333333    0.27298422    0.15016032    0.04341009
   -4.25000000    0.27794244    0.15115313    0.04598367
   -4.16666667    0.28299261    0.15214011    0.04872717
   -4.08333333    0.28812998    0.15311770    0.05165106
   -4.00000000    0.29334857    0.15408472    0.05476594
   -3.91666667    0.29864075    0.15504226    0.05808218
   -3.83333333    0.30399721    0.15599183    0.06160972
   -3.75000000    0.30940658    0.15693316    0.06535759
   -3.66666667    0.31485518    0.15786278    0.06933341
   -3.58333333    0.32032676    0.15877463    0.07354268
   -3.50000000    0.32580201    0.15966207    0.07798786
   -3.41666667    0.33125837    0.16052026    0.08266733
   -3.33333333    0.33666951    0.16134718    0.08757400
   -3.25000000    0.34200493    0.16214264    0.09269362
   -3.16666667    0.34722959    0.16290573    0.09800296
   -3.08333333    0.35230347    0.16363227    0.10346761
   -3.00000000    0.35718110    0.16431393    0.10903956
   -2.91666667    0.36181134    0.16493971    0.11465490
   -2.83333333    0.36613698    0.16549866    0.12023154
   -2.75000000    0.37009458    0.16598236    0.12566748
   -2.66666667    0.37361448    0.16638522    0.13084015
   -2.58333333    0.37662091    0.16670231    0.13560715
   -2.50000000    0.37903239    0.16692594    0.13980914
   -2.41666667    0.38076245    0.16704299    0.14327542
   -2.33333333    0.38172062    0.16703484    0.14583237
   -2.25000000    0.38181386    0.16687991    0.14731466
   -2.16666667    0.38094836    0.16655731    0.14757853
   -2.08333333    0.37903170    0.16604906    0.14651567
   -2.00000000    0.37597552    0.16533924    0.14406578
   -1.91666667    0.37169829    0.16441025    0.14022566
   -1.83333333    0.36612846    0.16323831    0.13505303
   -1.75000000    0.35920759    0.16179101    0.12866396
   -1.66666667    0.35089341    0.16002872    0.12122441
   -1.58333333    0.34116267    0.15790909    0.11293678
   -1.50000000    0.33001344    0.15539199    0.10402401
   -1.41666667    0.31746694    0.15244155    0.09471356
   -1.33333333    0.30356858    0.14902370    0.08522334
   -1.25000000    0.28838815    0.14510059    0.07575095
   -1.16666667    0.27201926    0.14062531    0.06646707
   -1.08333333    0.25457785    0.13554134    0.05751248
   -1.00000000    0.23619979    0.12978801    0.04899822
   -0.91666667    0.21703791    0.12331021    0.04100823
   -0.83333333    0.19725816    0.11606715    0.03360315
   -0.75000000    0.17703552    0.10803508    0.02682500
   -0.66666667    0.15654929    0.09920197    0.02070186
   -0.58333333    0.13597854    0.08955734    0.01525243
   -0.50000000    0.11549755    0.07908457    0.01049014
   -0.41666667    0.09527150    0.06776326    0.00642688
   -0.33333333    0.07545285    0.05558562    0.00307622
   -0.25000000    0.05617826    0.04258310    0.00045641
   -0.16666667    0.03756646    0.02885337   -0.00140691
   -0.08333333    0.01971679    0.01457490   -0.00247810
    0.00000000    0.00270874    0.00000000    0.00270874
    0.08333333   -0.01339783   -0.01457490    0.00203477
    0.16666667   -0.02856184   -0.02885337    0.00037318
    0.25000000   -0.04275956   -0.04258310   -0.00238173
    0.33333333   -0.05598284   -0.05558562   -0.00636291
    0.41666667   -0.06823715   -0.06776326   -0.01173583
    0.50000000   -0.07953942   -0.07908457   -0.01870496
    0.58333333   -0.08991605   -0.08955734   -0.02752126
    0.66666667   -0.09940082   -0.09920197   -0.03849116
    0.75000000   -0.10803315   -0.10803508   -0.05198657
    0.83333333   -0.11585639   -0.11606715   -0.06845601
    0.91666667   -0.12291647   -0.12331021   -0.08843573
    1.00000000   -0.12926057   -0.12978801   -0.11255922
    1.08333333   -0.13493627   -0.13554134   -0.14156210
    1.16666667   -0.13999061   -0.14062531   -0.17627666
    1.25000000   -0.14446954   -0.14510059   -0.21760760
    1.33333333   -0.14841743   -0.14902370   -0.26647503
    1.41666667   -0.15187669   -0.15244155   -0.32370714
    1.50000000   -0.15488757   -0.15539199   -0.38986159
    1.58333333   -0.15748802   -0.15790909   -0.46495813
    1.66666667   -0.15971360   -0.16002872   -0.54812934
    1.75000000   -0.16159749   -0.16179101   -0.63724257
    1.83333333   -0.16317048   -0.16323831   -0.72862121
    1.91666667   -0.16446111   -0.16441025   -0.81706929
    2.00000000   -0.16549568   -0.16533924   -0.89639534
    2.08333333   -0.16629842   -0.16604906   -0.96046904
    2.16666667   -0.16689156   -0.16655731   -1.00454633
    2.25000000   -0.16729548   -0.16687991   -1.02634272
    2.33333333   -0.16752882   -0.16703484   -1.02639031
    2.41666667   -0.16760861   -0.16704299   -1.00757305
    2.50000000   -0.16755037   -0.16692594   -0.97414775
    2.58333333   -0.16736828   -0.16670231   -0.93070816
    2.66666667   -0.16707521   -0.16638522   -0.88142287
    2.75000000   -0.16668288   -0.16598236   -0.82964525
    2.83333333   -0.16620196   -0.16549866   -0.77782566
    2.91666667   -0.16564211   -0.16493971   -0.72760490
    3.00000000   -0.16501213   -0.16431393   -0.67998097
    3.08333333   -0.16431998   -0.16363227   -0.63548116
    3.16666667   -0.16357290   -0.16290573   -0.59431059
    3.25000000   -0.16277743   -0.16214264   -0.55646669
    3.33333333   -0.16193952   -0.16134718   -0.52182068
    3.41666667   -0.16106454   -0.16052026   -0.49017425
    3.50000000   -0.16015736   -0.15966207   -0.46129672
    3.58333333   -0.15922239   -0.15877463   -0.43494788
    3.66666667   -0.15826361   -0.15786278   -0.41089233
    3.75000000   -0.15728463   -0.15693316   -0.38890755
    3.83333333   -0.15628870   -0.15599183   -0.36878755
    3.91666667   -0.15527877   -0.15504226   -0.35034455
    4.00000000   -0.15425750   -0.15408472   -0.33340923
    4.08333333   -0.15322727   -0.15311770   -0.31782955
    4.16666667   -0.15219027   -0.15214011   -0.30346994
    4.25000000   -0.15114842   -0.15115313   -0.29020939
    4.33333333   -0.15010348   -0.15016032   -0.27794045
    4.41666667   -0.14905703   -0.14916626   -0.26656760
    4.50000000   -0.14801048   -0.14817438   -0.25600571
    4.58333333   -0.14696511   -0.14718562   -0.24617921
    4.66666667   -0.14592206   -0.14619856   -0.23702080
    4.75000000   -0.14488233   -0.14521100   -0.22847031
    4.83333333   -0.14384684   -0.14422191   -0.22047416
    4.91666667   -0.14281642   -0.14323252   -0.21298443
    5.00000000   -0.14179176   -0.14224591   -0.20595805
    5.08333333   -0.14077351   -0.14126536   -0.19935652
    5.16666667   -0.13976225   -0.14029266   -0.19314521
    5.25000000   -0.13875845   -0.13932730   -0.18729282
    5.33333333   -0.13776257   -0.13836717   -0.18177124
    5.41666667   -0.13677499   -0.13741017   -0.17655505
    5.50000000   -0.13579603   -0.13645579   -0.17162114
    5.58333333   -0.13482598   -0.13550553   -0.16694865
    5.66666667   -0.13386510   -0.13456213   -0.16251862
    5.75000000   -0.13291357   -0.13362790   -0.15831373
    5.83333333   -0.13197158   -0.13270345   -0.15431826
    5.91666667   -0.13103927   -0.13178743   -0.15051785
    6.00000000   -0.13011676   -0.13087757   -0.14689932
    6.08333333   -0.12920413   -0.12997223   -0.14345064
    6.16666667   -0.12830145   -0.12907148   -0.14016080
    6.25000000   -0.12740877   -0.12817710   -0.13701960
    6.33333333   -0.12652611   -0.12729145   -0.13401775
    6.41666667   -0.12565349   -0.12641600   -0.13114667
    6.50000000   -0.12479090   -0.12555047   -0.12839838
    6.58333333   -0.12393833   -0.12469307   -0.12576558
    6.66666667   -0.12309575   -0.12384169   -0.12324153
    6.75000000   -0.12226310   -0.12299526   -0.12081990
    6.83333333   -0.12144036   -0.12215444   -0.11849491
    6.91666667   -0.12062745   -0.12132111   -0.11626117
    7.00000000   -0.11982431   -0.12049721   -0.11411363
    7.08333333   -0.11903086   -0.11968344   -0.11204765
    7.16666667   -0.11824704   -0.11887888   -0.11005889
    7.25000000   -0.11747274   -0.11808155   -0.10814327
    7.33333333   -0.11670789   -0.11728972   -0.10629701
    7.41666667   -0.11595239   -0.11650294   -0.10451661
    7.50000000   -0.11520614   -0.11572230   -0.10279872
    7.58333333   -0.11446904   -0.11494967   -0.10114028
    7.66666667   -0.11374100   -0.11418646   -0.09953837
    7.75000000   -0.11302190   -0.11343272   -0.09799028
    7.83333333   -0.11231163   -0.11268706   -0.09649345
    7.91666667   -0.11161010   -0.11194758   -0.09504550
    8.00000000   -0.11091719   -0.11121301   -0.09364415
    8.08333333   -0.11023279   -0.11048349   -0.09228729
    8.16666667   -0.10955678   -0.10976041   -0.09097291
    8.25000000   -0.10888907   -0.10904546   -0.08969916
    8.33333333   -0.10822954   -0.10833950   -0.08846423
    8.41666667   -0.10757807   -0.10764200   -0.08726644
    8.50000000   -0.10693456   -0.10695133   -0.08610422
    8.58333333   -0.10629889   -0.10626580   -0.08497608
    8.66666667   -0.10567095   -0.10558470   -0.08388057
    8.75000000   -0.10505064   -0.10490864   -0.08281639
    8.83333333   -0.10443785   -0.10423917   -0.08178224
    8.91666667   -0.10383246   -0.10357766   -0.08077691
    9.00000000   -0.10323437   -0.10292442   -0.07979928
    9.08333333   -0.10264347   -0.10227846   -0.07884825
    9.16666667   -0.10205965   -0.10163810   -0.07792279
    9.25000000   -0.10148282   -0.10100200   -0.07702192
    9.33333333   -0.10091287   -0.10036997   -0.07614473
    9.41666667   -0.10034968   -0.09974302   -0.07529029
    9.50000000   -0.09979318   -0.09912266   -0.07445781
    9.58333333   -0.09924325   -0.09850987   -0.07364645
    9.66666667   -0.09869980   -0.09790444   -0.07285545
    9.75000000   -0.09816272   -0.09730506   -0.07208409
    9.83333333   -0.09763193   -0.09671014   -0.07133167
    9.91666667   -0.09710732   -0.09611879   -0.07059753
   10.00000000   -0.09658881   -0.09553131   -0.06988103
   10.08333333   -0.09607631   -0.09494896   -0.06918156
   10.16666667   -0.09556971   -0.09437307   -0.06849855
   10.25000000   -0.09506893   -0.09380417   -0.06783144
   10.33333333   -0.09457389   -0.09324158   -0.06717971
   10.41666667   -0.09408449   -0.09268384   -0.06654284
   10.50000000   -0.09360066   -0.09212960   -0.06592035
   10.58333333   -0.09312231   -0.09157843   -0.06531178
   10.66666667   -0.09264935   -0.09103105   -0.06471668
   10.75000000   -0.09218170   -0.09048883   -0.06413462
   10.83333333   -0.09171929   -0.08995280   -0.06356520
   10.91666667   -0.09126203   -0.08942301   -0.06300801
   11.00000000   -0.09080984   -0.08889842   -0.06246269
   11.08333333   -0.09036266   -0.08837756   -0.06192887
   11.16666667   -0.08992040   -0.08785942   -0.06140619
   11.25000000   -0.08948300   -0.08734405   -0.06089434
   11.33333333   -0.08905038   -0.08683250   -0.06039299
   11.41666667   -0.08862246   -0.08632604   -0.05990182
   11.50000000   -0.08819918   -0.08582536   -0.05942055
   11.58333333   -0.08778047   -0.08533002   -0.05894887
   11.66666667   -0.08736626   -0.08483877   -0.05848653
   11.75000000   -0.08695648   -0.08435025   -0.05803325
   11.83333333   -0.08655108   -0.08386387   -0.05758878
   11.91666667   -0.08614997   -0.08338013   -0.05715286
   12.00000000   -0.08575312   -0.08290024   -0.05672528
   12.08333333   -0.08536044   -0.08242529   -0.05630579
   12.16666667   -0.08497187   -0.08195553   -0.05589418
   12.25000000   -0.08458737   -0.08149012   -0.05549023
   12.33333333   -0.08420686   -0.08102770   -0.05509373
   12.41666667   -0.08383030   -0.08056717   -0.05470449
   12.50000000   -0.08345762   -0.08010840   -0.05432233
   12.58333333   -0.08308877   -0.07965224   -0.05394704
   12.66666667   -0.08272368   -0.07919994   -0.05357846
   12.75000000   -0.08236232   -0.07875230   -0.05321641
   12.83333333   -0.08200463   -0.07830907   -0.05286072
   12.91666667   -0.08165055   -0.07786913   -0.05251124
   13.00000000   -0.08130003   -0.07743115   -0.05216780
   13.08333333   -0.08095302   -0.07699438   -0.05183027
   13.16666667   -0.08060947   -0.07655916   -0.05149847
   13.25000000   -0.08026934   -0.07612658   -0.05117229
   13.33333333   -0.07993257   -0.07569778   -0.05085159
   13.41666667   -0.07959912   -0.07527315   -0.05053622
   13.50000000   -0.07926894   -0.07485202   -0.05022606
   13.58333333   -0.07894199   -0.07443307   -0.04992099
   13.66666667   -0.07861822   -0.07401512   -0.04962088
   13.75000000   -0.07829758   -0.07359789   -0.04932562
   13.83333333   -0.07798005   -0.07318209   -0.04903510
   13.91666667   -0.07766556   -0.07276897   -0.04874921
   14.00000000   -0.07735408   -0.07235940   -0.04846783
   14.08333333   -0.07704557   -0.07195330   -0.04819088
   14.16666667   -0.07673999   -0.07154961   -0.04791823
   14.25000000   -0.07643730   -0.07114696   -0.04764981
   14.33333333   -0.07613747   -0.07074448   -0.04738551
   14.41666667   -0.07584043   -0.07034235   -0.04712524
   14.50000000   -0.07554618   -0.06994162   -0.04686892
   14.58333333   -0.07525466   -0.06954348   -0.04661646
   14.66666667   -0.07496584   -0.06914845   -0.04636776
   14.75000000   -0.07467969   -0.06875594   -0.04612276
   14.83333333   -0.07439617   -0.06836459   -0.04588138
   14.91666667   -0.07411524   -0.06797313   -0.04564352
   15.00000000   -0.07383687   -0.06758109   -0.04540913
   15.08333333   -0.07356103   -0.06718913   -0.04517812
   15.16666667   -0.07328768   -0.06679852   -0.04495043
   15.25000000   -0.07301679   -0.06641023   -0.04472598
   15.33333333   -0.07274834   -0.06602429   -0.04450472
   15.41666667   -0.07248228   -0.06563961   -0.04428657
   15.50000000   -0.07221859   -0.06525467   -0.04407147
   15.58333333   -0.07195723   -0.06486843   -0.04385937
   15.66666667   -0.07169818   -0.06448094   -0.04365018
   15.75000000   -0.07144142   -0.06409327   -0.04344387
   15.83333333   -0.07118690   -0.06370672   -0.04324038
   15.91666667   -0.07093459   -0.06332193   -0.04303964
   16.00000000   -0.07068449   -0.06293828   -0.04284160
   16.08333333   -0.07043654   -0.06255427   -0.04264621
   16.16666667   -0.07019074   -0.06216834   -0.04245343
   16.25000000   -0.06994704   -0.06177983   -0.04226319
   16.33333333   -0.06970543   -0.06138935   -0.04207545
   16.41666667   -0.06946588   -0.06099831   -0.04189016
   16.50000000   -0.06922836   -0.06060786   -0.04170728
   16.58333333   -0.06899285   -0.06021804   -0.04152676
   16.66666667   -0.06875933   -0.05982759   -0.04134856
   16.75000000   -0.06852776   -0.05943458   -0.04117262
   16.83333333   -0.06829813   -0.05903761   -0.04099892
   16.91666667   -0.06807042   -0.05863656   -0.04082741
   17.00000000   -0.06784459   -0.05823262   -0.04065804
   17.08333333   -0.06762062   -0.05782736   -0.04049078
   17.16666667   -0.06739851   -0.05742153   -0.04032560
   17.25000000   -0.06717821   -0.05701436   -0.04016246
   17.33333333   -0.06695971   -0.05660378   -0.04000130
   17.41666667   -0.06674300   -0.05618759   -0.03984212
   17.50000000   -0.06652803   -0.05576470   -0.03968486
   17.58333333   -0.06631481   -0.05533572   -0.03952949
   17.66666667   -0.06610330   -0.05490235   -0.03937599
   17.75000000   -0.06589349   -0.05446611   -0.03922431
   17.83333333   -0.06568535   -0.05402695   -0.03907443
   17.91666667   -0.06547888   -0.05358293   -0.03892631
   18.00000000   -0.06527404   -0.05313107   -0.03877993
   18.08333333   -0.06507081   -0.05266898   -0.03863525
   18.16666667   -0.06486920   -0.05219613   -0.03849226
   18.25000000   -0.06466915   -0.05171402   -0.03835091
   18.33333333   -0.06447068   -0.05122487   -0.03821117
   18.41666667   -0.06427375   -0.05072971   -0.03807304
   18.50000000   -0.06407834   -0.05022711   -0.03793647
   18.58333333   -0.06388445   -0.04971335   -0.03780144
   18.66666667   -0.06369205   -0.04918424   -0.03766793
   18.75000000   -0.06350113   -0.04863739   -0.03753591
   18.83333333   -0.06331167   -0.04807341   -0.03740535
   18.91666667   -0.06312365   -0.04749532   -0.03727624
   19.00000000   -0.06293706   -0.04690602   -0.03714854
   19.08333333   -0.06275188   -0.04630560   -0.03702225
   19.16666667   -0.06256811   -0.04569009   -0.03689733
   19.25000000   -0.06238570   -0.04505281   -0.03677376
   19.33333333   -0.06220467   -0.04438797   -0.03665152
   19.41666667   -0.06202499   -0.04369431   -0.03653059
   19.50000000   -0.06184664   -0.04297665   -0.03641096
   19.58333333   -0.06166961   -0.04224368   -0.03629259
   19.66666667   -0.06149389   -0.04150265   -0.03617547
   19.75000000   -0.06131946   -0.04075356   -0.03605958
   19.83333333   -0.06114631   -0.03998597   -0.03594491
   19.91666667   -0.06097443   -0.03918098   -0.03583143
   20.00000000   -0.06080380   -0.03831803   -0.03571912
