  -20.00000000    0.04525673    0.04057900    0.00459942
  -19.91666667    0.04551934    0.04147052    0.00457775
  -19.83333333    0.04578426    0.04229557    0.00455603
  -19.75000000    0.04605153    0.04308481    0.00453426
  -19.66666667    0.04632117    0.04386447    0.00451245
  -19.58333333    0.04659321    0.04464725    0.00449060
  -19.50000000    0.04686769    0.04543058    0.00446870
  -19.41666667    0.04714464    0.04620190    0.00444676
  -19.33333333    0.04742408    0.04694745    0.00442478
  -19.25000000    0.04770607    0.04765984    0.00440276
  -19.16666667    0.04799063    0.04834080    0.00438071
  -19.08333333    0.04827778    0.04899860    0.00435862
  -19.00000000    0.04856758    0.04964250    0.00433649
  -18.91666667    0.04886005    0.05027753    0.00431433
  -18.83333333    0.04915523    0.05090275    0.00429214
  -18.75000000    0.04945316    0.05151316    0.00426992
  -18.66666667    0.04975388    0.05210383    0.00424768
  -18.58333333    0.05005742    0.05267348    0.00422540
  -18.50000000    0.05036384    0.05322541    0.00420310
  -18.41666667    0.05067316    0.05376551    0.00418078
  -18.33333333    0.05098541    0.05429893    0.00415845
  -18.25000000    0.05130067    0.05482744    0.00413609
  -18.16666667    0.05161895    0.05534915    0.00411371
  -18.08333333    0.05194030    0.05586042    0.00409133
  -18.00000000    0.05226477    0.05635873    0.00406893
  -17.91666667    0.05259241    0.05684455    0.00404652
  -17.83333333    0.05292324    0.05732124    0.00402411
  -17.75000000    0.05325734    0.05779304    0.00400170
  -17.66666667    0.05359474    0.05826273    0.00397928
  -17.58333333    0.05393548    0.05873028    0.00395687
  -17.50000000    0.05427963    0.05919331    0.00393446
  -17.41666667    0.05462723    0.05964905    0.00391206
  -17.33333333    0.05497833    0.06009637    0.00388967
  -17.25000000    0.05533298    0.06053662    0.00386730
  -17.16666667    0.05569124    0.06097291    0.00384494
  -17.08333333    0.05605315    0.06140826    0.00382261
  -17.00000000    0.05641879    0.06184387    0.00380030
  -16.91666667    0.05678820    0.06227866    0.00377803
  -16.83333333    0.05716143    0.06271024    0.00375579
  -16.75000000    0.05753856    0.06313667    0.00373358
  -16.66666667    0.05791963    0.06355781    0.00371142
  -16.58333333    0.05830471    0.06397555    0.00368930
  -16.50000000    0.05869387    0.06439261    0.00366724
  -16.41666667    0.05908716    0.06481096    0.00364523
  -16.33333333    0.05948464    0.06523069    0.00362329
  -16.25000000    0.05988641    0.06565017    0.00360141
  -16.16666667    0.06029250    0.06606726    0.00357960
  -16.08333333    0.06070299    0.06648081    0.00355787
  -16.00000000    0.06111797    0.06689150    0.00353622
  -15.91666667    0.06153748    0.06730142    0.00351466
  -15.83333333    0.06196162    0.06771283    0.00349320
  -15.75000000    0.06239045    0.06812677    0.00347184
  -15.66666667    0.06282405    0.06854253    0.00345059
  -15.58333333    0.06326250    0.06895825    0.00342946
  -15.50000000    0.06370588    0.06937223    0.00340845
  -15.41666667    0.06415427    0.06978410    0.00338757
  -15.33333333    0.06460776    0.07019511    0.00336682
  -15.25000000    0.06506643    0.07060736    0.00334623
  -15.16666667    0.06553036    0.07102252    0.00332579
  -15.08333333    0.06599965    0.07144083    0.00330551
  -15.00000000    0.06647439    0.07186105    0.00328541
  -14.91666667    0.06695466    0.07228134    0.00326548
  -14.83333333    0.06744058    0.07270055    0.00324575
  -14.75000000    0.06793222    0.07311901    0.00322623
  -14.66666667    0.06842970    0.07353835    0.00320691
  -14.58333333    0.06893311    0.07396047    0.00318782
  -14.50000000    0.06944256    0.07438643    0.00316896
  -14.41666667    0.06995815    0.07481576    0.00315035
  -14.33333333    0.07048000    0.07524691    0.00313200
  -14.25000000    0.07100821    0.07567830    0.00311392
  -14.16666667    0.07154290    0.07610939    0.00309612
  -14.08333333    0.07208419    0.07654108    0.00307863
  -14.00000000    0.07263219    0.07697517    0.00306144
  -13.91666667    0.07318702    0.07741322    0.00304459
  -13.83333333    0.07374882    0.07785564    0.00302807
  -13.75000000    0.07431771    0.07830144    0.00301192
  -13.66666667    0.07489381    0.07874896    0.00299614
  -13.58333333    0.07547728    0.07919701    0.00298076
  -13.50000000    0.07606823    0.07964567    0.00296578
  -13.41666667    0.07666681    0.08009628    0.00295124
  -13.33333333    0.07727318    0.08055063    0.00293714
  -13.25000000    0.07788747    0.08100982    0.00292351
  -13.16666667    0.07850983    0.08147363    0.00291038
  -13.08333333    0.07914043    0.08194070    0.00289775
  -13.00000000    0.07977942    0.08240948    0.00288566
  -12.91666667    0.08042696    0.08287926    0.00287413
  -12.83333333    0.08108322    0.08335071    0.00286319
  -12.75000000    0.08174837    0.08382545    0.00285285
  -12.66666667    0.08242259    0.08430507    0.00284315
  -12.58333333    0.08310606    0.08479015    0.00283411
  -12.50000000    0.08379896    0.08527990    0.00282576
  -12.41666667    0.08450148    0.08577277    0.00281814
  -12.33333333    0.08521382    0.08626747    0.00281127
  -12.25000000    0.08593617    0.08676388    0.00280519
  -12.16666667    0.08666874    0.08726314    0.00279993
  -12.08333333    0.08741174    0.08776699    0.00279553
  -12.00000000    0.08816538    0.08827667    0.00279203
  -11.91666667    0.08892989    0.08879217    0.00278945
  -11.83333333    0.08970550    0.08931229    0.00278786
  -11.75000000    0.09049243    0.08983546    0.00278727
  -11.66666667    0.09129092    0.09036079    0.00278775
  -11.58333333    0.09210124    0.09088873    0.00278934
  -11.50000000    0.09292361    0.09142081    0.00279208
  -11.41666667    0.09375830    0.09195869    0.00279603
  -11.33333333    0.09460559    0.09250315    0.00280123
  -11.25000000    0.09546574    0.09305362    0.00280775
  -11.16666667    0.09633903    0.09360860    0.00281564
  -11.08333333    0.09722576    0.09416669    0.00282496
  -11.00000000    0.09812622    0.09472751    0.00283577
  -10.91666667    0.09904071    0.09529205    0.00284814
  -10.83333333    0.09996957    0.09586206    0.00286214
  -10.75000000    0.10091309    0.09643895    0.00287784
  -10.66666667    0.10187162    0.09702298    0.00289531
  -10.58333333    0.10284551    0.09761306    0.00291464
  -10.50000000    0.10383509    0.09820758    0.00293591
  -10.41666667    0.10484073    0.09880544    0.00295920
  -10.33333333    0.10586281    0.09940685    0.00298460
  -10.25000000    0.10690170    0.10001327    0.00301222
  -10.16666667    0.10795780    0.10062647    0.00304214
  -10.08333333    0.10903153    0.10124750    0.00307448
  -10.00000000    0.11012328    0.10187601    0.00310935
   -9.91666667    0.11123350    0.10251054    0.00314685
   -9.83333333    0.11236263    0.10314950    0.00318712
   -9.75000000    0.11351111    0.10379228    0.00323028
   -9.66666667    0.11467943    0.10443968    0.00327646
   -9.58333333    0.11586806    0.10509346    0.00332581
   -9.50000000    0.11707750    0.10575530    0.00337848
   -9.41666667    0.11830825    0.10642570    0.00343461
   -9.33333333    0.11956088    0.10710375    0.00349439
   -9.25000000    0.12083587    0.10778774    0.00355797
   -9.16666667    0.12213383    0.10847632    0.00362554
   -9.08333333    0.12345532    0.10916942    0.00369730
   -9.00000000    0.12480092    0.10986840    0.00377345
   -8.91666667    0.12617126    0.11057521    0.00385420
   -8.83333333    0.12756698    0.11129118    0.00393978
   -8.75000000    0.12898870    0.11201623    0.00403043
   -8.66666667    0.13043710    0.11274894    0.00412640
   -8.58333333    0.13191288    0.11348751    0.00422796
   -8.50000000    0.13341673    0.11423098    0.00433539
   -8.41666667    0.13494940    0.11497992    0.00444900
   -8.33333333    0.13651165    0.11573613    0.00456910
   -8.25000000    0.13810422    0.11650155    0.00469602
   -8.16666667    0.13972793    0.11727703    0.00483013
   -8.08333333    0.14138362    0.11806183    0.00497179
   -8.00000000    0.14307210    0.11885412    0.00512142
   -7.91666667    0.14479427    0.11965220    0.00527943
   -7.83333333    0.14655100    0.12045566    0.00544629
   -7.75000000    0.14834324    0.12126569    0.00562247
   -7.66666667    0.15017192    0.12208442    0.00580848
   -7.58333333    0.15203802    0.12291354    0.00600487
   -7.50000000    0.15394255    0.12375327    0.00621223
   -7.41666667    0.15588652    0.12460221    0.00643117
   -7.33333333    0.15787100    0.12545826    0.00666235
   -7.25000000    0.15989707    0.12632002    0.00690648
   -7.16666667    0.16196585    0.12718770    0.00716432
   -7.08333333    0.16407846    0.12806310    0.00743666
   -7.00000000    0.16623609    0.12894844    0.00772439
   -6.91666667    0.16843992    0.12984496    0.00802841
   -6.83333333    0.17069115    0.13075209    0.00834973
   -6.75000000    0.17299106    0.13166783    0.00868940
   -6.66666667    0.17534090    0.13258996    0.00904857
   -6.58333333    0.17774196    0.13351755    0.00942847
   -6.50000000    0.18019555    0.13445152    0.00983041
   -6.41666667    0.18270302    0.13539408    0.01025582
   -6.33333333    0.18526567    0.13634732    0.01070622
   -6.25000000    0.18788491    0.13731176    0.01118328
   -6.16666667    0.19056208    0.13828597    0.01168876
   -6.08333333    0.19329853    0.13926735    0.01222460
   -6.00000000    0.19609568    0.14025380    0.01279288
   -5.91666667    0.19895486    0.14124493    0.01339585
   -5.83333333    0.20187740    0.14224234    0.01403595
   -5.75000000    0.20486465    0.14324845    0.01471585
   -5.66666667    0.20791789    0.14426486    0.01543840
   -5.58333333    0.21103835    0.14529109    0.01620674
   -5.50000000    0.21422723    0.14632471    0.01702427
   -5.41666667    0.21748563    0.14736264    0.01789470
   -5.33333333    0.22081455    0.14840295    0.01882206
   -5.25000000    0.22421492    0.14944592    0.01981075
   -5.16666667    0.22768751    0.15049359    0.02086560
   -5.08333333    0.23123288    0.15154824    0.02199184
   -5.00000000    0.23485150    0.15261050    0.02319524
   -4.91666667    0.23854353    0.15367854    0.02448208
   -4.83333333    0.24230886    0.15474874    0.02585926
   -4.75000000    0.24614714    0.15581752    0.02733432
   -4.66666667    0.25005759    0.15688319    0.02891555
   -4.58333333    0.25403901    0.15794647    0.03061199
   -4.50000000    0.25808979    0.15900950    0.03243362
   -4.41666667    0.26220765    0.16007372    0.03439129
   -4.33333333    0.26638973    0.16113812    0.03649692
   -4.25000000    0.27063243    0.16219891    0.03876353
   -4.16666667    0.27493130    0.16325092    0.04120532
   -4.08333333    0.27928088    0.16428984    0.04383768
   -4.00000000    0.28367470    0.16531389    0.04667735
   -3.91666667    0.28810497    0.16632374    0.04974228
   -3.83333333    0.29256254    0.16732067    0.05305169
   -3.75000000    0.29703663    0.16830413    0.05662586
   -3.66666667    0.30151471    0.16927021    0.06048594
   -3.58333333    0.30598224    0.17021203    0.06465353
   -3.50000000    0.31042241    0.17112194    0.06914998
   -3.41666667    0.31481592    0.17199405    0.07399551
   -3.33333333    0.31914076    0.17282547    0.07920775
   -3.25000000    0.32337179    0.17361534    0.08479977
   -3.16666667    0.32748059    0.17436212    0.09077744
   -3.08333333    0.33143509    0.17506091    0.09713575
   -3.00000000    0.33519927    0.17570233    0.10385402
   -2.91666667    0.33873294    0.17627400    0.11089002
   -2.83333333    0.34199146    0.17676349    0.11817275
   -2.75000000    0.34492554    0.17716099    0.12559416
   -2.66666667    0.34748113    0.17745975    0.13300093
   -2.58333333    0.34959945    0.17765393    0.14018714
   -2.50000000    0.35121700    0.17773488    0.14689032
   -2.41666667    0.35226594    0.17768836    0.15279415
   -2.33333333    0.35267453    0.17749434    0.15754076
   -2.25000000    0.35236790    0.17712972    0.16075579
   -2.16666667    0.35126906    0.17657228    0.16208663
   -2.08333333    0.34930023    0.17580313    0.16125022
   -2.00000000    0.34638459    0.17480599    0.15808181
   -1.91666667    0.34244827    0.17356327    0.15257267
   -1.83333333    0.33742274    0.17205138    0.14488495
   -1.75000000    0.33124739    0.17023821    0.13533706
   -1.66666667    0.32387243    0.16808464    0.12436256
   -1.58333333    0.31526169    0.16554943    0.11245280
   -1.50000000    0.30539541    0.16259458    0.10009808
   -1.41666667    0.29427274    0.15918754    0.08773997
   -1.33333333    0.28191376    0.15529866    0.07574128
   -1.25000000    0.26836068    0.15089513    0.06437441
   -1.16666667    0.25367844    0.14593550    0.05382434
   -1.08333333    0.23795419    0.14036890    0.04420063
   -1.00000000    0.22129572    0.13414081    0.03555336
   -0.91666667    0.20382922    0.12720295    0.02788963
   -0.83333333    0.18569587    0.11952176    0.02118801
   -0.75000000    0.16704803    0.11108005    0.01541043
   -0.66666667    0.14804485    0.10186981    0.01051122
   -0.58333333    0.12884787    0.09188000    0.00644368
   -0.50000000    0.10961660    0.08108766    0.00316470
   -0.41666667    0.09050448    0.06946083    0.00063792
   -0.33333333    0.07165539    0.05697746   -0.00116416
   -0.25000000    0.05320067    0.04365603   -0.00225868
   -0.16666667    0.03525705    0.02958659   -0.00265122
   -0.08333333    0.01792516    0.01494783   -0.00233481
    0.00000000    0.00128881    0.00000000    0.00128881
    0.08333333   -0.01458511   -0.01494783   -0.00052239
    0.16666667   -0.02964612   -0.02958659   -0.00315096
    0.25000000   -0.04385927   -0.04365603   -0.00666774
    0.33333333   -0.05720390   -0.05697746   -0.01116489
    0.41666667   -0.06967212   -0.06946083   -0.01675918
    0.50000000   -0.08126728   -0.08108766   -0.02359627
    0.58333333   -0.09200223   -0.09188000   -0.03185588
    0.66666667   -0.10189776   -0.10186981   -0.04175830
    0.75000000   -0.11098102   -0.11108005   -0.05357216
    0.83333333   -0.11928410   -0.11952176   -0.06762391
    0.91666667   -0.12684274   -0.12720295   -0.08430883
    1.00000000   -0.13369515   -0.13414081   -0.10410359
    1.08333333   -0.13988108   -0.14036890   -0.12757991
    1.16666667   -0.14544093   -0.14593550   -0.15541771
    1.25000000   -0.15041514   -0.15089513   -0.18841592
    1.33333333   -0.15484354   -0.15529866   -0.22749522
    1.41666667   -0.15876496   -0.15918754   -0.27368538
    1.50000000   -0.16221693   -0.16259458   -0.32808376
    1.58333333   -0.16523537   -0.16554943   -0.39176396
    1.66666667   -0.16785446   -0.16808464   -0.46560869
    1.75000000   -0.17010654   -0.17023821   -0.55003657
    1.83333333   -0.17202201   -0.17205138   -0.64460267
    1.91666667   -0.17362940   -0.17356327   -0.74749696
    2.00000000   -0.17495530   -0.17480599   -0.85504938
    2.08333333   -0.17602446   -0.17580313   -0.96147305
    2.16666667   -0.17685986   -0.17657228   -1.05917350
    2.25000000   -0.17748271   -0.17712972   -1.13985690
    2.33333333   -0.17791264   -0.17749434   -1.19631730
    2.41666667   -0.17816772   -0.17768836   -1.22426522
    2.50000000   -0.17826457   -0.17773488   -1.22335140
    2.58333333   -0.17821844   -0.17765393   -1.19690893
    2.66666667   -0.17804334   -0.17745975   -1.15065778
    2.75000000   -0.17775210   -0.17716099   -1.09109123
    2.83333333   -0.17735645   -0.17676349   -1.02418952
    2.91666667   -0.17686711   -0.17627400   -0.95472913
    3.00000000   -0.17629390   -0.17570233   -0.88611536
    3.08333333   -0.17564576   -0.17506091   -0.82052863
    3.16666667   -0.17493084   -0.17436212   -0.75919773
    3.25000000   -0.17415660   -0.17361534   -0.70267955
    3.33333333   -0.17332980   -0.17282547   -0.65109056
    3.41666667   -0.17245661   -0.17199405   -0.60428040
    3.50000000   -0.17154267   -0.17112194   -0.56195173
    3.58333333   -0.17059306   -0.17021203   -0.52373738
    3.66666667   -0.16961243   -0.16927021   -0.48924914
    3.75000000   -0.16860501   -0.16830413   -0.45810640
    3.83333333   -0.16757463   -0.16732067   -0.42995096
    3.91666667   -0.16652475   -0.16632374   -0.40445469
    4.00000000   -0.16545855   -0.16531389   -0.38132214
    4.08333333   -0.16437887   -0.16428984   -0.36028973
    4.16666667   -0.16328832   -0.16325092   -0.34112439
    4.25000000   -0.16218922   -0.16219891   -0.32362034
    4.33333333   -0.16108372   -0.16113812   -0.30759691
    4.41666667   -0.15997373   -0.16007372   -0.29289539
    4.50000000   -0.15886097   -0.15900950   -0.27937618
    4.58333333   -0.15774701   -0.15794647   -0.26691682
    4.66666667   -0.15663328   -0.15688319   -0.25540960
    4.75000000   -0.15552101   -0.15581752   -0.24475945
    4.83333333   -0.15441137   -0.15474874   -0.23488269
    4.91666667   -0.15330537   -0.15367854   -0.22570534
    5.00000000   -0.15220393   -0.15261050   -0.21716172
    5.08333333   -0.15110786   -0.15154824   -0.20919371
    5.16666667   -0.15001791   -0.15049359   -0.20174962
    5.25000000   -0.14893471   -0.14944592   -0.19478324
    5.33333333   -0.14785884   -0.14840295   -0.18825344
    5.41666667   -0.14679082   -0.14736264   -0.18212342
    5.50000000   -0.14573109   -0.14632471   -0.17636004
    5.58333333   -0.14468004   -0.14529109   -0.17093366
    5.66666667   -0.14363803   -0.14426486   -0.16581755
    5.75000000   -0.14260534   -0.14324845   -0.16098753
    5.83333333   -0.14158222   -0.14224234   -0.15642182
    5.91666667   -0.14056891   -0.14124493   -0.15210069
    6.00000000   -0.13956558   -0.14025380   -0.14800617
    6.08333333   -0.13857237   -0.13926735   -0.14412199
    6.16666667   -0.13758943   -0.13828597   -0.14043333
    6.25000000   -0.13661683   -0.13731176   -0.13692663
    6.33333333   -0.13565466   -0.13634732   -0.13358953
    6.41666667   -0.13470297   -0.13539408   -0.13041073
    6.50000000   -0.13376179   -0.13445152   -0.12737984
    6.58333333   -0.13283114   -0.13351755   -0.12448735
    6.66666667   -0.13191102   -0.13258996   -0.12172452
    6.75000000   -0.13100141   -0.13166783   -0.11908327
    6.83333333   -0.13010228   -0.13075209   -0.11655618
    6.91666667   -0.12921362   -0.12984496   -0.11413640
    7.00000000   -0.12833535   -0.12894844   -0.11181759
    7.08333333   -0.12746743   -0.12806310   -0.10959387
    7.16666667   -0.12660980   -0.12718770   -0.10745982
    7.25000000   -0.12576236   -0.12632002   -0.10541038
    7.33333333   -0.12492506   -0.12545826   -0.10344088
    7.41666667   -0.12409781   -0.12460221   -0.10154696
    7.50000000   -0.12328050   -0.12375327   -0.09972455
    7.58333333   -0.12247306   -0.12291354   -0.09796987
    7.66666667   -0.12167538   -0.12208442   -0.09627941
    7.75000000   -0.12088736   -0.12126569   -0.09464985
    7.83333333   -0.12010889   -0.12045566   -0.09307813
    7.91666667   -0.11933988   -0.11965220   -0.09156137
    8.00000000   -0.11858020   -0.11885412   -0.09009684
    8.08333333   -0.11782976   -0.11806183   -0.08868205
    8.16666667   -0.11708843   -0.11727703   -0.08731457
    8.25000000   -0.11635610   -0.11650155   -0.08599223
    8.33333333   -0.11563267   -0.11573613   -0.08471290
    8.41666667   -0.11491801   -0.11497992   -0.08347460
    8.50000000   -0.11421201   -0.11423098   -0.08227549
    8.58333333   -0.11351456   -0.11348751   -0.08111382
    8.66666667   -0.11282554   -0.11274894   -0.07998792
    8.75000000   -0.11214484   -0.11201623   -0.07889626
    8.83333333   -0.11147233   -0.11129118   -0.07783735
    8.91666667   -0.11080791   -0.11057521   -0.07680979
    9.00000000   -0.11015147   -0.10986840   -0.07581229
    9.08333333   -0.10950289   -0.10916942   -0.07484359
    9.16666667   -0.10886206   -0.10847632   -0.07390251
    9.25000000   -0.10822887   -0.10778774   -0.07298795
    9.33333333   -0.10760320   -0.10710375   -0.07209884
    9.41666667   -0.10698495   -0.10642570   -0.07123416
    9.50000000   -0.10637402   -0.10575530   -0.07039298
    9.58333333   -0.10577029   -0.10509346   -0.06957439
    9.66666667   -0.10517365   -0.10443968   -0.06877750
    9.75000000   -0.10458402   -0.10379228   -0.06800154
    9.83333333   -0.10400127   -0.10314950   -0.06724569
    9.91666667   -0.10342531   -0.10251054   -0.06650922
   10.00000000   -0.10285604   -0.10187601   -0.06579143
   10.08333333   -0.10229336   -0.10124750   -0.06509163
   10.16666667   -0.10173716   -0.10062647   -0.06440919
   10.25000000   -0.10118736   -0.10001327   -0.06374350
   10.33333333   -0.10064386   -0.09940685   -0.06309396
   10.41666667   -0.10010656   -0.09880544   -0.06246002
   10.50000000   -0.09957538   -0.09820758   -0.06184115
   10.58333333   -0.09905022   -0.09761306   -0.06123683
   10.66666667   -0.09853098   -0.09702298   -0.06064657
   10.75000000   -0.09801760   -0.09643895   -0.06006991
   10.83333333   -0.09750996   -0.09586206   -0.05950640
   10.91666667   -0.09700799   -0.09529205   -0.05895561
   11.00000000   -0.09651161   -0.09472751   -0.05841714
   11.08333333   -0.09602073   -0.09416669   -0.05789058
   11.16666667   -0.09553527   -0.09360860   -0.05737555
   11.25000000   -0.09505515   -0.09305362   -0.05687172
   11.33333333   -0.09458029   -0.09250315   -0.05637871
   11.41666667   -0.09411061   -0.09195869   -0.05589619
   11.50000000   -0.09364603   -0.09142081   -0.05542386
   11.58333333   -0.09318649   -0.09088873   -0.05496139
   11.66666667   -0.09273190   -0.09036079   -0.05450850
   11.75000000   -0.09228220   -0.08983546   -0.05406490
   11.83333333   -0.09183730   -0.08931229   -0.05363032
   11.91666667   -0.09139715   -0.08879217   -0.05320449
   12.00000000   -0.09096167   -0.08827667   -0.05278717
   12.08333333   -0.09053079   -0.08776699   -0.05237810
   12.16666667   -0.09010444   -0.08726314   -0.05197705
   12.25000000   -0.08968257   -0.08676388   -0.05158380
   12.33333333   -0.08926510   -0.08626747   -0.05119813
   12.41666667   -0.08885197   -0.08577277   -0.05081983
   12.50000000   -0.08844313   -0.08527990   -0.05044870
   12.58333333   -0.08803850   -0.08479015   -0.05008454
   12.66666667   -0.08763802   -0.08430507   -0.04972717
   12.75000000   -0.08724165   -0.08382545   -0.04937639
   12.83333333   -0.08684931   -0.08335071   -0.04903205
   12.91666667   -0.08646096   -0.08287926   -0.04869396
   13.00000000   -0.08607653   -0.08240948   -0.04836196
   13.08333333   -0.08569597   -0.08194070   -0.04803590
   13.16666667   -0.08531922   -0.08147363   -0.04771562
   13.25000000   -0.08494623   -0.08100982   -0.04740098
   13.33333333   -0.08457696   -0.08055063   -0.04709184
   13.41666667   -0.08421134   -0.08009628   -0.04678804
   13.50000000   -0.08384932   -0.07964567   -0.04648947
   13.58333333   -0.08349086   -0.07919701   -0.04619598
   13.66666667   -0.08313591   -0.07874896   -0.04590747
   13.75000000   -0.08278441   -0.07830144   -0.04562380
   13.83333333   -0.08243633   -0.07785564   -0.04534485
   13.91666667   -0.08209160   -0.07741322   -0.04507052
   14.00000000   -0.08175020   -0.07697517   -0.04480070
   14.08333333   -0.08141206   -0.07654108   -0.04453527
   14.16666667   -0.08107716   -0.07610939   -0.04427413
   14.25000000   -0.08074543   -0.07567830   -0.04401719
   14.33333333   -0.08041685   -0.07524691   -0.04376435
   14.41666667   -0.08009136   -0.07481576   -0.04351550
   14.50000000   -0.07976894   -0.07438643   -0.04327057
   14.58333333   -0.07944953   -0.07396047   -0.04302946
   14.66666667   -0.07913309   -0.07353835   -0.04279208
   14.75000000   -0.07881959   -0.07311901   -0.04255836
   14.83333333   -0.07850898   -0.07270055   -0.04232821
   14.91666667   -0.07820124   -0.07228134   -0.04210154
   15.00000000   -0.07789631   -0.07186105   -0.04187830
   15.08333333   -0.07759417   -0.07144083   -0.04165839
   15.16666667   -0.07729478   -0.07102252   -0.04144175
   15.25000000   -0.07699810   -0.07060736   -0.04122831
   15.33333333   -0.07670409   -0.07019511   -0.04101801
   15.41666667   -0.07641273   -0.06978410   -0.04081076
   15.50000000   -0.07612398   -0.06937223   -0.04060651
   15.58333333   -0.07583780   -0.06895825   -0.04040520
   15.66666667   -0.07555416   -0.06854253   -0.04020676
   15.75000000   -0.07527303   -0.06812677   -0.04001114
   15.83333333   -0.07499437   -0.06771283   -0.03981828
   15.91666667   -0.07471816   -0.06730142   -0.03962811
   16.00000000   -0.07444437   -0.06689150   -0.03944059
   16.08333333   -0.07417296   -0.06648081   -0.03925567
   16.16666667   -0.07390391   -0.06606726   -0.03907329
   16.25000000   -0.07363718   -0.06565017   -0.03889339
   16.33333333   -0.07337274   -0.06523069   -0.03871594
   16.41666667   -0.07311058   -0.06481096   -0.03854088
   16.50000000   -0.07285065   -0.06439261   -0.03836817
   16.58333333   -0.07259293   -0.06397555   -0.03819776
   16.66666667   -0.07233740   -0.06355781   -0.03802960
   16.75000000   -0.07208402   -0.06313667   -0.03786366
   16.83333333   -0.07183278   -0.06271024   -0.03769988
   16.91666667   -0.07158364   -0.06227866   -0.03753824
   17.00000000   -0.07133658   -0.06184387   -0.03737868
   17.08333333   -0.07109158   -0.06140826   -0.03722117
   17.16666667   -0.07084860   -0.06097291   -0.03706568
   17.25000000   -0.07060763   -0.06053662   -0.03691216
   17.33333333   -0.07036864   -0.06009637   -0.03676058
   17.41666667   -0.07013162   -0.05964905   -0.03661090
   17.50000000   -0.06989652   -0.05919331   -0.03646309
   17.58333333   -0.06966333   -0.05873028   -0.03631711
   17.66666667   -0.06943204   -0.05826273   -0.03617293
   17.75000000   -0.06920261   -0.05779304   -0.03603052
   17.83333333   -0.06897502   -0.05732124   -0.03588984
   17.91666667   -0.06874926   -0.05684455   -0.03575088
   18.00000000   -0.06852530   -0.05635873   -0.03561359
   18.08333333   -0.06830312   -0.05586042   -0.03547794
   18.16666667   -0.06808270   -0.05534915   -0.03534392
   18.25000000   -0.06786402   -0.05482744   -0.03521148
   18.33333333   -0.06764706   -0.05429893   -0.03508060
   18.41666667   -0.06743181   -0.05376551   -0.03495126
   18.50000000   -0.06721823   -0.05322541   -0.03482343
   18.58333333   -0.06700631   -0.05267348   -0.03469708
   18.66666667   -0.06679604   -0.05210383   -0.03457219
   18.75000000   -0.06658739   -0.05151316   -0.03444874
   18.83333333   -0.06638034   -0.05090275   -0.03432669
   18.91666667   -0.06617489   -0.05027753   -0.03420604
   19.00000000   -0.06597100   -0.04964250   -0.03408674
   19.08333333   -0.06576867   -0.04899860   -0.03396878
   19.16666667   -0.06556787   -0.04834080   -0.03385215
   19.25000000   -0.06536859   -0.04765984   -0.03373681
   19.33333333   -0.06517082   -0.04694745   -0.03362275
   19.41666667   -0.06497453   -0.04620190   -0.03350995
   19.50000000   -0.06477970   -0.04543058   -0.03339838
   19.58333333   -0.06458633   -0.04464725   -0.03328802
   19.66666667   -0.06439440   -0.04386447   -0.03317887
   19.75000000   -0.06420388   -0.04308481   -0.03307089
   19.83333333   -0.06401477   -0.04229557   -0.03296407
   19.91666667   -0.06382706   -0.04147052   -0.03285839
   20.00000000   -0.06364071   -0.04057900   -0.03275384
