  -20.00000000    0.03812812    0.03688187   -0.00736218
  -19.91666667    0.03835012    0.03758016   -0.00742464
  -19.83333333    0.03857402    0.03819557   -0.00748739
  -19.75000000    0.03879985    0.03878313   -0.00755045
  -19.66666667    0.03902764    0.03938585   -0.00761381
  -19.58333333    0.03925740    0.04002084   -0.00767747
  -19.50000000    0.03948917    0.04067884   -0.00774142
  -19.41666667    0.03972297    0.04133528   -0.00780568
  -19.33333333    0.03995881    0.04196616   -0.00787024
  -19.25000000    0.04019675    0.04256022   -0.00793510
  -19.16666667    0.04043679    0.04312203   -0.00800025
  -19.08333333    0.04067897    0.04366604   -0.00806571
  -19.00000000    0.04092332    0.04420632   -0.00813146
  -18.91666667    0.04116985    0.04474845   -0.00819751
  -18.83333333    0.04141861    0.04528768   -0.00826386
  -18.75000000    0.04166962    0.04581366   -0.00833050
  -18.66666667    0.04192291    0.04631790   -0.00839744
  -18.58333333    0.04217851    0.04679927   -0.00846468
  -18.50000000    0.04243646    0.04726428   -0.00853220
  -18.41666667    0.04269678    0.04772270   -0.00860002
  -18.33333333    0.04295950    0.04818153   -0.00866813
  -18.25000000    0.04322466    0.04864123   -0.00873653
  -18.16666667    0.04349230    0.04909642   -0.00880522
  -18.08333333    0.04376243    0.04954005   -0.00887419
  -18.00000000    0.04403511    0.04996841   -0.00894344
  -17.91666667    0.04431037    0.05038357   -0.00901297
  -17.83333333    0.04458823    0.05079198   -0.00908279
  -17.75000000    0.04486874    0.05120038   -0.00915287
  -17.66666667    0.04515194    0.05161175   -0.00922323
  -17.58333333    0.04543785    0.05202387   -0.00929386
  -17.50000000    0.04572653    0.05243128   -0.00936476
  -17.41666667    0.04601800    0.05282916   -0.00943592
  -17.33333333    0.04631230    0.05321663   -0.00950733
  -17.25000000    0.04660949    0.05359736   -0.00957900
  -17.16666667    0.04690960    0.05397715   -0.00965093
  -17.08333333    0.04721267    0.05436035   -0.00972309
  -17.00000000    0.04751874    0.05474723   -0.00979550
  -16.91666667    0.04782786    0.05513415   -0.00986815
  -16.83333333    0.04814006    0.05551618   -0.00994102
  -16.75000000    0.04845541    0.05589048   -0.01001412
  -16.66666667    0.04877394    0.05625823   -0.01008743
  -16.58333333    0.04909569    0.05662384   -0.01016096
  -16.50000000    0.04942072    0.05699217   -0.01023469
  -16.41666667    0.04974908    0.05736545   -0.01030862
  -16.33333333    0.05008080    0.05774206   -0.01038273
  -16.25000000    0.05041596    0.05811771   -0.01045703
  -16.16666667    0.05075459    0.05848847   -0.01053150
  -16.08333333    0.05109674    0.05885333   -0.01060613
  -16.00000000    0.05144248    0.05921493   -0.01068091
  -15.91666667    0.05179185    0.05957789   -0.01075584
  -15.83333333    0.05214492    0.05994581   -0.01083090
  -15.75000000    0.05250173    0.06031908   -0.01090608
  -15.66666667    0.05286234    0.06069475   -0.01098136
  -15.58333333    0.05322683    0.06106854   -0.01105675
  -15.50000000    0.05359523    0.06143775   -0.01113221
  -15.41666667    0.05396761    0.06180304   -0.01120774
  -15.33333333    0.05434405    0.06216806   -0.01128333
  -15.25000000    0.05472459    0.06253707   -0.01135895
  -15.16666667    0.05510931    0.06291229   -0.01143460
  -15.08333333    0.05549827    0.06329251   -0.01151024
  -15.00000000    0.05589154    0.06367397   -0.01158588
  -14.91666667    0.05628918    0.06405288   -0.01166148
  -14.83333333    0.05669127    0.06442796   -0.01173703
  -14.75000000    0.05709788    0.06480129   -0.01181250
  -14.66666667    0.05750907    0.06517701   -0.01188788
  -14.58333333    0.05792494    0.06555869   -0.01196314
  -14.50000000    0.05834554    0.06594704   -0.01203825
  -14.41666667    0.05877096    0.06633955   -0.01211319
  -14.33333333    0.05920129    0.06673215   -0.01218794
  -14.25000000    0.05963658    0.06712193   -0.01226246
  -14.16666667    0.06007694    0.06750908   -0.01233673
  -14.08333333    0.06052244    0.06789679   -0.01241071
  -14.00000000    0.06097317    0.06828926   -0.01248437
  -13.91666667    0.06142921    0.06868899   -0.01255768
  -13.83333333    0.06189067    0.06909524   -0.01263060
  -13.75000000    0.06235762    0.06950453   -0.01270309
  -13.66666667    0.06283016    0.06991297   -0.01277511
  -13.58333333    0.06330839    0.07031881   -0.01284662
  -13.50000000    0.06379239    0.07072364   -0.01291758
  -13.41666667    0.06428228    0.07113140   -0.01298794
  -13.33333333    0.06477815    0.07154591   -0.01305765
  -13.25000000    0.06528011    0.07196840   -0.01312665
  -13.16666667    0.06578825    0.07239677   -0.01319490
  -13.08333333    0.06630270    0.07282700   -0.01326235
  -13.00000000    0.06682354    0.07325577   -0.01332891
  -12.91666667    0.06735091    0.07368269   -0.01339455
  -12.83333333    0.06788492    0.07411059   -0.01345919
  -12.75000000    0.06842567    0.07454377   -0.01352276
  -12.66666667    0.06897329    0.07498524   -0.01358519
  -12.58333333    0.06952791    0.07543485   -0.01364640
  -12.50000000    0.07008964    0.07588938   -0.01370631
  -12.41666667    0.07065862    0.07634468   -0.01376484
  -12.33333333    0.07123497    0.07679839   -0.01382190
  -12.25000000    0.07181882    0.07725152   -0.01387740
  -12.16666667    0.07241031    0.07770790   -0.01393123
  -12.08333333    0.07300959    0.07817174   -0.01398330
  -12.00000000    0.07361678    0.07864495   -0.01403349
  -11.91666667    0.07423204    0.07912598   -0.01408169
  -11.83333333    0.07485551    0.07961079   -0.01412778
  -11.75000000    0.07548733    0.08009554   -0.01417163
  -11.66666667    0.07612768    0.08057910   -0.01421310
  -11.58333333    0.07677669    0.08106388   -0.01425206
  -11.50000000    0.07743454    0.08155433   -0.01428836
  -11.41666667    0.07810137    0.08205415   -0.01432184
  -11.33333333    0.07877737    0.08256394   -0.01435233
  -11.25000000    0.07946270    0.08308082   -0.01437966
  -11.16666667    0.08015753    0.08360033   -0.01440365
  -11.08333333    0.08086204    0.08411935   -0.01442410
  -11.00000000    0.08157641    0.08463818   -0.01444080
  -10.91666667    0.08230082    0.08516046   -0.01445354
  -10.83333333    0.08303547    0.08569088   -0.01446210
  -10.75000000    0.08378054    0.08623225   -0.01446622
  -10.66666667    0.08453622    0.08678366   -0.01446566
  -10.58333333    0.08530274    0.08734117   -0.01446014
  -10.50000000    0.08608026    0.08790029   -0.01444939
  -10.41666667    0.08686901    0.08845903   -0.01443309
  -10.33333333    0.08766921    0.08901919   -0.01441094
  -10.25000000    0.08848104    0.08958538   -0.01438259
  -10.16666667    0.08930475    0.09016210   -0.01434768
  -10.08333333    0.09014056    0.09075089   -0.01430585
  -10.00000000    0.09098868    0.09134937   -0.01425670
   -9.91666667    0.09184935    0.09195279   -0.01419979
   -9.83333333    0.09272281    0.09255714   -0.01413468
   -9.75000000    0.09360928    0.09316182   -0.01406090
   -9.66666667    0.09450901    0.09377014   -0.01397794
   -9.58333333    0.09542225    0.09438731   -0.01388527
   -9.50000000    0.09634924    0.09501717   -0.01378232
   -9.41666667    0.09729024    0.09565974   -0.01366849
   -9.33333333    0.09824550    0.09631125   -0.01354315
   -9.25000000    0.09921528    0.09696658   -0.01340561
   -9.16666667    0.10019984    0.09762263   -0.01325516
   -9.08333333    0.10119946    0.09828042   -0.01309103
   -9.00000000    0.10221438    0.09894460   -0.01291241
   -8.91666667    0.10324489    0.09962055   -0.01271843
   -8.83333333    0.10429127    0.10031102   -0.01250818
   -8.75000000    0.10535376    0.10101434   -0.01228068
   -8.66666667    0.10643266    0.10172556   -0.01203489
   -8.58333333    0.10752826    0.10243967   -0.01176969
   -8.50000000    0.10864081    0.10315489   -0.01148391
   -8.41666667    0.10977060    0.10387401   -0.01117630
   -8.33333333    0.11091791    0.10460271   -0.01084551
   -8.25000000    0.11208301    0.10534607   -0.01049011
   -8.16666667    0.11326619    0.10610531   -0.01010859
   -8.08333333    0.11446772    0.10687706   -0.00969931
   -8.00000000    0.11568785    0.10765552   -0.00926055
   -7.91666667    0.11692688    0.10843630   -0.00879046
   -7.83333333    0.11818504    0.10921933   -0.00828707
   -7.75000000    0.11946262    0.11000912   -0.00774827
   -7.66666667    0.12075986    0.11081202   -0.00717182
   -7.58333333    0.12207699    0.11163224   -0.00655532
   -7.50000000    0.12341427    0.11246918   -0.00589620
   -7.41666667    0.12477192    0.11331782   -0.00519175
   -7.33333333    0.12615013    0.11417199   -0.00443904
   -7.25000000    0.12754914    0.11502842   -0.00363495
   -7.16666667    0.12896912    0.11588907   -0.00277617
   -7.08333333    0.13041023    0.11676000   -0.00185916
   -7.00000000    0.13187265    0.11764773   -0.00088012
   -6.91666667    0.13335650    0.11855506    0.00016496
   -6.83333333    0.13486189    0.11947932    0.00128038
   -6.75000000    0.13638894    0.12041406    0.00247071
   -6.66666667    0.13793769    0.12135326    0.00374080
   -6.58333333    0.13950819    0.12229537    0.00509581
   -6.50000000    0.14110046    0.12324447    0.00654124
   -6.41666667    0.14271447    0.12420795    0.00808286
   -6.33333333    0.14435018    0.12519182    0.00972681
   -6.25000000    0.14600750    0.12619698    0.01147957
   -6.16666667    0.14768632    0.12721852    0.01334795
   -6.08333333    0.14938647    0.12824895    0.01533906
   -6.00000000    0.15110778    0.12928302    0.01746039
   -5.91666667    0.15285000    0.13032135    0.01971970
   -5.83333333    0.15461287    0.13137025    0.02212500
   -5.75000000    0.15639609    0.13243789    0.02468458
   -5.66666667    0.15819932    0.13352914    0.02740686
   -5.58333333    0.16002218    0.13464242    0.03030033
   -5.50000000    0.16186430    0.13577061    0.03337352
   -5.41666667    0.16372524    0.13690562    0.03663478
   -5.33333333    0.16560456    0.13804368    0.04009215
   -5.25000000    0.16750184    0.13918799    0.04375320
   -5.16666667    0.16941665    0.14034692    0.04762473
   -5.08333333    0.17134856    0.14152880    0.05171247
   -5.00000000    0.17329723    0.14273650    0.05602088
   -4.91666667    0.17526234    0.14396549    0.06055252
   -4.83333333    0.17724368    0.14520650    0.06530777
   -4.75000000    0.17924116    0.14645144    0.07028429
   -4.66666667    0.18125485    0.14769867    0.07547637
   -4.58333333    0.18328500    0.14895428    0.08087431
   -4.50000000    0.18533215    0.15022831    0.08646391
   -4.41666667    0.18739709    0.15152830    0.09222561
   -4.33333333    0.18948101    0.15285414    0.09813388
   -4.25000000    0.19158556    0.15419775    0.10415679
   -4.16666667    0.19371286    0.15554782    0.11025528
   -4.08333333    0.19586565    0.15689687    0.11638295
   -4.00000000    0.19804740    0.15824598    0.12248606
   -3.91666667    0.20026230    0.15960412    0.12850355
   -3.83333333    0.20251552    0.16098219    0.13436780
   -3.75000000    0.20481316    0.16238550    0.14000549
   -3.66666667    0.20716247    0.16380952    0.14533913
   -3.58333333    0.20957191    0.16524170    0.15028893
   -3.50000000    0.21205121    0.16666856    0.15477503
   -3.41666667    0.21461149    0.16808356    0.15872016
   -3.33333333    0.21726532    0.16949065    0.16205238
   -3.25000000    0.22002668    0.17090093    0.16470783
   -3.16666667    0.22291099    0.17232430    0.16663335
   -3.08333333    0.22593500    0.17376120    0.16778866
   -3.00000000    0.22911662    0.17519984    0.16814793
   -2.91666667    0.23247465    0.17662104    0.16770080
   -2.83333333    0.23602845    0.17800776    0.16645246
   -2.75000000    0.23979728    0.17935334    0.16442309
   -2.66666667    0.24379970    0.18066294    0.16164654
   -2.58333333    0.24805255    0.18194663    0.15816848
   -2.50000000    0.25256970    0.18320816    0.15404414
   -2.41666667    0.25736055    0.18443634    0.14933578
   -2.33333333    0.26242805    0.18560480    0.14411021
   -2.25000000    0.26776628    0.18668054    0.13843644
   -2.16666667    0.27335761    0.18763624    0.13238344
   -2.08333333    0.27916921    0.18845813    0.12601839
   -2.00000000    0.28514891    0.18914365    0.11940530
   -1.91666667    0.29122063    0.18968932    0.11260384
   -1.83333333    0.29727910    0.19007575    0.10566881
   -1.75000000    0.30318446    0.19025891    0.09864973
   -1.66666667    0.30875669    0.19017364    0.09159086
   -1.58333333    0.31377080    0.18974763    0.08453142
   -1.50000000    0.31795358    0.18891691    0.07750596
   -1.41666667    0.32098298    0.18763222    0.07054499
   -1.33333333    0.32249196    0.18585017    0.06367570
   -1.25000000    0.32207835    0.18351289    0.05692274
   -1.16666667    0.31932249    0.18052767    0.05030920
   -1.08333333    0.31381355    0.17675994    0.04385764
   -1.00000000    0.30518443    0.17204590    0.03759124
   -0.91666667    0.29315282    0.16621959    0.03153520
   -0.83333333    0.27756366    0.15913935    0.02571824
   -0.75000000    0.25842624    0.15069740    0.02017456
   -0.66666667    0.23593764    0.14080578    0.01494602
   -0.58333333    0.21048586    0.12936730    0.01008506
   -0.50000000    0.18262909    0.11625316    0.00565827
   -0.41666667    0.15305238    0.10131095    0.00175098
   -0.33333333    0.12250908    0.08441448   -0.00152668
   -0.25000000    0.09175663    0.06554544   -0.00403190
   -0.16666667    0.06149802    0.04487666   -0.00557876
   -0.08333333    0.03233679    0.02281849   -0.00592434
    0.00000000    0.00475017    0.00000000    0.00475017
    0.08333333   -0.02091994   -0.02281849    0.00163763
    0.16666667   -0.04446108   -0.04487666   -0.00396470
    0.25000000   -0.06577431   -0.06554544   -0.01278371
    0.33333333   -0.08485309   -0.08441448   -0.02577605
    0.41666667   -0.10176078   -0.10131095   -0.04419415
    0.50000000   -0.11660973   -0.11625316   -0.06965894
    0.58333333   -0.12954323   -0.12936730   -0.10422321
    0.66666667   -0.14072118   -0.14080578   -0.15038633
    0.75000000   -0.15030915   -0.15069740   -0.21097830
    0.83333333   -0.15847070   -0.15913935   -0.28876846
    0.91666667   -0.16536225   -0.16621959   -0.38559430
    1.00000000   -0.17112985   -0.17204590   -0.50085177
    1.08333333   -0.17590758   -0.17675994   -0.62954508
    1.16666667   -0.17981691   -0.18052767   -0.76090560
    1.25000000   -0.18296679   -0.18351289   -0.87938290
    1.33333333   -0.18545423   -0.18585017   -0.96909265
    1.41666667   -0.18736504   -0.18763222   -1.01988117
    1.50000000   -0.18877488   -0.18891691   -1.03082202
    1.58333333   -0.18975016   -0.18974763   -1.00885798
    1.66666667   -0.19034905   -0.19017364   -0.96447339
    1.75000000   -0.19062245   -0.19025891   -0.90773342
    1.83333333   -0.19061478   -0.19007575   -0.84630652
    1.91666667   -0.19036480   -0.18968932   -0.78517782
    2.00000000   -0.18990632   -0.18914365   -0.72717038
    2.08333333   -0.18926883   -0.18845813   -0.67363257
    2.16666667   -0.18847801   -0.18763624   -0.62500981
    2.25000000   -0.18755626   -0.18668054   -0.58124359
    2.33333333   -0.18652312   -0.18560480   -0.54202086
    2.41666667   -0.18539562   -0.18443634   -0.50692142
    2.50000000   -0.18418862   -0.18320816   -0.47549945
    2.58333333   -0.18291507   -0.18194663   -0.44732484
    2.66666667   -0.18158629   -0.18066294   -0.42200300
    2.75000000   -0.18021216   -0.17935334   -0.39918197
    2.83333333   -0.17880129   -0.17800776   -0.37855248
    2.91666667   -0.17736118   -0.17662104   -0.35984551
    3.00000000   -0.17589842   -0.17519984   -0.34282832
    3.08333333   -0.17441872   -0.17376120   -0.32729982
    3.16666667   -0.17292707   -0.17232430   -0.31308643
    3.25000000   -0.17142782   -0.17090093   -0.30003837
    3.33333333   -0.16992476   -0.16949065   -0.28802592
    3.41666667   -0.16842118   -0.16808356   -0.27693668
    3.50000000   -0.16691995   -0.16666856   -0.26667305
    3.58333333   -0.16542353   -0.16524170   -0.25714988
    3.66666667   -0.16393408   -0.16380952   -0.24829280
    3.75000000   -0.16245345   -0.16238550   -0.24003670
    3.83333333   -0.16098323   -0.16098219   -0.23232426
    3.91666667   -0.15952479   -0.15960412   -0.22510498
    4.00000000   -0.15807929   -0.15824598   -0.21833427
    4.08333333   -0.15664771   -0.15689687   -0.21197250
    4.16666667   -0.15523090   -0.15554782   -0.20598454
    4.25000000   -0.15382953   -0.15419775   -0.20033895
    4.33333333   -0.15244420   -0.15285414   -0.19500774
    4.41666667   -0.15107537   -0.15152830   -0.18996580
    4.50000000   -0.14972340   -0.15022831   -0.18519049
    4.58333333   -0.14838859   -0.14895428   -0.18066152
    4.66666667   -0.14707117   -0.14769867   -0.17636055
    4.75000000   -0.14577128   -0.14645144   -0.17227095
    4.83333333   -0.14448902   -0.14520650   -0.16837767
    4.91666667   -0.14322445   -0.14396549   -0.16466707
    5.00000000   -0.14197756   -0.14273650   -0.16112664
    5.08333333   -0.14074833   -0.14152880   -0.15774506
    5.16666667   -0.13953670   -0.14034692   -0.15451197
    5.25000000   -0.13834256   -0.13918799   -0.15141781
    5.33333333   -0.13716580   -0.13804368   -0.14845390
    5.41666667   -0.13600629   -0.13690562   -0.14561224
    5.50000000   -0.13486386   -0.13577061   -0.14288542
    5.58333333   -0.13373834   -0.13464242   -0.14026668
    5.66666667   -0.13262955   -0.13352914   -0.13774975
    5.75000000   -0.13153727   -0.13243789   -0.13532880
    5.83333333   -0.13046131   -0.13137025   -0.13299849
    5.91666667   -0.12940146   -0.13032135   -0.13075384
    6.00000000   -0.12835747   -0.12928302   -0.12859021
    6.08333333   -0.12732913   -0.12824895   -0.12650332
    6.16666667   -0.12631621   -0.12721852   -0.12448918
    6.25000000   -0.12531846   -0.12619698   -0.12254404
    6.33333333   -0.12433565   -0.12519182   -0.12066444
    6.41666667   -0.12336755   -0.12420795   -0.11884714
    6.50000000   -0.12241390   -0.12324447   -0.11708907
    6.58333333   -0.12147448   -0.12229537   -0.11538742
    6.66666667   -0.12054904   -0.12135326   -0.11373951
    6.75000000   -0.11963735   -0.12041406   -0.11214284
    6.83333333   -0.11873915   -0.11947932   -0.11059507
    6.91666667   -0.11785424   -0.11855506   -0.10909400
    7.00000000   -0.11698236   -0.11764773   -0.10763754
    7.08333333   -0.11612329   -0.11676000   -0.10622374
    7.16666667   -0.11527679   -0.11588907   -0.10485076
    7.25000000   -0.11444265   -0.11502842   -0.10351686
    7.33333333   -0.11362064   -0.11417199   -0.10222040
    7.41666667   -0.11281054   -0.11331782   -0.10095985
    7.50000000   -0.11201213   -0.11246918   -0.09973371
    7.58333333   -0.11122521   -0.11163224   -0.09854061
    7.66666667   -0.11044955   -0.11081202   -0.09737925
    7.75000000   -0.10968496   -0.11000912   -0.09624836
    7.83333333   -0.10893123   -0.10921933   -0.09514677
    7.91666667   -0.10818816   -0.10843630   -0.09407338
    8.00000000   -0.10745556   -0.10765552   -0.09302710
    8.08333333   -0.10673323   -0.10687706   -0.09200693
    8.16666667   -0.10602098   -0.10610531   -0.09101189
    8.25000000   -0.10531864   -0.10534607   -0.09004110
    8.33333333   -0.10462601   -0.10460271   -0.08909367
    8.41666667   -0.10394291   -0.10387401   -0.08816876
    8.50000000   -0.10326919   -0.10315489   -0.08726560
    8.58333333   -0.10260465   -0.10243967   -0.08638343
    8.66666667   -0.10194913   -0.10172556   -0.08552151
    8.75000000   -0.10130248   -0.10101434   -0.08467918
    8.83333333   -0.10066452   -0.10031102   -0.08385578
    8.91666667   -0.10003510   -0.09962055   -0.08305067
    9.00000000   -0.09941406   -0.09894460   -0.08226325
    9.08333333   -0.09880126   -0.09828042   -0.08149297
    9.16666667   -0.09819654   -0.09762263   -0.08073924
    9.25000000   -0.09759975   -0.09696658   -0.08000157
    9.33333333   -0.09701077   -0.09631125   -0.07927944
    9.41666667   -0.09642943   -0.09565974   -0.07857236
    9.50000000   -0.09585561   -0.09501717   -0.07787988
    9.58333333   -0.09528918   -0.09438731   -0.07720156
    9.66666667   -0.09472999   -0.09377014   -0.07653695
    9.75000000   -0.09417794   -0.09316182   -0.07588566
    9.83333333   -0.09363288   -0.09255714   -0.07524729
    9.91666667   -0.09309469   -0.09195279   -0.07462146
   10.00000000   -0.09256327   -0.09134937   -0.07400781
   10.08333333   -0.09203848   -0.09075089   -0.07340599
   10.16666667   -0.09152020   -0.09016210   -0.07281566
   10.25000000   -0.09100834   -0.08958538   -0.07223650
   10.33333333   -0.09050277   -0.08901919   -0.07166819
   10.41666667   -0.09000339   -0.08845903   -0.07111044
   10.50000000   -0.08951009   -0.08790029   -0.07056295
   10.58333333   -0.08902277   -0.08734117   -0.07002546
   10.66666667   -0.08854132   -0.08678366   -0.06949768
   10.75000000   -0.08806566   -0.08623225   -0.06897936
   10.83333333   -0.08759567   -0.08569088   -0.06847025
   10.91666667   -0.08713126   -0.08516046   -0.06797010
   11.00000000   -0.08667234   -0.08463818   -0.06747870
   11.08333333   -0.08621882   -0.08411935   -0.06699580
   11.16666667   -0.08577061   -0.08360033   -0.06652119
   11.25000000   -0.08532761   -0.08308082   -0.06605466
   11.33333333   -0.08488975   -0.08256394   -0.06559602
   11.41666667   -0.08445694   -0.08205415   -0.06514505
   11.50000000   -0.08402909   -0.08155433   -0.06470158
   11.58333333   -0.08360613   -0.08106388   -0.06426541
   11.66666667   -0.08318798   -0.08057910   -0.06383637
   11.75000000   -0.08277455   -0.08009554   -0.06341430
   11.83333333   -0.08236577   -0.07961079   -0.06299901
   11.91666667   -0.08196157   -0.07912598   -0.06259035
   12.00000000   -0.08156188   -0.07864495   -0.06218818
   12.08333333   -0.08116661   -0.07817174   -0.06179232
   12.16666667   -0.08077571   -0.07770790   -0.06140264
   12.25000000   -0.08038910   -0.07725152   -0.06101899
   12.33333333   -0.08000672   -0.07679839   -0.06064124
   12.41666667   -0.07962849   -0.07634468   -0.06026925
   12.50000000   -0.07925436   -0.07588938   -0.05990289
   12.58333333   -0.07888426   -0.07543485   -0.05954204
   12.66666667   -0.07851812   -0.07498524   -0.05918657
   12.75000000   -0.07815590   -0.07454377   -0.05883637
   12.83333333   -0.07779752   -0.07411059   -0.05849132
   12.91666667   -0.07744293   -0.07368269   -0.05815131
   13.00000000   -0.07709207   -0.07325577   -0.05781623
   13.08333333   -0.07674489   -0.07282700   -0.05748597
   13.16666667   -0.07640132   -0.07239677   -0.05716043
   13.25000000   -0.07606132   -0.07196840   -0.05683952
   13.33333333   -0.07572482   -0.07154591   -0.05652313
   13.41666667   -0.07539179   -0.07113140   -0.05621117
   13.50000000   -0.07506216   -0.07072364   -0.05590356
   13.58333333   -0.07473590   -0.07031881   -0.05560019
   13.66666667   -0.07441293   -0.06991297   -0.05530099
   13.75000000   -0.07409323   -0.06950453   -0.05500586
   13.83333333   -0.07377674   -0.06909524   -0.05471474
   13.91666667   -0.07346341   -0.06868899   -0.05442752
   14.00000000   -0.07315321   -0.06828926   -0.05414416
   14.08333333   -0.07284608   -0.06789679   -0.05386455
   14.16666667   -0.07254197   -0.06750908   -0.05358863
   14.25000000   -0.07224085   -0.06712193   -0.05331633
   14.33333333   -0.07194268   -0.06673215   -0.05304758
   14.41666667   -0.07164741   -0.06633955   -0.05278230
   14.50000000   -0.07135500   -0.06594704   -0.05252045
   14.58333333   -0.07106541   -0.06555869   -0.05226193
   14.66666667   -0.07077860   -0.06517701   -0.05200671
   14.75000000   -0.07049454   -0.06480129   -0.05175470
   14.83333333   -0.07021318   -0.06442796   -0.05150586
   14.91666667   -0.06993448   -0.06405288   -0.05126012
   15.00000000   -0.06965842   -0.06367397   -0.05101744
   15.08333333   -0.06938496   -0.06329251   -0.05077774
   15.16666667   -0.06911404   -0.06291229   -0.05054098
   15.25000000   -0.06884566   -0.06253707   -0.05030710
   15.33333333   -0.06857976   -0.06216806   -0.05007605
   15.41666667   -0.06831632   -0.06180304   -0.04984779
   15.50000000   -0.06805530   -0.06143775   -0.04962225
   15.58333333   -0.06779667   -0.06106854   -0.04939941
   15.66666667   -0.06754040   -0.06069475   -0.04917919
   15.75000000   -0.06728646   -0.06031908   -0.04896157
   15.83333333   -0.06703482   -0.05994581   -0.04874649
   15.91666667   -0.06678543   -0.05957789   -0.04853391
   16.00000000   -0.06653829   -0.05921493   -0.04832379
   16.08333333   -0.06629335   -0.05885333   -0.04811609
   16.16666667   -0.06605060   -0.05848847   -0.04791076
   16.25000000   -0.06580999   -0.05811771   -0.04770777
   16.33333333   -0.06557150   -0.05774206   -0.04750707
   16.41666667   -0.06533511   -0.05736545   -0.04730863
   16.50000000   -0.06510078   -0.05699217   -0.04711241
   16.58333333   -0.06486849   -0.05662384   -0.04691837
   16.66666667   -0.06463823   -0.05625823   -0.04672649
   16.75000000   -0.06440995   -0.05589048   -0.04653671
   16.83333333   -0.06418363   -0.05551618   -0.04634900
   16.91666667   -0.06395926   -0.05513415   -0.04616335
   17.00000000   -0.06373680   -0.05474723   -0.04597970
   17.08333333   -0.06351623   -0.05436035   -0.04579804
   17.16666667   -0.06329753   -0.05397715   -0.04561832
   17.25000000   -0.06308068   -0.05359736   -0.04544052
   17.33333333   -0.06286564   -0.05321663   -0.04526460
   17.41666667   -0.06265241   -0.05282916   -0.04509054
   17.50000000   -0.06244095   -0.05243128   -0.04491831
   17.58333333   -0.06223125   -0.05202387   -0.04474787
   17.66666667   -0.06202329   -0.05161175   -0.04457922
   17.75000000   -0.06181703   -0.05120038   -0.04441230
   17.83333333   -0.06161247   -0.05079198   -0.04424710
   17.91666667   -0.06140958   -0.05038357   -0.04408359
   18.00000000   -0.06120835   -0.04996841   -0.04392175
   18.08333333   -0.06100874   -0.04954005   -0.04376155
   18.16666667   -0.06081075   -0.04909642   -0.04360296
   18.25000000   -0.06061435   -0.04864123   -0.04344597
   18.33333333   -0.06041953   -0.04818153   -0.04329055
   18.41666667   -0.06022627   -0.04772270   -0.04313667
   18.50000000   -0.06003454   -0.04726428   -0.04298431
   18.58333333   -0.05984433   -0.04679927   -0.04283345
   18.66666667   -0.05965562   -0.04631790   -0.04268408
   18.75000000   -0.05946840   -0.04581366   -0.04253615
   18.83333333   -0.05928265   -0.04528768   -0.04238967
   18.91666667   -0.05909835   -0.04474845   -0.04224460
   19.00000000   -0.05891548   -0.04420632   -0.04210092
   19.08333333   -0.05873403   -0.04366604   -0.04195862
   19.16666667   -0.05855398   -0.04312203   -0.04181768
   19.25000000   -0.05837532   -0.04256022   -0.04167807
   19.33333333   -0.05819802   -0.04196616   -0.04153978
   19.41666667   -0.05802209   -0.04133528   -0.04140279
   19.50000000   -0.05784749   -0.04067884   -0.04126708
   19.58333333   -0.05767421   -0.04002084   -0.04113264
   19.66666667   -0.05750225   -0.03938585   -0.04099944
   19.75000000   -0.05733158   -0.03878313   -0.04086747
   19.83333333   -0.05716218   -0.03819557   -0.04073671
   19.91666667   -0.05699406   -0.03758016   -0.04060715
   20.00000000   -0.05682719   -0.03688187   -0.04047877
