  -20.00000000    0.06804984    0.04497200    0.01441787
  -19.91666667    0.06833365    0.04583904    0.01448607
  -19.83333333    0.06861972    0.04661277    0.01455490
  -19.75000000    0.06890811    0.04734942    0.01462439
  -19.66666667    0.06919881    0.04809384    0.01469454
  -19.58333333    0.06949186    0.04886511    0.01476535
  -19.50000000    0.06978730    0.04965552    0.01483684
  -19.41666667    0.07008515    0.05044156    0.01490902
  -19.33333333    0.07038542    0.05119986    0.01498190
  -19.25000000    0.07068817    0.05191941    0.01505548
  -19.16666667    0.07099340    0.05260478    0.01512978
  -19.08333333    0.07130115    0.05327022    0.01520481
  -19.00000000    0.07161147    0.05392944    0.01528057
  -18.91666667    0.07192436    0.05458766    0.01535708
  -18.83333333    0.07223986    0.05524000    0.01543435
  -18.75000000    0.07255801    0.05587628    0.01551240
  -18.66666667    0.07287884    0.05648855    0.01559122
  -18.58333333    0.07320237    0.05707625    0.01567083
  -18.50000000    0.07352864    0.05764632    0.01575125
  -18.41666667    0.07385769    0.05820852    0.01583249
  -18.33333333    0.07418954    0.05876947    0.01591455
  -18.25000000    0.07452424    0.05932916    0.01599746
  -18.16666667    0.07486182    0.05988195    0.01608122
  -18.08333333    0.07520230    0.06042102    0.01616584
  -18.00000000    0.07554573    0.06094329    0.01625135
  -17.91666667    0.07589215    0.06145152    0.01633775
  -17.83333333    0.07624158    0.06195255    0.01642505
  -17.75000000    0.07659408    0.06245303    0.01651328
  -17.66666667    0.07694967    0.06295541    0.01660244
  -17.58333333    0.07730839    0.06345689    0.01669255
  -17.50000000    0.07767029    0.06395181    0.01678363
  -17.41666667    0.07803540    0.06443568    0.01687568
  -17.33333333    0.07840376    0.06490833    0.01696873
  -17.25000000    0.07877541    0.06537413    0.01706280
  -17.16666667    0.07915041    0.06583917    0.01715789
  -17.08333333    0.07952877    0.06630750    0.01725402
  -17.00000000    0.07991057    0.06677873    0.01735121
  -16.91666667    0.08029582    0.06724863    0.01744948
  -16.83333333    0.08068458    0.06771217    0.01754885
  -16.75000000    0.08107690    0.06816701    0.01764933
  -16.66666667    0.08147282    0.06861510    0.01775094
  -16.58333333    0.08187237    0.06906151    0.01785370
  -16.50000000    0.08227562    0.06951120    0.01795763
  -16.41666667    0.08268262    0.06996590    0.01806275
  -16.33333333    0.08309339    0.07042323    0.01816908
  -16.25000000    0.08350801    0.07087841    0.01827664
  -16.16666667    0.08392652    0.07132753    0.01838545
  -16.08333333    0.08434895    0.07177026    0.01849553
  -16.00000000    0.08477538    0.07221008    0.01860690
  -15.91666667    0.08520585    0.07265211    0.01871959
  -15.83333333    0.08564042    0.07309985    0.01883362
  -15.75000000    0.08607914    0.07355303    0.01894901
  -15.66666667    0.08652205    0.07400788    0.01906579
  -15.58333333    0.08696924    0.07445975    0.01918397
  -15.50000000    0.08742073    0.07490621    0.01930359
  -15.41666667    0.08787659    0.07534872    0.01942468
  -15.33333333    0.08833689    0.07579173    0.01954725
  -15.25000000    0.08880168    0.07623989    0.01967133
  -15.16666667    0.08927101    0.07669505    0.01979696
  -15.08333333    0.08974496    0.07715519    0.01992416
  -15.00000000    0.09022358    0.07761578    0.02005295
  -14.91666667    0.09070694    0.07807283    0.02018337
  -14.83333333    0.09119510    0.07852556    0.02031546
  -14.75000000    0.09168812    0.07897695    0.02044923
  -14.66666667    0.09218607    0.07943191    0.02058472
  -14.58333333    0.09268902    0.07989411    0.02072197
  -14.50000000    0.09319703    0.08036372    0.02086100
  -14.41666667    0.09371017    0.08083728    0.02100186
  -14.33333333    0.09422853    0.08131009    0.02114457
  -14.25000000    0.09475215    0.08177926    0.02128918
  -14.16666667    0.09528111    0.08224567    0.02143572
  -14.08333333    0.09581551    0.08271350    0.02158422
  -14.00000000    0.09635539    0.08318755    0.02173473
  -13.91666667    0.09690083    0.08367020    0.02188729
  -13.83333333    0.09745193    0.08415993    0.02204193
  -13.75000000    0.09800874    0.08465232    0.02219871
  -13.66666667    0.09857135    0.08514298    0.02235765
  -13.58333333    0.09913985    0.08563043    0.02251882
  -13.50000000    0.09971430    0.08611717    0.02268224
  -13.41666667    0.10029480    0.08660811    0.02284798
  -13.33333333    0.10088142    0.08710747    0.02301607
  -13.25000000    0.10147425    0.08761608    0.02318657
  -13.16666667    0.10207337    0.08813091    0.02335953
  -13.08333333    0.10267888    0.08864702    0.02353500
  -13.00000000    0.10329084    0.08916082    0.02371303
  -12.91666667    0.10390937    0.08967248    0.02389368
  -12.83333333    0.10453455    0.09018585    0.02407701
  -12.75000000    0.10516645    0.09070613    0.02426307
  -12.66666667    0.10580519    0.09123649    0.02445192
  -12.58333333    0.10645086    0.09177610    0.02464364
  -12.50000000    0.10710353    0.09232070    0.02483827
  -12.41666667    0.10776331    0.09286533    0.02503588
  -12.33333333    0.10843032    0.09340764    0.02523655
  -12.25000000    0.10910461    0.09394945    0.02544035
  -12.16666667    0.10978632    0.09449571    0.02564733
  -12.08333333    0.11047553    0.09505135    0.02585759
  -12.00000000    0.11117234    0.09561816    0.02607119
  -11.91666667    0.11187686    0.09619366    0.02628821
  -11.83333333    0.11258919    0.09677271    0.02650874
  -11.75000000    0.11330943    0.09735087    0.02673286
  -11.66666667    0.11403768    0.09792732    0.02696065
  -11.58333333    0.11477406    0.09850551    0.02719220
  -11.50000000    0.11551866    0.09909102    0.02742761
  -11.41666667    0.11627160    0.09968805    0.02766697
  -11.33333333    0.11703298    0.10029673    0.02791038
  -11.25000000    0.11780290    0.10091307    0.02815794
  -11.16666667    0.11858149    0.10153152    0.02840975
  -11.08333333    0.11936884    0.10214864    0.02866592
  -11.00000000    0.12016507    0.10276537    0.02892657
  -10.91666667    0.12097028    0.10338657    0.02919181
  -10.83333333    0.12178459    0.10401796    0.02946176
  -10.75000000    0.12260810    0.10466254    0.02973655
  -10.66666667    0.12344093    0.10531865    0.03001629
  -10.58333333    0.12428319    0.10598105    0.03030114
  -10.50000000    0.12513497    0.10664434    0.03059121
  -10.41666667    0.12599640    0.10730647    0.03088666
  -10.33333333    0.12686758    0.10797025    0.03118764
  -10.25000000    0.12774862    0.10864159    0.03149429
  -10.16666667    0.12863963    0.10932584    0.03180677
  -10.08333333    0.12954071    0.11002441    0.03212526
  -10.00000000    0.13045196    0.11073381    0.03244993
   -9.91666667    0.13137349    0.11144798    0.03278094
   -9.83333333    0.13230540    0.11216217    0.03311849
   -9.75000000    0.13324779    0.11287615    0.03346276
   -9.66666667    0.13420075    0.11359447    0.03381396
   -9.58333333    0.13516438    0.11432368    0.03417230
   -9.50000000    0.13613876    0.11506821    0.03453798
   -9.41666667    0.13712399    0.11582755    0.03491124
   -9.33333333    0.13812016    0.11659656    0.03529231
   -9.25000000    0.13912732    0.11736882    0.03568143
   -9.16666667    0.14014557    0.11814083    0.03607886
   -9.08333333    0.14117498    0.11891435    0.03648487
   -9.00000000    0.14221560    0.11969553    0.03689971
   -8.91666667    0.14326749    0.12049097    0.03732370
   -8.83333333    0.14433073    0.12130367    0.03775712
   -8.75000000    0.14540532    0.12213102    0.03820029
   -8.66666667    0.14649133    0.12296651    0.03865354
   -8.58333333    0.14758880    0.12380397    0.03911722
   -8.50000000    0.14869771    0.12464159    0.03959167
   -8.41666667    0.14981809    0.12548332    0.04007729
   -8.33333333    0.15094996    0.12633647    0.04057446
   -8.25000000    0.15209329    0.12720714    0.04108358
   -8.16666667    0.15324805    0.12809638    0.04160511
   -8.08333333    0.15441423    0.12899947    0.04213949
   -8.00000000    0.15559175    0.12990894    0.04268719
   -7.91666667    0.15678058    0.13081950    0.04324872
   -7.83333333    0.15798061    0.13173150    0.04382460
   -7.75000000    0.15919177    0.13265100    0.04441539
   -7.66666667    0.16041393    0.13358599    0.04502166
   -7.58333333    0.16164696    0.13454141    0.04564403
   -7.50000000    0.16289072    0.13551595    0.04628315
   -7.41666667    0.16414503    0.13650291    0.04693969
   -7.33333333    0.16540967    0.13749444    0.04761437
   -7.25000000    0.16668446    0.13848675    0.04830796
   -7.16666667    0.16796914    0.13948271    0.04902125
   -7.08333333    0.16926342    0.14049025    0.04975508
   -7.00000000    0.17056703    0.14151743    0.05051038
   -6.91666667    0.17187963    0.14256733    0.05128807
   -6.83333333    0.17320086    0.14363604    0.05208917
   -6.75000000    0.17453034    0.14471511    0.05291476
   -6.66666667    0.17586764    0.14579701    0.05376596
   -6.58333333    0.17721231    0.14688011    0.05464400
   -6.50000000    0.17856386    0.14796996    0.05555015
   -6.41666667    0.17992177    0.14907598    0.05648581
   -6.33333333    0.18128545    0.15020553    0.05745241
   -6.25000000    0.18265434    0.15135917    0.05845155
   -6.16666667    0.18402778    0.15253024    0.05948489
   -6.08333333    0.18540509    0.15370899    0.06055421
   -6.00000000    0.18678556    0.15488896    0.06166145
   -5.91666667    0.18816845    0.15607127    0.06280866
   -5.83333333    0.18955294    0.15726419    0.06399805
   -5.75000000    0.19093822    0.15847800    0.06523202
   -5.66666667    0.19232344    0.15971850    0.06651313
   -5.58333333    0.19370768    0.16098308    0.06784415
   -5.50000000    0.19509004    0.16226228    0.06922808
   -5.41666667    0.19646956    0.16354569    0.07066815
   -5.33333333    0.19784527    0.16482872    0.07216789
   -5.25000000    0.19921618    0.16611574    0.07373112
   -5.16666667    0.20058130    0.16741752    0.07536199
   -5.08333333    0.20193963    0.16874439    0.07706503
   -5.00000000    0.20329018    0.17009952    0.07884519
   -4.91666667    0.20463199    0.17147652    0.08070788
   -4.83333333    0.20596410    0.17286320    0.08265902
   -4.75000000    0.20728563    0.17424921    0.08470518
   -4.66666667    0.20859575    0.17563265    0.08685351
   -4.58333333    0.20989369    0.17702147    0.08911194
   -4.50000000    0.21117881    0.17842844    0.09148929
   -4.41666667    0.21245058    0.17986274    0.09399528
   -4.33333333    0.21370860    0.18132364    0.09664076
   -4.25000000    0.21495268    0.18280020    0.09943786
   -4.16666667    0.21618281    0.18427765    0.10240013
   -4.08333333    0.21739920    0.18574642    0.10554276
   -4.00000000    0.21860238    0.18720803    0.10888295
   -3.91666667    0.21979315    0.18867396    0.11244007
   -3.83333333    0.22097267    0.19015793    0.11623614
   -3.75000000    0.22214249    0.19166620    0.12029623
   -3.66666667    0.22330458    0.19319227    0.12464906
   -3.58333333    0.22446138    0.19471954    0.12932762
   -3.50000000    0.22561583    0.19623047    0.13436996
   -3.41666667    0.22677140    0.19771668    0.13982029
   -3.33333333    0.22793214    0.19918330    0.14573018
   -3.25000000    0.22910267    0.20064452    0.15216004
   -3.16666667    0.23028820    0.20211272    0.15918125
   -3.08333333    0.23149454    0.20358792    0.16687854
   -3.00000000    0.23272803    0.20505452    0.17535318
   -2.91666667    0.23399549    0.20648758    0.18472719
   -2.83333333    0.23530414    0.20786525    0.19514866
   -2.75000000    0.23666144    0.20917927    0.20679875
   -2.66666667    0.23807485    0.21043666    0.21990124
   -2.58333333    0.23955158    0.21165076    0.23473505
   -2.50000000    0.24109817    0.21282672    0.25165124
   -2.41666667    0.24271997    0.21395061    0.27109667
   -2.33333333    0.24442048    0.21498918    0.29364642
   -2.25000000    0.24620048    0.21590120    0.32004883
   -2.16666667    0.24805690    0.21665332    0.35128948
   -2.08333333    0.24998147    0.21723027    0.38868020
   -2.00000000    0.25195896    0.21763185    0.43398212
   -1.91666667    0.25396506    0.21785746    0.48957068
   -1.83333333    0.25596380    0.21788683    0.55863157
   -1.75000000    0.25790451    0.21766904    0.64532528
   -1.66666667    0.25971818    0.21712731    0.75467134
   -1.58333333    0.26131343    0.21617728    0.89139715
   -1.50000000    0.26257216    0.21474747    1.05576620
   -1.41666667    0.26334505    0.21278792    1.23260287
   -1.33333333    0.26344754    0.21025924    1.37257683
   -1.25000000    0.26265698    0.20710674    1.38948805
   -1.16666667    0.26071197    0.20323431    1.22674709
   -1.08333333    0.25731548    0.19849521    0.94253357
   -1.00000000    0.25214327    0.19270841    0.65416015
   -0.91666667    0.24485948    0.18569350    0.42846749
   -0.83333333    0.23514052    0.17730530    0.27230947
   -0.75000000    0.22270733    0.16744665    0.16962836
   -0.66666667    0.20736392    0.15604988    0.10324714
   -0.58333333    0.18903759    0.14303701    0.06051984
   -0.50000000    0.16781359    0.12828574    0.03311787
   -0.41666667    0.14395534    0.11163141    0.01573817
   -0.33333333    0.11790305    0.09292102    0.00501531
   -0.25000000    0.09024674    0.07210870   -0.00120662
   -0.16666667    0.06167636    0.04935647   -0.00432859
   -0.08333333    0.03291758    0.02509370   -0.00527515
    0.00000000    0.00466547    0.00000000    0.00466547
    0.08333333   -0.02247177   -0.02509370    0.00291951
    0.16666667   -0.04801064   -0.04935647    0.00032495
    0.25000000   -0.07160901   -0.07210870   -0.00291987
    0.33333333   -0.09306353   -0.09292102   -0.00667811
    0.41666667   -0.11229339   -0.11163141   -0.01085591
    0.50000000   -0.12931640   -0.12828574   -0.01538999
    0.58333333   -0.14422292   -0.14303701   -0.02023924
    0.66666667   -0.15715153   -0.15604988   -0.02537899
    0.75000000   -0.16826848   -0.16744665   -0.03079691
    0.83333333   -0.17775176   -0.17730530   -0.03649030
    0.91666667   -0.18577966   -0.18569350   -0.04246415
    1.00000000   -0.19252304   -0.19270841   -0.04872974
    1.08333333   -0.19814077   -0.19849521   -0.05530380
    1.16666667   -0.20277734   -0.20323431   -0.06220785
    1.25000000   -0.20656206   -0.20710674   -0.06946788
    1.33333333   -0.20960923   -0.21025924   -0.07711406
    1.41666667   -0.21201902   -0.21278792   -0.08518073
    1.50000000   -0.21387867   -0.21474747   -0.09370642
    1.58333333   -0.21526375   -0.21617728   -0.10273385
    1.66666667   -0.21623954   -0.21712731   -0.11231010
    1.75000000   -0.21686233   -0.21766904   -0.12248676
    1.83333333   -0.21718056   -0.21788683   -0.13332000
    1.91666667   -0.21723595   -0.21785746   -0.14487066
    2.00000000   -0.21706439   -0.21763185   -0.15720427
    2.08333333   -0.21669682   -0.21723027   -0.17039082
    2.16666667   -0.21615990   -0.21665332   -0.18450452
    2.25000000   -0.21547666   -0.21590120   -0.19962291
    2.33333333   -0.21466702   -0.21498918   -0.21582596
    2.41666667   -0.21374823   -0.21395061   -0.23319436
    2.50000000   -0.21273529   -0.21282672   -0.25180686
    2.58333333   -0.21164122   -0.21165076   -0.27173714
    2.66666667   -0.21047737   -0.21043666   -0.29304895
    2.75000000   -0.20925367   -0.20917927   -0.31578967
    2.83333333   -0.20797880   -0.20786525   -0.33998253
    2.91666667   -0.20666038   -0.20648758   -0.36561619
    3.00000000   -0.20530509   -0.20505452   -0.39263201
    3.08333333   -0.20391883   -0.20358792   -0.42090987
    3.16666667   -0.20250678   -0.20211272   -0.45025163
    3.25000000   -0.20107355   -0.20064452   -0.48036417
    3.33333333   -0.19962320   -0.19918330   -0.51084455
    3.41666667   -0.19815931   -0.19771668   -0.54116884
    3.50000000   -0.19668509   -0.19623047   -0.57068905
    3.58333333   -0.19520338   -0.19471954   -0.59864346
    3.66666667   -0.19371668   -0.19319227   -0.62418251
    3.75000000   -0.19222726   -0.19166620   -0.64641371
    3.83333333   -0.19073711   -0.19015793   -0.66446509
    3.91666667   -0.18924800   -0.18867396   -0.67756041
    4.00000000   -0.18776153   -0.18720803   -0.68509715
    4.08333333   -0.18627910   -0.18574642   -0.68671401
    4.16666667   -0.18480198   -0.18427765   -0.68233414
    4.25000000   -0.18333128   -0.18280020   -0.67217526
    4.33333333   -0.18186799   -0.18132364   -0.65672449
    4.41666667   -0.18041301   -0.17986274   -0.63668291
    4.50000000   -0.17896710   -0.17842844   -0.61289103
    4.58333333   -0.17753097   -0.17702147   -0.58625035
    4.66666667   -0.17610524   -0.17563265   -0.55765143
    4.75000000   -0.17469042   -0.17424921   -0.52791718
    4.83333333   -0.17328700   -0.17286320   -0.49776681
    4.91666667   -0.17189540   -0.17147652   -0.46779674
    5.00000000   -0.17051596   -0.17009952   -0.43847660
    5.08333333   -0.16914899   -0.16874439   -0.41015747
    5.16666667   -0.16779477   -0.16741752   -0.38308521
    5.25000000   -0.16645350   -0.16611574   -0.35741669
    5.33333333   -0.16512537   -0.16482872   -0.33323796
    5.41666667   -0.16381055   -0.16354569   -0.31057976
    5.50000000   -0.16250914   -0.16226228   -0.28943124
    5.58333333   -0.16122125   -0.16098308   -0.26975242
    5.66666667   -0.15994695   -0.15971850   -0.25148322
    5.75000000   -0.15868627   -0.15847800   -0.23455053
    5.83333333   -0.15743925   -0.15726419   -0.21887443
    5.91666667   -0.15620590   -0.15607127   -0.20437193
    6.00000000   -0.15498620   -0.15488896   -0.19095973
    6.08333333   -0.15378013   -0.15370899   -0.17855674
    6.16666667   -0.15258766   -0.15253024   -0.16708516
    6.25000000   -0.15140872   -0.15135917   -0.15647118
    6.33333333   -0.15024326   -0.15020553   -0.14664576
    6.41666667   -0.14909121   -0.14907598   -0.13754468
    6.50000000   -0.14795248   -0.14796996   -0.12910839
    6.58333333   -0.14682698   -0.14688011   -0.12128214
    6.66666667   -0.14571462   -0.14579701   -0.11401571
    6.75000000   -0.14461529   -0.14471511   -0.10726294
    6.83333333   -0.14352888   -0.14363604   -0.10098177
    6.91666667   -0.14245528   -0.14256733   -0.09513379
    7.00000000   -0.14139437   -0.14151743   -0.08968387
    7.08333333   -0.14034601   -0.14049025   -0.08460005
    7.16666667   -0.13931010   -0.13948271   -0.07985322
    7.25000000   -0.13828649   -0.13848675   -0.07541674
    7.33333333   -0.13727505   -0.13749444   -0.07126640
    7.41666667   -0.13627566   -0.13650291   -0.06738014
    7.50000000   -0.13528816   -0.13551595   -0.06373772
    7.58333333   -0.13431242   -0.13454141   -0.06032077
    7.66666667   -0.13334831   -0.13358599   -0.05711247
    7.75000000   -0.13239568   -0.13265100   -0.05409739
    7.83333333   -0.13145439   -0.13173150   -0.05126148
    7.91666667   -0.13052430   -0.13081950   -0.04859187
    8.00000000   -0.12960527   -0.12990894   -0.04607669
    8.08333333   -0.12869716   -0.12899947   -0.04370514
    8.16666667   -0.12779981   -0.12809638   -0.04146722
    8.25000000   -0.12691311   -0.12720714   -0.03935382
    8.33333333   -0.12603690   -0.12633647   -0.03735652
    8.41666667   -0.12517103   -0.12548332   -0.03546752
    8.50000000   -0.12431539   -0.12464159   -0.03367974
    8.58333333   -0.12346982   -0.12380397   -0.03198655
    8.66666667   -0.12263418   -0.12296651   -0.03038186
    8.75000000   -0.12180834   -0.12213102   -0.02886007
    8.83333333   -0.12099217   -0.12130367   -0.02741596
    8.91666667   -0.12018552   -0.12049097   -0.02604471
    9.00000000   -0.11938828   -0.11969553   -0.02474187
    9.08333333   -0.11860030   -0.11891435   -0.02350329
    9.16666667   -0.11782145   -0.11814083   -0.02232511
    9.25000000   -0.11705161   -0.11736882   -0.02120378
    9.33333333   -0.11629065   -0.11659656   -0.02013597
    9.41666667   -0.11553843   -0.11582755   -0.01911858
    9.50000000   -0.11479485   -0.11506821   -0.01814874
    9.58333333   -0.11405976   -0.11432368   -0.01722377
    9.66666667   -0.11333306   -0.11359447   -0.01634114
    9.75000000   -0.11261462   -0.11287615   -0.01549853
    9.83333333   -0.11190432   -0.11216217   -0.01469376
    9.91666667   -0.11120204   -0.11144798   -0.01392477
   10.00000000   -0.11050768   -0.11073381   -0.01318966
   10.08333333   -0.10982112   -0.11002441   -0.01248663
   10.16666667   -0.10914223   -0.10932584   -0.01181400
   10.25000000   -0.10847092   -0.10864159   -0.01117020
   10.33333333   -0.10780708   -0.10797025   -0.01055376
   10.41666667   -0.10715058   -0.10730647   -0.00996327
   10.50000000   -0.10650135   -0.10664434   -0.00939745
   10.58333333   -0.10585925   -0.10598105   -0.00885507
   10.66666667   -0.10522420   -0.10531865   -0.00833496
   10.75000000   -0.10459609   -0.10466254   -0.00783605
   10.83333333   -0.10397483   -0.10401796   -0.00735732
   10.91666667   -0.10336030   -0.10338657   -0.00689778
   11.00000000   -0.10275242   -0.10276537   -0.00645655
   11.08333333   -0.10215110   -0.10214864   -0.00603276
   11.16666667   -0.10155623   -0.10153152   -0.00562559
   11.25000000   -0.10096772   -0.10091307   -0.00523428
   11.33333333   -0.10038550   -0.10029673   -0.00485812
   11.41666667   -0.09980945   -0.09968805   -0.00449640
   11.50000000   -0.09923950   -0.09909102   -0.00414849
   11.58333333   -0.09867557   -0.09850551   -0.00381377
   11.66666667   -0.09811755   -0.09792732   -0.00349166
   11.75000000   -0.09756538   -0.09735087   -0.00318161
   11.83333333   -0.09701897   -0.09677271   -0.00288310
   11.91666667   -0.09647822   -0.09619366   -0.00259562
   12.00000000   -0.09594308   -0.09561816   -0.00231872
   12.08333333   -0.09541346   -0.09505135   -0.00205194
   12.16666667   -0.09488928   -0.09449571   -0.00179485
   12.25000000   -0.09437046   -0.09394945   -0.00154707
   12.33333333   -0.09385694   -0.09340764   -0.00130819
   12.41666667   -0.09334862   -0.09286533   -0.00107786
   12.50000000   -0.09284545   -0.09232070   -0.00085573
   12.58333333   -0.09234736   -0.09177610   -0.00064147
   12.66666667   -0.09185426   -0.09123649   -0.00043476
   12.75000000   -0.09136610   -0.09070613   -0.00023531
   12.83333333   -0.09088280   -0.09018585   -0.00004283
   12.91666667   -0.09040430   -0.08967248    0.00014296
   13.00000000   -0.08993054   -0.08916082    0.00032231
   13.08333333   -0.08946144   -0.08864702    0.00049548
   13.16666667   -0.08899694   -0.08813091    0.00066269
   13.25000000   -0.08853699   -0.08761608    0.00082418
   13.33333333   -0.08808151   -0.08710747    0.00098017
   13.41666667   -0.08763046   -0.08660811    0.00113085
   13.50000000   -0.08718376   -0.08611717    0.00127643
   13.58333333   -0.08674137   -0.08563043    0.00141710
   13.66666667   -0.08630322   -0.08514298    0.00155303
   13.75000000   -0.08586925   -0.08465232    0.00168440
   13.83333333   -0.08543942   -0.08415993    0.00181138
   13.91666667   -0.08501366   -0.08367020    0.00193412
   14.00000000   -0.08459192   -0.08318755    0.00205277
   14.08333333   -0.08417416   -0.08271350    0.00216749
   14.16666667   -0.08376030   -0.08224567    0.00227840
   14.25000000   -0.08335032   -0.08177926    0.00238565
   14.33333333   -0.08294415   -0.08131009    0.00248936
   14.41666667   -0.08254174   -0.08083728    0.00258966
   14.50000000   -0.08214305   -0.08036372    0.00268666
   14.58333333   -0.08174802   -0.07989411    0.00278048
   14.66666667   -0.08135661   -0.07943191    0.00287122
   14.75000000   -0.08096878   -0.07897695    0.00295899
   14.83333333   -0.08058447   -0.07852556    0.00304390
   14.91666667   -0.08020365   -0.07807283    0.00312602
   15.00000000   -0.07982626   -0.07761578    0.00320547
   15.08333333   -0.07945227   -0.07715519    0.00328233
   15.16666667   -0.07908162   -0.07669505    0.00335668
   15.25000000   -0.07871428   -0.07623989    0.00342861
   15.33333333   -0.07835021   -0.07579173    0.00349819
   15.41666667   -0.07798936   -0.07534872    0.00356551
   15.50000000   -0.07763170   -0.07490621    0.00363063
   15.58333333   -0.07727718   -0.07445975    0.00369362
   15.66666667   -0.07692577   -0.07400788    0.00375456
   15.75000000   -0.07657742   -0.07355303    0.00381351
   15.83333333   -0.07623210   -0.07309985    0.00387054
   15.91666667   -0.07588977   -0.07265211    0.00392570
   16.00000000   -0.07555040   -0.07221008    0.00397905
   16.08333333   -0.07521394   -0.07177026    0.00403065
   16.16666667   -0.07488037   -0.07132753    0.00408055
   16.25000000   -0.07454964   -0.07087841    0.00412881
   16.33333333   -0.07422172   -0.07042323    0.00417548
   16.41666667   -0.07389659   -0.06996590    0.00422060
   16.50000000   -0.07357419   -0.06951120    0.00426423
   16.58333333   -0.07325450   -0.06906151    0.00430641
   16.66666667   -0.07293750   -0.06861510    0.00434717
   16.75000000   -0.07262314   -0.06816701    0.00438658
   16.83333333   -0.07231140   -0.06771217    0.00442466
   16.91666667   -0.07200225   -0.06724863    0.00446146
   17.00000000   -0.07169564   -0.06677873    0.00449701
   17.08333333   -0.07139155   -0.06630750    0.00453136
   17.16666667   -0.07108997   -0.06583917    0.00456453
   17.25000000   -0.07079084   -0.06537413    0.00459656
   17.33333333   -0.07049415   -0.06490833    0.00462749
   17.41666667   -0.07019987   -0.06443568    0.00465735
   17.50000000   -0.06990796   -0.06395181    0.00468616
   17.58333333   -0.06961840   -0.06345689    0.00471397
   17.66666667   -0.06933117   -0.06295541    0.00474080
   17.75000000   -0.06904623   -0.06245303    0.00476667
   17.83333333   -0.06876357   -0.06195255    0.00479162
   17.91666667   -0.06848315   -0.06145152    0.00481566
   18.00000000   -0.06820495   -0.06094329    0.00483884
   18.08333333   -0.06792894   -0.06042102    0.00486116
   18.16666667   -0.06765510   -0.05988195    0.00488267
   18.25000000   -0.06738340   -0.05932916    0.00490337
   18.33333333   -0.06711383   -0.05876947    0.00492329
   18.41666667   -0.06684635   -0.05820852    0.00494246
   18.50000000   -0.06658094   -0.05764632    0.00496089
   18.58333333   -0.06631758   -0.05707625    0.00497861
   18.66666667   -0.06605625   -0.05648855    0.00499563
   18.75000000   -0.06579692   -0.05587628    0.00501198
   18.83333333   -0.06553957   -0.05524000    0.00502767
   18.91666667   -0.06528419   -0.05458766    0.00504272
   19.00000000   -0.06503073   -0.05392944    0.00505715
   19.08333333   -0.06477920   -0.05327022    0.00507098
   19.16666667   -0.06452957   -0.05260478    0.00508422
   19.25000000   -0.06428180   -0.05191941    0.00509689
   19.33333333   -0.06403590   -0.05119986    0.00510901
   19.41666667   -0.06379183   -0.05044156    0.00512058
   19.50000000   -0.06354957   -0.04965552    0.00513163
   19.58333333   -0.06330911   -0.04886511    0.00514217
   19.66666667   -0.06307042   -0.04809384    0.00515221
   19.75000000   -0.06283349   -0.04734942    0.00516176
   19.83333333   -0.06259830   -0.04661277    0.00517085
   19.91666667   -0.06236483   -0.04583904    0.00517947
   20.00000000   -0.06213306   -0.04497200    0.00518766
