  -20.00000000    0.08030950    0.04316940    0.00958042
  -19.91666667    0.08062512    0.04398152    0.00966149
  -19.83333333    0.08094333    0.04469665    0.00974334
  -19.75000000    0.08126418    0.04537235    0.00982598
  -19.66666667    0.08158769    0.04605566    0.00990942
  -19.58333333    0.08191389    0.04676814    0.00999368
  -19.50000000    0.08224283    0.04750407    0.01007877
  -19.41666667    0.08257452    0.04824059    0.01016469
  -19.33333333    0.08290901    0.04895341    0.01025147
  -19.25000000    0.08324632    0.04962959    0.01033911
  -19.16666667    0.08358651    0.05027188    0.01042762
  -19.08333333    0.08392957    0.05089377    0.01051702
  -19.00000000    0.08427558    0.05150966    0.01060733
  -18.91666667    0.08462456    0.05212639    0.01069855
  -18.83333333    0.08497654    0.05274051    0.01079069
  -18.75000000    0.08533156    0.05334218    0.01088378
  -18.66666667    0.08568966    0.05392235    0.01097783
  -18.58333333    0.08605088    0.05447859    0.01107284
  -18.50000000    0.08641525    0.05501632    0.01116884
  -18.41666667    0.08678283    0.05554499    0.01126584
  -18.33333333    0.08715362    0.05607234    0.01136385
  -18.25000000    0.08752771    0.05660011    0.01146289
  -18.16666667    0.08790511    0.05712393    0.01156298
  -18.08333333    0.08828586    0.05763691    0.01166412
  -18.00000000    0.08867002    0.05813459    0.01176635
  -17.91666667    0.08905763    0.05861782    0.01186967
  -17.83333333    0.08944871    0.05909225    0.01197410
  -17.75000000    0.08984334    0.05956471    0.01207966
  -17.66666667    0.09024154    0.06003912    0.01218637
  -17.58333333    0.09064336    0.06051451    0.01229424
  -17.50000000    0.09104887    0.06098616    0.01240330
  -17.41666667    0.09145808    0.06144907    0.01251355
  -17.33333333    0.09187106    0.06190140    0.01262503
  -17.25000000    0.09228786    0.06234566    0.01273775
  -17.16666667    0.09270853    0.06278714    0.01285173
  -17.08333333    0.09313310    0.06323058    0.01296699
  -17.00000000    0.09356165    0.06367738    0.01308356
  -16.91666667    0.09399421    0.06412503    0.01320145
  -16.83333333    0.09443084    0.06456904    0.01332068
  -16.75000000    0.09487160    0.06500607    0.01344128
  -16.66666667    0.09531655    0.06543617    0.01356328
  -16.58333333    0.09576572    0.06586275    0.01368668
  -16.50000000    0.09621919    0.06629042    0.01381153
  -16.41666667    0.09667701    0.06672213    0.01393784
  -16.33333333    0.09713923    0.06715746    0.01406563
  -16.25000000    0.09760592    0.06759310    0.01419494
  -16.16666667    0.09807714    0.06802521    0.01432578
  -16.08333333    0.09855294    0.06845201    0.01445819
  -16.00000000    0.09903340    0.06887495    0.01459219
  -15.91666667    0.09951856    0.06929780    0.01472782
  -15.83333333    0.10000851    0.06972427    0.01486509
  -15.75000000    0.10050329    0.07015570    0.01500404
  -15.66666667    0.10100298    0.07059038    0.01514470
  -15.58333333    0.10150765    0.07102476    0.01528709
  -15.50000000    0.10201736    0.07145592    0.01543126
  -15.41666667    0.10253217    0.07188349    0.01557722
  -15.33333333    0.10305218    0.07230992    0.01572502
  -15.25000000    0.10357743    0.07273891    0.01587469
  -15.16666667    0.10410801    0.07317312    0.01602626
  -15.08333333    0.10464399    0.07361248    0.01617977
  -15.00000000    0.10518544    0.07405440    0.01633525
  -14.91666667    0.10573244    0.07449556    0.01649274
  -14.83333333    0.10628508    0.07493409    0.01665228
  -14.75000000    0.10684341    0.07537087    0.01681390
  -14.66666667    0.10740753    0.07580897    0.01697765
  -14.58333333    0.10797752    0.07625168    0.01714357
  -14.50000000    0.10855345    0.07670048    0.01731169
  -14.41666667    0.10913541    0.07715414    0.01748207
  -14.33333333    0.10972350    0.07760962    0.01765474
  -14.25000000    0.11031778    0.07806413    0.01782975
  -14.16666667    0.11091834    0.07851695    0.01800715
  -14.08333333    0.11152529    0.07896999    0.01818698
  -14.00000000    0.11213870    0.07942653    0.01836929
  -13.91666667    0.11275867    0.07988920    0.01855413
  -13.83333333    0.11338529    0.08035830    0.01874156
  -13.75000000    0.11401865    0.08083168    0.01893163
  -13.66666667    0.11465885    0.08130623    0.01912438
  -13.58333333    0.11530598    0.08177995    0.01931988
  -13.50000000    0.11596015    0.08225327    0.01951818
  -13.41666667    0.11662144    0.08272884    0.01971934
  -13.33333333    0.11728997    0.08320985    0.01992342
  -13.25000000    0.11796583    0.08369799    0.02013048
  -13.16666667    0.11864912    0.08419248    0.02034059
  -13.08333333    0.11933996    0.08469056    0.02055382
  -13.00000000    0.12003843    0.08518939    0.02077021
  -12.91666667    0.12074466    0.08568794    0.02098986
  -12.83333333    0.12145876    0.08618769    0.02121282
  -12.75000000    0.12218082    0.08669173    0.02143918
  -12.66666667    0.12291096    0.08720280    0.02166900
  -12.58333333    0.12364930    0.08772160    0.02190237
  -12.50000000    0.12439594    0.08824636    0.02213936
  -12.41666667    0.12515100    0.08877405    0.02238005
  -12.33333333    0.12591461    0.08930241    0.02262454
  -12.25000000    0.12668686    0.08983146    0.02287290
  -12.16666667    0.12746788    0.09036356    0.02312524
  -12.08333333    0.12825780    0.09090191    0.02338163
  -12.00000000    0.12905672    0.09144856    0.02364217
  -11.91666667    0.12986477    0.09200314    0.02390697
  -11.83333333    0.13068208    0.09256311    0.02417613
  -11.75000000    0.13150876    0.09312552    0.02444974
  -11.66666667    0.13234493    0.09368893    0.02472793
  -11.58333333    0.13319074    0.09425441    0.02501079
  -11.50000000    0.13404628    0.09482497    0.02529845
  -11.41666667    0.13491169    0.09540359    0.02559101
  -11.33333333    0.13578711    0.09599142    0.02588862
  -11.25000000    0.13667264    0.09658706    0.02619139
  -11.16666667    0.13756841    0.09718750    0.02649945
  -11.08333333    0.13847456    0.09779016    0.02681295
  -11.00000000    0.13939120    0.09839460    0.02713201
  -10.91666667    0.14031846    0.09900288    0.02745678
  -10.83333333    0.14125648    0.09961834    0.02778743
  -10.75000000    0.14220534    0.10024347    0.02812409
  -10.66666667    0.14316520    0.10087835    0.02846693
  -10.58333333    0.14413618    0.10152070    0.02881612
  -10.50000000    0.14511837    0.10216734    0.02917183
  -10.41666667    0.14611191    0.10281636    0.02953423
  -10.33333333    0.14711692    0.10346843    0.02990353
  -10.25000000    0.14813349    0.10412643    0.03027990
  -10.16666667    0.14916174    0.10479371    0.03066354
  -10.08333333    0.15020179    0.10547196    0.03105467
  -10.00000000    0.15125372    0.10616020    0.03145349
   -9.91666667    0.15231764    0.10685543    0.03186022
   -9.83333333    0.15339366    0.10755467    0.03227512
   -9.75000000    0.15448183    0.10825692    0.03269840
   -9.66666667    0.15558226    0.10896395    0.03313033
   -9.58333333    0.15669503    0.10967924    0.03357116
   -9.50000000    0.15782020    0.11040579    0.03402116
   -9.41666667    0.15895783    0.11114432    0.03448061
   -9.33333333    0.16010799    0.11189277    0.03494981
   -9.25000000    0.16127070    0.11264775    0.03542907
   -9.16666667    0.16244602    0.11340678    0.03591869
   -9.08333333    0.16363397    0.11416997    0.03641902
   -9.00000000    0.16483456    0.11494013    0.03693040
   -8.91666667    0.16604778    0.11572098    0.03745319
   -8.83333333    0.16727364    0.11651492    0.03798777
   -8.75000000    0.16851209    0.11732146    0.03853453
   -8.66666667    0.16976309    0.11813767    0.03909388
   -8.58333333    0.17102660    0.11896005    0.03966626
   -8.50000000    0.17230251    0.11978695    0.04025211
   -8.41666667    0.17359074    0.12061973    0.04085191
   -8.33333333    0.17489117    0.12146201    0.04146615
   -8.25000000    0.17620362    0.12231745    0.04209535
   -8.16666667    0.17752796    0.12318750    0.04274004
   -8.08333333    0.17886398    0.12407044    0.04340081
   -8.00000000    0.18021144    0.12496264    0.04407824
   -7.91666667    0.18157010    0.12586089    0.04477297
   -7.83333333    0.18293965    0.12676466    0.04548564
   -7.75000000    0.18431978    0.12767654    0.04621697
   -7.66666667    0.18571012    0.12860072    0.04696767
   -7.58333333    0.18711026    0.12954041    0.04773852
   -7.50000000    0.18851976    0.13049582    0.04853033
   -7.41666667    0.18993813    0.13146407    0.04934394
   -7.33333333    0.19136481    0.13244111    0.05018027
   -7.25000000    0.19279923    0.13342441    0.05104026
   -7.16666667    0.19424073    0.13441475    0.05192493
   -7.08333333    0.19568860    0.13541587    0.05283534
   -7.00000000    0.19714209    0.13643220    0.05377262
   -6.91666667    0.19860035    0.13746607    0.05473796
   -6.83333333    0.20006249    0.13851628    0.05573263
   -6.75000000    0.20152755    0.13957888    0.05675798
   -6.66666667    0.20299448    0.14064978    0.05781545
   -6.58333333    0.20446216    0.14172749    0.05890655
   -6.50000000    0.20592939    0.14281426    0.06003292
   -6.41666667    0.20739488    0.14391475    0.06119627
   -6.33333333    0.20885727    0.14503317    0.06239846
   -6.25000000    0.21031509    0.14617060    0.06364146
   -6.16666667    0.21176679    0.14732428    0.06492738
   -6.08333333    0.21321071    0.14848940    0.06625847
   -6.00000000    0.21464514    0.14966224    0.06763718
   -5.91666667    0.21606820    0.15084269    0.06906609
   -5.83333333    0.21747797    0.15203445    0.07054799
   -5.75000000    0.21887241    0.15324279    0.07208592
   -5.66666667    0.22024939    0.15447118    0.07368312
   -5.58333333    0.22160668    0.15571900    0.07534308
   -5.50000000    0.22294196    0.15698187    0.07706962
   -5.41666667    0.22425283    0.15825441    0.07886684
   -5.33333333    0.22553680    0.15953368    0.08073919
   -5.25000000    0.22679131    0.16082117    0.08269154
   -5.16666667    0.22801376    0.16212193    0.08472915
   -5.08333333    0.22920147    0.16344128    0.08685779
   -5.00000000    0.23035174    0.16478130    0.08908376
   -4.91666667    0.23146187    0.16613923    0.09141397
   -4.83333333    0.23252913    0.16750903    0.09385597
   -4.75000000    0.23355085    0.16888500    0.09641812
   -4.66666667    0.23452442    0.17026536    0.09910962
   -4.58333333    0.23544728    0.17165330    0.10194061
   -4.50000000    0.23631704    0.17305474    0.10492240
   -4.41666667    0.23713145    0.17447429    0.10806749
   -4.33333333    0.23788847    0.17591174    0.11138985
   -4.25000000    0.23858634    0.17736159    0.11490511
   -4.16666667    0.23922357    0.17881597    0.11863077
   -4.08333333    0.23979905    0.18026906    0.12258653
   -4.00000000    0.24031213    0.18172034    0.12679467
   -3.91666667    0.24076260    0.18317434    0.13128037
   -3.83333333    0.24115083    0.18463700    0.13607236
   -3.75000000    0.24147780    0.18611076    0.14120337
   -3.66666667    0.24174519    0.18759172    0.14671100
   -3.58333333    0.24195542    0.18907053    0.15263858
   -3.50000000    0.24211172    0.19053683    0.15903624
   -3.41666667    0.24221818    0.19198430    0.16596235
   -3.33333333    0.24227980    0.19341306    0.17348523
   -3.25000000    0.24230252    0.19482769    0.18168519
   -3.16666667    0.24229321    0.19623191    0.19065737
   -3.08333333    0.24225966    0.19762322    0.20051513
   -3.00000000    0.24221054    0.19899095    0.21139437
   -2.91666667    0.24215529    0.20031920    0.22345935
   -2.83333333    0.24210400    0.20159281    0.23691006
   -2.75000000    0.24206718    0.20280269    0.25199178
   -2.66666667    0.24205550    0.20394665    0.26900812
   -2.58333333    0.24207939    0.20502509    0.28833804
   -2.50000000    0.24214856    0.20603373    0.31045847
   -2.41666667    0.24227138    0.20695800    0.33597529
   -2.33333333    0.24245407    0.20777279    0.36566419
   -2.25000000    0.24269975    0.20844778    0.40052465
   -2.16666667    0.24300720    0.20895526    0.44185016
   -2.08333333    0.24336944    0.20927490    0.49131154
   -2.00000000    0.24377194    0.20939213    0.55103944
   -1.91666667    0.24419059    0.20929023    0.62365723
   -1.83333333    0.24458934    0.20894064    0.71211540
   -1.75000000    0.24491742    0.20829759    0.81895596
   -1.66666667    0.24510648    0.20730051    0.94414392
   -1.58333333    0.24506742    0.20588317    1.07993217
   -1.50000000    0.24468740    0.20398355    1.20177154
   -1.41666667    0.24382720    0.20154762    1.26131572
   -1.33333333    0.24231948    0.19852349    1.20368466
   -1.25000000    0.23996861    0.19484850    1.01999476
   -1.16666667    0.23655296    0.19043713    0.77179892
   -1.08333333    0.23183051    0.18517822    0.53625290
   -1.00000000    0.22554877    0.17894526    0.35222465
   -0.91666667    0.21745982    0.17161538    0.22243214
   -0.83333333    0.20734019    0.16308683    0.13533876
   -0.75000000    0.19501495    0.15328407    0.07828067
   -0.66666667    0.18038351    0.14214675    0.04145789
   -0.58333333    0.16344350    0.12960940    0.01811295
   -0.50000000    0.14430834    0.11558734    0.00377660
   -0.41666667    0.12321371    0.09998516   -0.00447470
   -0.33333333    0.10051018    0.08273499   -0.00855860
   -0.25000000    0.07664114    0.06385655   -0.00974409
   -0.16666667    0.05210901    0.04351676   -0.00888010
   -0.08333333    0.02743477    0.02206156   -0.00654069
    0.00000000    0.00311770    0.00000000    0.00311770
    0.08333333   -0.02039868   -0.02206156   -0.00111955
    0.16666667   -0.04275030   -0.04351676   -0.00598539
    0.25000000   -0.06366431   -0.06385655   -0.01135200
    0.33333333   -0.08295998   -0.08273499   -0.01713223
    0.41666667   -0.10054102   -0.09998516   -0.02326788
    0.50000000   -0.11638285   -0.11558734   -0.02972168
    0.58333333   -0.13051733   -0.12960940   -0.03647170
    0.66666667   -0.14301766   -0.14214675   -0.04350742
    0.75000000   -0.15398462   -0.15328407   -0.05082697
    0.83333333   -0.16353522   -0.16308683   -0.05843512
    0.91666667   -0.17179372   -0.17161538   -0.06634182
    1.00000000   -0.17888503   -0.17894526   -0.07456115
    1.08333333   -0.18493018   -0.18517822   -0.08311048
    1.16666667   -0.19004332   -0.19043713   -0.09200985
    1.25000000   -0.19433011   -0.19484850   -0.10128148
    1.33333333   -0.19788689   -0.19852349   -0.11094927
    1.41666667   -0.20080055   -0.20154762   -0.12103836
    1.50000000   -0.20314883   -0.20398355   -0.13157477
    1.58333333   -0.20500081   -0.20588317   -0.14258478
    1.66666667   -0.20641763   -0.20730051   -0.15409448
    1.75000000   -0.20745318   -0.20829759   -0.16612908
    1.83333333   -0.20815488   -0.20894064   -0.17871207
    1.91666667   -0.20856435   -0.20929023   -0.19186427
    2.00000000   -0.20871814   -0.20939213   -0.20560275
    2.08333333   -0.20864828   -0.20927490   -0.21993931
    2.16666667   -0.20838286   -0.20895526   -0.23487897
    2.25000000   -0.20794652   -0.20844778   -0.25041791
    2.33333333   -0.20736089   -0.20777279   -0.26654146
    2.41666667   -0.20664497   -0.20695800   -0.28322160
    2.50000000   -0.20581547   -0.20603373   -0.30041412
    2.58333333   -0.20488707   -0.20502509   -0.31805612
    2.66666667   -0.20387273   -0.20394665   -0.33606301
    2.75000000   -0.20278387   -0.20280269   -0.35432577
    2.83333333   -0.20163057   -0.20159281   -0.37270895
    2.91666667   -0.20042173   -0.20031920   -0.39104911
    3.00000000   -0.19916526   -0.19899095   -0.40915419
    3.08333333   -0.19786813   -0.19762322   -0.42680495
    3.16666667   -0.19653655   -0.19623191   -0.44375779
    3.25000000   -0.19517601   -0.19482769   -0.45974969
    3.33333333   -0.19379139   -0.19341306   -0.47450602
    3.41666667   -0.19238705   -0.19198430   -0.48775006
    3.50000000   -0.19096685   -0.19053683   -0.49921453
    3.58333333   -0.18953423   -0.18907053   -0.50865459
    3.66666667   -0.18809225   -0.18759172   -0.51586081
    3.75000000   -0.18664365   -0.18611076   -0.52067116
    3.83333333   -0.18519086   -0.18463700   -0.52298107
    3.91666667   -0.18373604   -0.18317434   -0.52275000
    4.00000000   -0.18228112   -0.18172034   -0.52000401
    4.08333333   -0.18082783   -0.18026906   -0.51483404
    4.16666667   -0.17937771   -0.17881597   -0.50739004
    4.25000000   -0.17793209   -0.17736159   -0.49787149
    4.33333333   -0.17649221   -0.17591174   -0.48651592
    4.41666667   -0.17505914   -0.17447429   -0.47358594
    4.50000000   -0.17363382   -0.17305474   -0.45935612
    4.58333333   -0.17221710   -0.17165330   -0.44410163
    4.66666667   -0.17080973   -0.17026536   -0.42808797
    4.75000000   -0.16941235   -0.16888500   -0.41156285
    4.83333333   -0.16802554   -0.16750903   -0.39475115
    4.91666667   -0.16664980   -0.16613923   -0.37785130
    5.00000000   -0.16528557   -0.16478130   -0.36103357
    5.08333333   -0.16393322   -0.16344128   -0.34444070
    5.16666667   -0.16259309   -0.16212193   -0.32818892
    5.25000000   -0.16126543   -0.16082117   -0.31236969
    5.33333333   -0.15995049   -0.15953368   -0.29705281
    5.41666667   -0.15864846   -0.15825441   -0.28228886
    5.50000000   -0.15735948   -0.15698187   -0.26811172
    5.58333333   -0.15608370   -0.15571900   -0.25454173
    5.66666667   -0.15482120   -0.15447118   -0.24158787
    5.75000000   -0.15357205   -0.15324279   -0.22924976
    5.83333333   -0.15233629   -0.15203445   -0.21752000
    5.91666667   -0.15111397   -0.15084269   -0.20638561
    6.00000000   -0.14990506   -0.14966224   -0.19582924
    6.08333333   -0.14870956   -0.14848940   -0.18583071
    6.16666667   -0.14752746   -0.14732428   -0.17636779
    6.25000000   -0.14635869   -0.14617060   -0.16741678
    6.33333333   -0.14520321   -0.14503317   -0.15895347
    6.41666667   -0.14406095   -0.14391475   -0.15095346
    6.50000000   -0.14293183   -0.14281426   -0.14339237
    6.58333333   -0.14181577   -0.14172749   -0.13624644
    6.66666667   -0.14071267   -0.14064978   -0.12949255
    6.75000000   -0.13962244   -0.13957888   -0.12310830
    6.83333333   -0.13854495   -0.13851628   -0.11707232
    6.91666667   -0.13748011   -0.13746607   -0.11136420
    7.00000000   -0.13642779   -0.13643220   -0.10596445
    7.08333333   -0.13538787   -0.13541587   -0.10085472
    7.16666667   -0.13436023   -0.13441475   -0.09601764
    7.25000000   -0.13334472   -0.13342441   -0.09143678
    7.33333333   -0.13234123   -0.13244111   -0.08709674
    7.41666667   -0.13134962   -0.13146407   -0.08298307
    7.50000000   -0.13036975   -0.13049582   -0.07908212
    7.58333333   -0.12940149   -0.12954041   -0.07538118
    7.66666667   -0.12844469   -0.12860072   -0.07186831
    7.75000000   -0.12749921   -0.12767654   -0.06853231
    7.83333333   -0.12656492   -0.12676466   -0.06536272
    7.91666667   -0.12564167   -0.12586089   -0.06234978
    8.00000000   -0.12472932   -0.12496264   -0.05948429
    8.08333333   -0.12382774   -0.12407044   -0.05675771
    8.16666667   -0.12293676   -0.12318750   -0.05416198
    8.25000000   -0.12205628   -0.12231745   -0.05168967
    8.33333333   -0.12118613   -0.12146201   -0.04933373
    8.41666667   -0.12032617   -0.12061973   -0.04708757
    8.50000000   -0.11947629   -0.11978695   -0.04494509
    8.58333333   -0.11863632   -0.11896005   -0.04290052
    8.66666667   -0.11780614   -0.11813767   -0.04094844
    8.75000000   -0.11698561   -0.11732146   -0.03908384
    8.83333333   -0.11617460   -0.11651492   -0.03730198
    8.91666667   -0.11537296   -0.11572098   -0.03559839
    9.00000000   -0.11458058   -0.11494013   -0.03396895
    9.08333333   -0.11379733   -0.11416997   -0.03240974
    9.16666667   -0.11302305   -0.11340678   -0.03091706
    9.25000000   -0.11225765   -0.11264775   -0.02948750
    9.33333333   -0.11150098   -0.11189277   -0.02811782
    9.41666667   -0.11075292   -0.11114432   -0.02680495
    9.50000000   -0.11001335   -0.11040579   -0.02554606
    9.58333333   -0.10928215   -0.10967924   -0.02433844
    9.66666667   -0.10855919   -0.10896395   -0.02317953
    9.75000000   -0.10784437   -0.10825692   -0.02206698
    9.83333333   -0.10713755   -0.10755467   -0.02099853
    9.91666667   -0.10643863   -0.10685543   -0.01997202
   10.00000000   -0.10574749   -0.10616020   -0.01898549
   10.08333333   -0.10506402   -0.10547196   -0.01803704
   10.16666667   -0.10438811   -0.10479371   -0.01712485
   10.25000000   -0.10371965   -0.10412643   -0.01624728
   10.33333333   -0.10305854   -0.10346843   -0.01540272
   10.41666667   -0.10240465   -0.10281636   -0.01458965
   10.50000000   -0.10175791   -0.10216734   -0.01380666
   10.58333333   -0.10111819   -0.10152070   -0.01305239
   10.66666667   -0.10048540   -0.10087835   -0.01232556
   10.75000000   -0.09985944   -0.10024347   -0.01162498
   10.83333333   -0.09924021   -0.09961834   -0.01094948
   10.91666667   -0.09862761   -0.09900288   -0.01029797
   11.00000000   -0.09802156   -0.09839460   -0.00966944
   11.08333333   -0.09742195   -0.09779016   -0.00906290
   11.16666667   -0.09682869   -0.09718750   -0.00847742
   11.25000000   -0.09624170   -0.09658706   -0.00791211
   11.33333333   -0.09566088   -0.09599142   -0.00736614
   11.41666667   -0.09508614   -0.09540359   -0.00683870
   11.50000000   -0.09451741   -0.09482497   -0.00632905
   11.58333333   -0.09395459   -0.09425441   -0.00583646
   11.66666667   -0.09339760   -0.09368893   -0.00536024
   11.75000000   -0.09284637   -0.09312552   -0.00489973
   11.83333333   -0.09230080   -0.09256311   -0.00445432
   11.91666667   -0.09176081   -0.09200314   -0.00402341
   12.00000000   -0.09122634   -0.09144856   -0.00360644
   12.08333333   -0.09069731   -0.09090191   -0.00320286
   12.16666667   -0.09017362   -0.09036356   -0.00281215
   12.25000000   -0.08965523   -0.08983146   -0.00243384
   12.33333333   -0.08914204   -0.08930241   -0.00206745
   12.41666667   -0.08863398   -0.08877405   -0.00171252
   12.50000000   -0.08813100   -0.08824636   -0.00136865
   12.58333333   -0.08763301   -0.08772160   -0.00103540
   12.66666667   -0.08713994   -0.08720280   -0.00071240
   12.75000000   -0.08665174   -0.08669173   -0.00039927
   12.83333333   -0.08616834   -0.08618769   -0.00009566
   12.91666667   -0.08568965   -0.08568794    0.00019880
   13.00000000   -0.08521564   -0.08518939    0.00048440
   13.08333333   -0.08474622   -0.08469056    0.00076148
   13.16666667   -0.08428134   -0.08419248    0.00103033
   13.25000000   -0.08382094   -0.08369799    0.00129124
   13.33333333   -0.08336496   -0.08320985    0.00154449
   13.41666667   -0.08291333   -0.08272884    0.00179034
   13.50000000   -0.08246601   -0.08225327    0.00202904
   13.58333333   -0.08202293   -0.08177995    0.00226084
   13.66666667   -0.08158402   -0.08130623    0.00248598
   13.75000000   -0.08114926   -0.08083168    0.00270466
   13.83333333   -0.08071857   -0.08035830    0.00291712
   13.91666667   -0.08029189   -0.07988920    0.00312356
   14.00000000   -0.07986919   -0.07942653    0.00332417
   14.08333333   -0.07945041   -0.07896999    0.00351915
   14.16666667   -0.07903548   -0.07851695    0.00370869
   14.25000000   -0.07862438   -0.07806413    0.00389294
   14.33333333   -0.07821704   -0.07760962    0.00407210
   14.41666667   -0.07781342   -0.07715414    0.00424632
   14.50000000   -0.07741347   -0.07670048    0.00441575
   14.58333333   -0.07701714   -0.07625168    0.00458055
   14.66666667   -0.07662438   -0.07580897    0.00474086
   14.75000000   -0.07623516   -0.07537087    0.00489683
   14.83333333   -0.07584942   -0.07493409    0.00504859
   14.91666667   -0.07546711   -0.07449556    0.00519626
   15.00000000   -0.07508821   -0.07405440    0.00533998
   15.08333333   -0.07471267   -0.07361248    0.00547986
   15.16666667   -0.07434043   -0.07317312    0.00561602
   15.25000000   -0.07397146   -0.07273891    0.00574858
   15.33333333   -0.07360572   -0.07230992    0.00587763
   15.41666667   -0.07324317   -0.07188349    0.00600329
   15.50000000   -0.07288377   -0.07145592    0.00612566
   15.58333333   -0.07252749   -0.07102476    0.00624483
   15.66666667   -0.07217427   -0.07059038    0.00636089
   15.75000000   -0.07182409   -0.07015570    0.00647395
   15.83333333   -0.07147690   -0.06972427    0.00658407
   15.91666667   -0.07113267   -0.06929780    0.00669136
   16.00000000   -0.07079137   -0.06887495    0.00679589
   16.08333333   -0.07045296   -0.06845201    0.00689774
   16.16666667   -0.07011740   -0.06802521    0.00699698
   16.25000000   -0.06978466   -0.06759310    0.00709369
   16.33333333   -0.06945470   -0.06715746    0.00718795
   16.41666667   -0.06912751   -0.06672213    0.00727981
   16.50000000   -0.06880302   -0.06629042    0.00736935
   16.58333333   -0.06848122   -0.06586275    0.00745663
   16.66666667   -0.06816208   -0.06543617    0.00754171
   16.75000000   -0.06784556   -0.06500607    0.00762466
   16.83333333   -0.06753163   -0.06456904    0.00770553
   16.91666667   -0.06722026   -0.06412503    0.00778437
   17.00000000   -0.06691143   -0.06367738    0.00786125
   17.08333333   -0.06660509   -0.06323058    0.00793622
   17.16666667   -0.06630123   -0.06278714    0.00800932
   17.25000000   -0.06599982   -0.06234566    0.00808061
   17.33333333   -0.06570081   -0.06190140    0.00815013
   17.41666667   -0.06540420   -0.06144907    0.00821794
   17.50000000   -0.06510995   -0.06098616    0.00828407
   17.58333333   -0.06481802   -0.06051451    0.00834857
   17.66666667   -0.06452841   -0.06003912    0.00841149
   17.75000000   -0.06424108   -0.05956471    0.00847286
   17.83333333   -0.06395600   -0.05909225    0.00853273
   17.91666667   -0.06367315   -0.05861782    0.00859113
   18.00000000   -0.06339250   -0.05813459    0.00864810
   18.08333333   -0.06311403   -0.05763691    0.00870368
   18.16666667   -0.06283772   -0.05712393    0.00875790
   18.25000000   -0.06256353   -0.05660011    0.00881079
   18.33333333   -0.06229145   -0.05607234    0.00886240
   18.41666667   -0.06202146   -0.05554499    0.00891275
   18.50000000   -0.06175352   -0.05501632    0.00896188
   18.58333333   -0.06148762   -0.05447859    0.00900981
   18.66666667   -0.06122374   -0.05392235    0.00905658
   18.75000000   -0.06096185   -0.05334218    0.00910221
   18.83333333   -0.06070193   -0.05274051    0.00914673
   18.91666667   -0.06044396   -0.05212639    0.00919016
   19.00000000   -0.06018791   -0.05150966    0.00923255
   19.08333333   -0.05993377   -0.05089377    0.00927390
   19.16666667   -0.05968153   -0.05027188    0.00931426
   19.25000000   -0.05943114   -0.04962959    0.00935363
   19.33333333   -0.05918260   -0.04895341    0.00939204
   19.41666667   -0.05893589   -0.04824059    0.00942952
   19.50000000   -0.05869099   -0.04750407    0.00946609
   19.58333333   -0.05844787   -0.04676814    0.00950177
   19.66666667   -0.05820652   -0.04605566    0.00953658
   19.75000000   -0.05796692   -0.04537235    0.00957055
   19.83333333   -0.05772905   -0.04469665    0.00960369
   19.91666667   -0.05749290   -0.04398152    0.00963601
   20.00000000   -0.05725844   -0.04316940    0.00966755
