  -20.00000000    0.04572679    0.04056006    0.00373111
  -19.91666667    0.04599090    0.04145273    0.00370712
  -19.83333333    0.04625733    0.04227906    0.00368306
  -19.75000000    0.04652613    0.04306954    0.00365894
  -19.66666667    0.04679732    0.04385027    0.00363477
  -19.58333333    0.04707092    0.04463393    0.00361053
  -19.50000000    0.04734698    0.04541799    0.00358624
  -19.41666667    0.04762553    0.04618994    0.00356188
  -19.33333333    0.04790659    0.04693612    0.00353748
  -19.25000000    0.04819021    0.04764914    0.00351302
  -19.16666667    0.04847642    0.04833070    0.00348850
  -19.08333333    0.04876524    0.04898907    0.00346394
  -19.00000000    0.04905673    0.04963344    0.00343932
  -18.91666667    0.04935091    0.05026887    0.00341466
  -18.83333333    0.04964781    0.05089444    0.00338994
  -18.75000000    0.04994749    0.05150519    0.00336518
  -18.66666667    0.05024998    0.05209620    0.00334038
  -18.58333333    0.05055531    0.05266620    0.00331554
  -18.50000000    0.05086353    0.05321845    0.00329065
  -18.41666667    0.05117467    0.05375882    0.00326573
  -18.33333333    0.05148878    0.05429246    0.00324077
  -18.25000000    0.05180590    0.05482115    0.00321577
  -18.16666667    0.05212608    0.05534302    0.00319074
  -18.08333333    0.05244934    0.05585447    0.00316568
  -18.00000000    0.05277575    0.05635297    0.00314059
  -17.91666667    0.05310535    0.05683899    0.00311548
  -17.83333333    0.05343817    0.05731584    0.00309034
  -17.75000000    0.05377428    0.05778775    0.00306519
  -17.66666667    0.05411371    0.05825753    0.00304001
  -17.58333333    0.05445651    0.05872514    0.00301482
  -17.50000000    0.05480275    0.05918825    0.00298962
  -17.41666667    0.05515245    0.05964410    0.00296440
  -17.33333333    0.05550568    0.06009153    0.00293918
  -17.25000000    0.05586250    0.06053188    0.00291396
  -17.16666667    0.05622294    0.06096824    0.00288874
  -17.08333333    0.05658707    0.06140361    0.00286352
  -17.00000000    0.05695495    0.06183923    0.00283831
  -16.91666667    0.05732664    0.06227404    0.00281311
  -16.83333333    0.05770217    0.06270566    0.00278793
  -16.75000000    0.05808163    0.06313214    0.00276276
  -16.66666667    0.05846506    0.06355335    0.00273762
  -16.58333333    0.05885253    0.06397112    0.00271251
  -16.50000000    0.05924412    0.06438819    0.00268742
  -16.41666667    0.05963986    0.06480652    0.00266238
  -16.33333333    0.06003984    0.06522622    0.00263738
  -16.25000000    0.06044412    0.06564569    0.00261242
  -16.16666667    0.06085277    0.06606279    0.00258752
  -16.08333333    0.06126585    0.06647637    0.00256268
  -16.00000000    0.06168345    0.06688709    0.00253790
  -15.91666667    0.06210562    0.06729702    0.00251319
  -15.83333333    0.06253246    0.06770839    0.00248855
  -15.75000000    0.06296402    0.06812227    0.00246400
  -15.66666667    0.06340039    0.06853798    0.00243954
  -15.58333333    0.06384166    0.06895368    0.00241518
  -15.50000000    0.06428789    0.06936766    0.00239091
  -15.41666667    0.06473917    0.06977954    0.00236676
  -15.33333333    0.06519559    0.07019055    0.00234273
  -15.25000000    0.06565723    0.07060277    0.00231882
  -15.16666667    0.06612417    0.07101787    0.00229506
  -15.08333333    0.06659652    0.07143610    0.00227143
  -15.00000000    0.06707436    0.07185625    0.00224796
  -14.91666667    0.06755779    0.07227651    0.00222465
  -14.83333333    0.06804690    0.07269572    0.00220151
  -14.75000000    0.06854179    0.07311418    0.00217855
  -14.66666667    0.06904255    0.07353349    0.00215579
  -14.58333333    0.06954931    0.07395556    0.00213324
  -14.50000000    0.07006215    0.07438142    0.00211090
  -14.41666667    0.07058118    0.07481067    0.00208878
  -14.33333333    0.07110652    0.07524176    0.00206691
  -14.25000000    0.07163828    0.07567312    0.00204529
  -14.16666667    0.07217657    0.07610419    0.00202393
  -14.08333333    0.07272152    0.07653586    0.00200286
  -14.00000000    0.07327323    0.07696990    0.00198208
  -13.91666667    0.07383184    0.07740787    0.00196161
  -13.83333333    0.07439748    0.07785018    0.00194146
  -13.75000000    0.07497026    0.07829589    0.00192166
  -13.66666667    0.07555032    0.07874335    0.00190222
  -13.58333333    0.07613781    0.07919137    0.00188315
  -13.50000000    0.07673285    0.07964001    0.00186448
  -13.41666667    0.07733559    0.08009059    0.00184622
  -13.33333333    0.07794618    0.08054486    0.00182839
  -13.25000000    0.07856476    0.08100395    0.00181102
  -13.16666667    0.07919149    0.08146765    0.00179412
  -13.08333333    0.07982653    0.08193462    0.00177772
  -13.00000000    0.08047003    0.08240334    0.00176185
  -12.91666667    0.08112216    0.08287309    0.00174652
  -12.83333333    0.08178310    0.08334451    0.00173176
  -12.75000000    0.08245300    0.08381920    0.00171760
  -12.66666667    0.08313205    0.08429873    0.00170406
  -12.58333333    0.08382044    0.08478368    0.00169118
  -12.50000000    0.08451834    0.08527332    0.00167898
  -12.41666667    0.08522595    0.08576610    0.00166749
  -12.33333333    0.08594348    0.08626075    0.00165676
  -12.25000000    0.08667111    0.08675713    0.00164680
  -12.16666667    0.08740905    0.08725635    0.00163767
  -12.08333333    0.08815753    0.08776013    0.00162938
  -12.00000000    0.08891674    0.08826969    0.00162199
  -11.91666667    0.08968692    0.08878507    0.00161553
  -11.83333333    0.09046832    0.08930507    0.00161005
  -11.75000000    0.09126114    0.08982816    0.00160558
  -11.66666667    0.09206563    0.09035345    0.00160218
  -11.58333333    0.09288206    0.09088137    0.00159989
  -11.50000000    0.09371066    0.09141339    0.00159876
  -11.41666667    0.09455171    0.09195118    0.00159885
  -11.33333333    0.09540548    0.09249551    0.00160021
  -11.25000000    0.09627223    0.09304584    0.00160290
  -11.16666667    0.09715226    0.09360072    0.00160697
  -11.08333333    0.09804587    0.09415873    0.00161249
  -11.00000000    0.09895333    0.09471952    0.00161952
  -10.91666667    0.09987498    0.09528403    0.00162814
  -10.83333333    0.10081113    0.09585397    0.00163842
  -10.75000000    0.10176209    0.09643076    0.00165042
  -10.66666667    0.10272822    0.09701464    0.00166423
  -10.58333333    0.10370986    0.09760460    0.00167994
  -10.50000000    0.10470736    0.09819902    0.00169763
  -10.41666667    0.10572109    0.09879683    0.00171738
  -10.33333333    0.10675143    0.09939822    0.00173931
  -10.25000000    0.10779876    0.10000460    0.00176349
  -10.16666667    0.10886347    0.10061772    0.00179005
  -10.08333333    0.10994601    0.10123863    0.00181909
  -10.00000000    0.11104676    0.10186700    0.00185073
   -9.91666667    0.11216617    0.10250141    0.00188509
   -9.83333333    0.11330470    0.10314030    0.00192229
   -9.75000000    0.11446280    0.10378306    0.00196248
   -9.66666667    0.11564094    0.10443044    0.00200579
   -9.58333333    0.11683963    0.10508418    0.00205237
   -9.50000000    0.11805934    0.10574592    0.00210239
   -9.41666667    0.11930062    0.10641620    0.00215600
   -9.33333333    0.12056400    0.10709412    0.00221338
   -9.25000000    0.12185002    0.10777801    0.00227472
   -9.16666667    0.12315925    0.10846655    0.00234021
   -9.08333333    0.12449229    0.10915966    0.00241005
   -9.00000000    0.12584971    0.10985864    0.00248446
   -8.91666667    0.12723216    0.11056540    0.00256366
   -8.83333333    0.12864028    0.11128128    0.00264791
   -8.75000000    0.13007470    0.11200622    0.00273745
   -8.66666667    0.13153611    0.11273882    0.00283255
   -8.58333333    0.13302524    0.11347734    0.00293351
   -8.50000000    0.13454276    0.11422081    0.00304061
   -8.41666667    0.13608944    0.11496978    0.00315418
   -8.33333333    0.13766606    0.11572601    0.00327457
   -8.25000000    0.13927337    0.11649140    0.00340213
   -8.16666667    0.14091220    0.11726680    0.00353723
   -8.08333333    0.14258340    0.11805151    0.00368030
   -8.00000000    0.14428779    0.11884374    0.00383175
   -7.91666667    0.14602628    0.11964183    0.00399204
   -7.83333333    0.14779977    0.12044535    0.00416167
   -7.75000000    0.14960921    0.12125546    0.00434115
   -7.66666667    0.15145555    0.12207424    0.00453103
   -7.58333333    0.15333977    0.12290336    0.00473189
   -7.50000000    0.15526292    0.12374304    0.00494438
   -7.41666667    0.15722601    0.12459194    0.00516914
   -7.33333333    0.15923013    0.12544801    0.00540691
   -7.25000000    0.16127638    0.12630986    0.00565844
   -7.16666667    0.16336588    0.12717769    0.00592455
   -7.08333333    0.16549978    0.12805325    0.00620611
   -7.00000000    0.16767929    0.12893869    0.00650406
   -6.91666667    0.16990560    0.12983526    0.00681940
   -6.83333333    0.17217995    0.13074242    0.00715321
   -6.75000000    0.17450361    0.13165821    0.00750664
   -6.66666667    0.17687786    0.13258049    0.00788094
   -6.58333333    0.17930399    0.13350829    0.00827744
   -6.50000000    0.18178337    0.13444252    0.00869757
   -6.41666667    0.18431732    0.13538534    0.00914290
   -6.33333333    0.18690720    0.13633878    0.00961508
   -6.25000000    0.18955441    0.13730338    0.01011592
   -6.16666667    0.19226032    0.13827773    0.01064736
   -6.08333333    0.19502630    0.13925933    0.01121152
   -6.00000000    0.19785377    0.14024609    0.01181066
   -5.91666667    0.20074408    0.14123762    0.01244727
   -5.83333333    0.20369857    0.14223547    0.01312400
   -5.75000000    0.20671862    0.14324199    0.01384378
   -5.66666667    0.20980549    0.14425876    0.01460975
   -5.58333333    0.21296042    0.14528532    0.01542534
   -5.50000000    0.21618463    0.14631929    0.01629429
   -5.41666667    0.21947920    0.14735767    0.01722067
   -5.33333333    0.22284513    0.14839856    0.01820890
   -5.25000000    0.22628333    0.14944219    0.01926384
   -5.16666667    0.22979455    0.15049056    0.02039076
   -5.08333333    0.23337933    0.15154587    0.02159543
   -5.00000000    0.23703809    0.15260873    0.02288417
   -4.91666667    0.24077094    0.15367738    0.02426389
   -4.83333333    0.24457773    0.15474825    0.02574212
   -4.75000000    0.24845803    0.15581785    0.02732717
   -4.66666667    0.25241096    0.15688448    0.02902806
   -4.58333333    0.25643521    0.15794882    0.03085469
   -4.50000000    0.26052904    0.15901291    0.03281791
   -4.41666667    0.26469004    0.16007816    0.03492952
   -4.33333333    0.26891512    0.16114355    0.03720241
   -4.25000000    0.27320053    0.16220537    0.03965061
   -4.16666667    0.27754153    0.16325854    0.04228931
   -4.08333333    0.28193239    0.16429881    0.04513492
   -4.00000000    0.28636632    0.16532438    0.04820505
   -3.91666667    0.29083515    0.16633583    0.05151844
   -3.83333333    0.29532931    0.16733437    0.05509484
   -3.75000000    0.29983755    0.16831940    0.05895469
   -3.66666667    0.30434679    0.16928705    0.06311881
   -3.58333333    0.30884190    0.17023053    0.06760768
   -3.50000000    0.31330538    0.17114229    0.07244053
   -3.41666667    0.31771723    0.17201649    0.07763401
   -3.33333333    0.32205460    0.17285019    0.08320037
   -3.25000000    0.32629151    0.17364241    0.08914484
   -3.16666667    0.33039859    0.17439154    0.09546241
   -3.08333333    0.33434280    0.17509262    0.10213349
   -3.00000000    0.33808710    0.17573638    0.10911847
   -2.91666667    0.34159026    0.17631054    0.11635149
   -2.83333333    0.34480663    0.17680279    0.12373320
   -2.75000000    0.34768592    0.17720331    0.13112339
   -2.66666667    0.35017322    0.17750527    0.13833492
   -2.58333333    0.35220898    0.17770267    0.14513015
   -2.50000000    0.35372916    0.17778677    0.15122283
   -2.41666667    0.35466566    0.17774332    0.15628816
   -2.33333333    0.35494679    0.17755242    0.15998303
   -2.25000000    0.35449817    0.17719111    0.16197727
   -2.16666667    0.35324377    0.17663726    0.16199348
   -2.08333333    0.35110733    0.17587192    0.15984902
   -2.00000000    0.34801411    0.17487862    0.15549100
   -1.91666667    0.34389287    0.17363958    0.14901443
   -1.83333333    0.33867826    0.17213109    0.14065739
   -1.75000000    0.33231327    0.17032106    0.13077292
   -1.66666667    0.32475203    0.16817053    0.11978468
   -1.58333333    0.31596239    0.16563842    0.10813699
   -1.50000000    0.30592849    0.16268673    0.09625003
   -1.41666667    0.29465303    0.15928275    0.08448783
   -1.33333333    0.28215899    0.15539647    0.07314101
   -1.25000000    0.26849071    0.15099475    0.06242306
   -1.16666667    0.25371427    0.14603598    0.05247640
   -1.08333333    0.23791692    0.14046937    0.04338381
   -1.00000000    0.22120553    0.13424063    0.03518177
   -0.91666667    0.20370449    0.12730164    0.02787366
   -0.83333333    0.18555242    0.11961874    0.02144104
   -0.75000000    0.16689872    0.11117423    0.01585287
   -0.66666667    0.14789934    0.10195936    0.01107263
   -0.58333333    0.12871266    0.09196245    0.00706348
   -0.50000000    0.10949536    0.08116031    0.00379208
   -0.41666667    0.09039844    0.06952142    0.00123119
   -0.33333333    0.07156387    0.05702472   -0.00063835
   -0.25000000    0.05312164    0.04368993   -0.00182623
   -0.16666667    0.03518765    0.02960805   -0.00233142
   -0.08333333    0.01786216    0.01495813   -0.00214101
    0.00000000    0.00122898    0.00000000    0.00122898
    0.08333333   -0.01464469   -0.01495813   -0.00044527
    0.16666667   -0.02970792   -0.02960805   -0.00293876
    0.25000000   -0.04392522   -0.04368993   -0.00632721
    0.33333333   -0.05727533   -0.05702472   -0.01070788
    0.41666667   -0.06974981   -0.06952142   -0.01620315
    0.50000000   -0.08135151   -0.08116031   -0.02296506
    0.58333333   -0.09209286   -0.09196245   -0.03118075
    0.66666667   -0.10199434   -0.10195936   -0.04107935
    0.75000000   -0.11108285   -0.11117423   -0.05294013
    0.83333333   -0.11939031   -0.11961874   -0.06710240
    0.91666667   -0.12695238   -0.12730164   -0.08397698
    1.00000000   -0.13380724   -0.13424063   -0.10405915
    1.08333333   -0.13999464   -0.14046937   -0.12794252
    1.16666667   -0.14555505   -0.14603598   -0.15633215
    1.25000000   -0.15052895   -0.15099475   -0.19005442
    1.33333333   -0.15495629   -0.15539647   -0.23005761
    1.41666667   -0.15887598   -0.15928275   -0.27739473
    1.50000000   -0.16232565   -0.16268673   -0.33317383
    1.58333333   -0.16534132   -0.16563842   -0.39845327
    1.66666667   -0.16795725   -0.16817053   -0.47405476
    1.75000000   -0.17020588   -0.17032106   -0.56026461
    1.83333333   -0.17211769   -0.17213109   -0.65640900
    1.91666667   -0.17372126   -0.17363958   -0.76034201
    2.00000000   -0.17504325   -0.17487862   -0.86798009
    2.08333333   -0.17610847   -0.17587192   -0.97313982
    2.16666667   -0.17693993   -0.17663726   -1.06800603
    2.25000000   -0.17755889   -0.17719111   -1.14440472
    2.33333333   -0.17798500   -0.17755242   -1.19565143
    2.41666667   -0.17823635   -0.17774332   -1.21825570
    2.50000000   -0.17832959   -0.17778677   -1.21267666
    2.58333333   -0.17827998   -0.17770267   -1.18280626
    2.66666667   -0.17810154   -0.17750527   -1.13456153
    2.75000000   -0.17780710   -0.17720331   -1.07432237
    2.83333333   -0.17740839   -0.17680279   -1.00778020
    2.91666667   -0.17691615   -0.17631054   -0.93937748
    3.00000000   -0.17634019   -0.17573638   -0.87222267
    3.08333333   -0.17568944   -0.17509262   -0.80827001
    3.16666667   -0.17497206   -0.17439154   -0.74859446
    3.25000000   -0.17419549   -0.17364241   -0.69365858
    3.33333333   -0.17336650   -0.17285019   -0.64352786
    3.41666667   -0.17249125   -0.17201649   -0.59802986
    3.50000000   -0.17157536   -0.17114229   -0.55686305
    3.58333333   -0.17062392   -0.17023053   -0.51966635
    3.66666667   -0.16964157   -0.16928705   -0.48606294
    3.75000000   -0.16863253   -0.16831940   -0.45568576
    3.83333333   -0.16760063   -0.16733437   -0.42819055
    3.91666667   -0.16654932   -0.16633583   -0.40326250
    4.00000000   -0.16548177   -0.16532438   -0.38061835
    4.08333333   -0.16440082   -0.16429881   -0.36000541
    4.16666667   -0.16330907   -0.16325854   -0.34120017
    4.25000000   -0.16220884   -0.16220537   -0.32400513
    4.33333333   -0.16110227   -0.16114355   -0.30824681
    4.41666667   -0.15999127   -0.16007816   -0.29377265
    4.50000000   -0.15887755   -0.15901291   -0.28044829
    4.58333333   -0.15776269   -0.15794882   -0.26815581
    4.66666667   -0.15664808   -0.15688448   -0.25679132
    4.75000000   -0.15553499   -0.15581785   -0.24626307
    4.83333333   -0.15442456   -0.15474825   -0.23649017
    4.91666667   -0.15331781   -0.15367738   -0.22740108
    5.00000000   -0.15221565   -0.15260873   -0.21893218
    5.08333333   -0.15111889   -0.15154587   -0.21102713
    5.16666667   -0.15002827   -0.15049056   -0.20363577
    5.25000000   -0.14894442   -0.14944219   -0.19671323
    5.33333333   -0.14786793   -0.14839856   -0.19021950
    5.41666667   -0.14679931   -0.14735767   -0.18411878
    5.50000000   -0.14573899   -0.14631929   -0.17837878
    5.58333333   -0.14468737   -0.14528532   -0.17297060
    5.66666667   -0.14364479   -0.14425876   -0.16786817
    5.75000000   -0.14261155   -0.14324199   -0.16304788
    5.83333333   -0.14158790   -0.14223547   -0.15848842
    5.91666667   -0.14057406   -0.14123762   -0.15417051
    6.00000000   -0.13957021   -0.14024609   -0.15007654
    6.08333333   -0.13857649   -0.13925933   -0.14619059
    6.16666667   -0.13759304   -0.13827773   -0.14249812
    6.25000000   -0.13661995   -0.13730338   -0.13898581
    6.33333333   -0.13565728   -0.13633878   -0.13564156
    6.41666667   -0.13470510   -0.13538534   -0.13245425
    6.50000000   -0.13376343   -0.13444252   -0.12941367
    6.58333333   -0.13283229   -0.13350829   -0.12651045
    6.66666667   -0.13191169   -0.13258049   -0.12373601
    6.75000000   -0.13100160   -0.13165821   -0.12108237
    6.83333333   -0.13010200   -0.13074242   -0.11854224
    6.91666667   -0.12921285   -0.12983526   -0.11610885
    7.00000000   -0.12833411   -0.12893869   -0.11377594
    7.08333333   -0.12746571   -0.12805325   -0.11153772
    7.16666667   -0.12660760   -0.12717769   -0.10938883
    7.25000000   -0.12575969   -0.12630986   -0.10732427
    7.33333333   -0.12492191   -0.12544801   -0.10533941
    7.41666667   -0.12409418   -0.12459194   -0.10342996
    7.50000000   -0.12327640   -0.12374304   -0.10159188
    7.58333333   -0.12246847   -0.12290336   -0.09982142
    7.66666667   -0.12167032   -0.12207424   -0.09811512
    7.75000000   -0.12088181   -0.12125546   -0.09646968
    7.83333333   -0.12010287   -0.12044535   -0.09488205
    7.91666667   -0.11933337   -0.11964183   -0.09334940
    8.00000000   -0.11857321   -0.11884374   -0.09186901
    8.08333333   -0.11782228   -0.11805151   -0.09043839
    8.16666667   -0.11708046   -0.11726680   -0.08905516
    8.25000000   -0.11634765   -0.11649140   -0.08771714
    8.33333333   -0.11562373   -0.11572601   -0.08642221
    8.41666667   -0.11490858   -0.11496978   -0.08516842
    8.50000000   -0.11420210   -0.11422081   -0.08395393
    8.58333333   -0.11350415   -0.11347734   -0.08277699
    8.66666667   -0.11281464   -0.11273882   -0.08163594
    8.75000000   -0.11213344   -0.11200622   -0.08052926
    8.83333333   -0.11146044   -0.11128128   -0.07945548
    8.91666667   -0.11079553   -0.11056540   -0.07841318
    9.00000000   -0.11013859   -0.10985864   -0.07740108
    9.08333333   -0.10948952   -0.10915966   -0.07641794
    9.16666667   -0.10884818   -0.10846655   -0.07546256
    9.25000000   -0.10821449   -0.10777801   -0.07453385
    9.33333333   -0.10758833   -0.10709412   -0.07363074
    9.41666667   -0.10696958   -0.10641620   -0.07275223
    9.50000000   -0.10635815   -0.10574592   -0.07189737
    9.58333333   -0.10575392   -0.10508418   -0.07106524
    9.66666667   -0.10515678   -0.10443044   -0.07025499
    9.75000000   -0.10456664   -0.10378306   -0.06946581
    9.83333333   -0.10398339   -0.10314030   -0.06869690
    9.91666667   -0.10340693   -0.10250141   -0.06794753
   10.00000000   -0.10283716   -0.10186700   -0.06721699
   10.08333333   -0.10227397   -0.10123863   -0.06650460
   10.16666667   -0.10171727   -0.10061772   -0.06580972
   10.25000000   -0.10116698   -0.10000460   -0.06513173
   10.33333333   -0.10062298   -0.09939822   -0.06447006
   10.41666667   -0.10008517   -0.09879683   -0.06382413
   10.50000000   -0.09955349   -0.09819902   -0.06319342
   10.58333333   -0.09902783   -0.09760460   -0.06257740
   10.66666667   -0.09850809   -0.09701464   -0.06197559
   10.75000000   -0.09799420   -0.09643076   -0.06138753
   10.83333333   -0.09748606   -0.09585397   -0.06081276
   10.91666667   -0.09698359   -0.09528403   -0.06025084
   11.00000000   -0.09648671   -0.09471952   -0.05970139
   11.08333333   -0.09599534   -0.09415873   -0.05916398
   11.16666667   -0.09550937   -0.09360072   -0.05863825
   11.25000000   -0.09502876   -0.09304584   -0.05812383
   11.33333333   -0.09455340   -0.09249551   -0.05762037
   11.41666667   -0.09408322   -0.09195118   -0.05712754
   11.50000000   -0.09361815   -0.09141339   -0.05664502
   11.58333333   -0.09315811   -0.09088137   -0.05617249
   11.66666667   -0.09270303   -0.09035345   -0.05570966
   11.75000000   -0.09225283   -0.08982816   -0.05525625
   11.83333333   -0.09180744   -0.08930507   -0.05481197
   11.91666667   -0.09136680   -0.08878507   -0.05437657
   12.00000000   -0.09093082   -0.08826969   -0.05394979
   12.08333333   -0.09049946   -0.08776013   -0.05353138
   12.16666667   -0.09007262   -0.08725635   -0.05312110
   12.25000000   -0.08965026   -0.08675713   -0.05271874
   12.33333333   -0.08923231   -0.08626075   -0.05232407
   12.41666667   -0.08881870   -0.08576610   -0.05193687
   12.50000000   -0.08840937   -0.08527332   -0.05155695
   12.58333333   -0.08800425   -0.08478368   -0.05118412
   12.66666667   -0.08760330   -0.08429873   -0.05081816
   12.75000000   -0.08720644   -0.08381920   -0.05045891
   12.83333333   -0.08681363   -0.08334451   -0.05010619
   12.91666667   -0.08642479   -0.08287309   -0.04975983
   13.00000000   -0.08603989   -0.08240334   -0.04941966
   13.08333333   -0.08565885   -0.08193462   -0.04908552
   13.16666667   -0.08528163   -0.08146765   -0.04875726
   13.25000000   -0.08490818   -0.08100395   -0.04843472
   13.33333333   -0.08453843   -0.08054486   -0.04811778
   13.41666667   -0.08417234   -0.08009059   -0.04780627
   13.50000000   -0.08380986   -0.07964001   -0.04750008
   13.58333333   -0.08345093   -0.07919137   -0.04719907
   13.66666667   -0.08309551   -0.07874335   -0.04690310
   13.75000000   -0.08274355   -0.07829589   -0.04661207
   13.83333333   -0.08239501   -0.07785018   -0.04632585
   13.91666667   -0.08204982   -0.07740787   -0.04604433
   14.00000000   -0.08170796   -0.07696990   -0.04576739
   14.08333333   -0.08136937   -0.07653586   -0.04549493
   14.16666667   -0.08103400   -0.07610419   -0.04522684
   14.25000000   -0.08070183   -0.07567312   -0.04496303
   14.33333333   -0.08037279   -0.07524176   -0.04470339
   14.41666667   -0.08004685   -0.07481067   -0.04444782
   14.50000000   -0.07972398   -0.07438142   -0.04419624
   14.58333333   -0.07940412   -0.07395556   -0.04394855
   14.66666667   -0.07908723   -0.07353349   -0.04370467
   14.75000000   -0.07877329   -0.07311418   -0.04346451
   14.83333333   -0.07846224   -0.07269572   -0.04322800
   14.91666667   -0.07815406   -0.07227651   -0.04299504
   15.00000000   -0.07784869   -0.07185625   -0.04276556
   15.08333333   -0.07754612   -0.07143610   -0.04253950
   15.16666667   -0.07724629   -0.07101787   -0.04231677
   15.25000000   -0.07694917   -0.07060277   -0.04209730
   15.33333333   -0.07665474   -0.07019055   -0.04188102
   15.41666667   -0.07636294   -0.06977954   -0.04166787
   15.50000000   -0.07607376   -0.06936766   -0.04145778
   15.58333333   -0.07578715   -0.06895368   -0.04125069
   15.66666667   -0.07550308   -0.06853798   -0.04104653
   15.75000000   -0.07522153   -0.06812227   -0.04084525
   15.83333333   -0.07494246   -0.06770839   -0.04064679
   15.91666667   -0.07466582   -0.06729702   -0.04045108
   16.00000000   -0.07439161   -0.06688709   -0.04025807
   16.08333333   -0.07411978   -0.06647637   -0.04006771
   16.16666667   -0.07385032   -0.06606279   -0.03987996
   16.25000000   -0.07358317   -0.06564569   -0.03969474
   16.33333333   -0.07331832   -0.06522622   -0.03951202
   16.41666667   -0.07305575   -0.06480652   -0.03933174
   16.50000000   -0.07279541   -0.06438819   -0.03915387
   16.58333333   -0.07253729   -0.06397112   -0.03897834
   16.66666667   -0.07228135   -0.06355335   -0.03880512
   16.75000000   -0.07202757   -0.06313214   -0.03863416
   16.83333333   -0.07177592   -0.06270566   -0.03846543
   16.91666667   -0.07152639   -0.06227404   -0.03829887
   17.00000000   -0.07127893   -0.06183923   -0.03813444
   17.08333333   -0.07103352   -0.06140361   -0.03797212
   17.16666667   -0.07079016   -0.06096824   -0.03781185
   17.25000000   -0.07054879   -0.06053188   -0.03765360
   17.33333333   -0.07030941   -0.06009153   -0.03749734
   17.41666667   -0.07007199   -0.05964410   -0.03734302
   17.50000000   -0.06983651   -0.05918825   -0.03719061
   17.58333333   -0.06960293   -0.05872514   -0.03704008
   17.66666667   -0.06937125   -0.05825753   -0.03689140
   17.75000000   -0.06914144   -0.05778775   -0.03674452
   17.83333333   -0.06891347   -0.05731584   -0.03659943
   17.91666667   -0.06868733   -0.05683899   -0.03645608
   18.00000000   -0.06846299   -0.05635297   -0.03631444
   18.08333333   -0.06824043   -0.05585447   -0.03617449
   18.16666667   -0.06801964   -0.05534302   -0.03603621
   18.25000000   -0.06780059   -0.05482115   -0.03589954
   18.33333333   -0.06758326   -0.05429246   -0.03576448
   18.41666667   -0.06736763   -0.05375882   -0.03563100
   18.50000000   -0.06715368   -0.05321845   -0.03549906
   18.58333333   -0.06694140   -0.05266620   -0.03536864
   18.66666667   -0.06673076   -0.05209620   -0.03523971
   18.75000000   -0.06652175   -0.05150519   -0.03511226
   18.83333333   -0.06631434   -0.05089444   -0.03498625
   18.91666667   -0.06610853   -0.05026887   -0.03486166
   19.00000000   -0.06590428   -0.04963344   -0.03473847
   19.08333333   -0.06570159   -0.04898907   -0.03461665
   19.16666667   -0.06550044   -0.04833070   -0.03449619
   19.25000000   -0.06530080   -0.04764914   -0.03437706
   19.33333333   -0.06510267   -0.04693612   -0.03425924
   19.41666667   -0.06490603   -0.04618994   -0.03414271
   19.50000000   -0.06471085   -0.04541799   -0.03402744
   19.58333333   -0.06451713   -0.04463393   -0.03391342
   19.66666667   -0.06432486   -0.04385027   -0.03380064
   19.75000000   -0.06413400   -0.04306954   -0.03368906
   19.83333333   -0.06394454   -0.04227906   -0.03357866
   19.91666667   -0.06375649   -0.04145273   -0.03346945
   20.00000000   -0.06356980   -0.04056006   -0.03336138
