  -20.00000000    0.03309180    0.03681662    0.00039786
  -19.91666667    0.03330897    0.03751407    0.00035049
  -19.83333333    0.03352805    0.03812873    0.00030288
  -19.75000000    0.03374906    0.03871554    0.00025504
  -19.66666667    0.03397203    0.03931743    0.00020698
  -19.58333333    0.03419697    0.03995155    0.00015868
  -19.50000000    0.03442393    0.04060868    0.00011015
  -19.41666667    0.03465293    0.04126430    0.00006139
  -19.33333333    0.03488399    0.04189442    0.00001240
  -19.25000000    0.03511714    0.04248775   -0.00003683
  -19.16666667    0.03535241    0.04304879   -0.00008629
  -19.08333333    0.03558982    0.04359197   -0.00013598
  -19.00000000    0.03582941    0.04413137   -0.00018590
  -18.91666667    0.03607121    0.04467261   -0.00023605
  -18.83333333    0.03631525    0.04521100   -0.00028644
  -18.75000000    0.03656155    0.04573621   -0.00033706
  -18.66666667    0.03681015    0.04623974   -0.00038791
  -18.58333333    0.03706108    0.04672040   -0.00043900
  -18.50000000    0.03731438    0.04718466   -0.00049031
  -18.41666667    0.03757007    0.04764227   -0.00054186
  -18.33333333    0.03782819    0.04810025   -0.00059363
  -18.25000000    0.03808877    0.04855912   -0.00064564
  -18.16666667    0.03835186    0.04901354   -0.00069788
  -18.08333333    0.03861747    0.04945648   -0.00075034
  -18.00000000    0.03888566    0.04988419   -0.00080303
  -17.91666667    0.03915646    0.05029869   -0.00085595
  -17.83333333    0.03942990    0.05070637   -0.00090910
  -17.75000000    0.03970602    0.05111398   -0.00096246
  -17.66666667    0.03998487    0.05152455   -0.00101605
  -17.58333333    0.04026647    0.05193590   -0.00106987
  -17.50000000    0.04055089    0.05234262   -0.00112390
  -17.41666667    0.04083815    0.05273987   -0.00117815
  -17.33333333    0.04112828    0.05312675   -0.00123261
  -17.25000000    0.04142136    0.05350683   -0.00128729
  -17.16666667    0.04171740    0.05388591   -0.00134219
  -17.08333333    0.04201646    0.05426834   -0.00139729
  -17.00000000    0.04231859    0.05465445   -0.00145260
  -16.91666667    0.04262383    0.05504066   -0.00150811
  -16.83333333    0.04293222    0.05542205   -0.00156382
  -16.75000000    0.04324382    0.05579578   -0.00161974
  -16.66666667    0.04355867    0.05616294   -0.00167585
  -16.58333333    0.04387683    0.05652791   -0.00173214
  -16.50000000    0.04419834    0.05689552   -0.00178863
  -16.41666667    0.04452327    0.05726804   -0.00184530
  -16.33333333    0.04485165    0.05764391   -0.00190215
  -16.25000000    0.04518356    0.05801889   -0.00195918
  -16.16666667    0.04551904    0.05838906   -0.00201638
  -16.08333333    0.04585814    0.05875335   -0.00207374
  -16.00000000    0.04620093    0.05911437   -0.00213126
  -15.91666667    0.04654747    0.05947667   -0.00218894
  -15.83333333    0.04689782    0.05984386   -0.00224676
  -15.75000000    0.04725204    0.06021637   -0.00230473
  -15.66666667    0.04761018    0.06059132   -0.00236283
  -15.58333333    0.04797233    0.06096447   -0.00242106
  -15.50000000    0.04833854    0.06133311   -0.00247941
  -15.41666667    0.04870887    0.06169785   -0.00253787
  -15.33333333    0.04908341    0.06206225   -0.00259644
  -15.25000000    0.04946222    0.06243057   -0.00265511
  -15.16666667    0.04984536    0.06280504   -0.00271386
  -15.08333333    0.05023292    0.06318449   -0.00277269
  -15.00000000    0.05062496    0.06356525   -0.00283159
  -14.91666667    0.05102157    0.06394354   -0.00289054
  -14.83333333    0.05142283    0.06431805   -0.00294954
  -14.75000000    0.05182881    0.06469080   -0.00300858
  -14.66666667    0.05223959    0.06506588   -0.00306763
  -14.58333333    0.05265526    0.06544682   -0.00312669
  -14.50000000    0.05307590    0.06583439   -0.00318575
  -14.41666667    0.05350161    0.06622612   -0.00324478
  -14.33333333    0.05393247    0.06661803   -0.00330378
  -14.25000000    0.05436857    0.06700720   -0.00336273
  -14.16666667    0.05481001    0.06739377   -0.00342161
  -14.08333333    0.05525689    0.06778087   -0.00348040
  -14.00000000    0.05570929    0.06817263   -0.00353909
  -13.91666667    0.05616732    0.06857157   -0.00359765
  -13.83333333    0.05663109    0.06897700   -0.00365607
  -13.75000000    0.05710069    0.06938552   -0.00371432
  -13.66666667    0.05757625    0.06979327   -0.00377239
  -13.58333333    0.05805786    0.07019849   -0.00383024
  -13.50000000    0.05854564    0.07060271   -0.00388785
  -13.41666667    0.05903971    0.07100981   -0.00394519
  -13.33333333    0.05954018    0.07142355   -0.00400225
  -13.25000000    0.06004718    0.07184519   -0.00405898
  -13.16666667    0.06056083    0.07227271   -0.00411536
  -13.08333333    0.06108126    0.07270215   -0.00417135
  -13.00000000    0.06160859    0.07313023   -0.00422693
  -12.91666667    0.06214297    0.07355652   -0.00428206
  -12.83333333    0.06268453    0.07398376   -0.00433669
  -12.75000000    0.06323341    0.07441620   -0.00439079
  -12.66666667    0.06378975    0.07485682   -0.00444433
  -12.58333333    0.06435371    0.07530553   -0.00449725
  -12.50000000    0.06492543    0.07575918   -0.00454950
  -12.41666667    0.06550507    0.07621368   -0.00460105
  -12.33333333    0.06609280    0.07666668   -0.00465185
  -12.25000000    0.06668876    0.07711914   -0.00470183
  -12.16666667    0.06729313    0.07757480   -0.00475094
  -12.08333333    0.06790610    0.07803781   -0.00479913
  -12.00000000    0.06852781    0.07851010   -0.00484633
  -11.91666667    0.06915847    0.07899016   -0.00489248
  -11.83333333    0.06979827    0.07947406   -0.00493751
  -11.75000000    0.07044738    0.07995799   -0.00498135
  -11.66666667    0.07110600    0.08044082   -0.00502392
  -11.58333333    0.07177435    0.08092486   -0.00506514
  -11.50000000    0.07245262    0.08141451   -0.00510493
  -11.41666667    0.07314102    0.08191341   -0.00514320
  -11.33333333    0.07383979    0.08242219   -0.00517986
  -11.25000000    0.07454913    0.08293805   -0.00521481
  -11.16666667    0.07526928    0.08345661   -0.00524794
  -11.08333333    0.07600049    0.08397479   -0.00527914
  -11.00000000    0.07674299    0.08449284   -0.00530831
  -10.91666667    0.07749703    0.08501431   -0.00533531
  -10.83333333    0.07826287    0.08554383   -0.00536002
  -10.75000000    0.07904078    0.08608416   -0.00538231
  -10.66666667    0.07983102    0.08663448   -0.00540204
  -10.58333333    0.08063388    0.08719090   -0.00541904
  -10.50000000    0.08144965    0.08774905   -0.00543316
  -10.41666667    0.08227861    0.08830690   -0.00544424
  -10.33333333    0.08312109    0.08886622   -0.00545209
  -10.25000000    0.08397738    0.08943151   -0.00545653
  -10.16666667    0.08484780    0.09000720   -0.00545736
  -10.08333333    0.08573272    0.09059484   -0.00545436
  -10.00000000    0.08663243    0.09119212   -0.00544732
   -9.91666667    0.08754731    0.09179441   -0.00543599
   -9.83333333    0.08847773    0.09239773   -0.00542013
   -9.75000000    0.08942403    0.09300148   -0.00539947
   -9.66666667    0.09038662    0.09360887   -0.00537374
   -9.58333333    0.09136589    0.09422502   -0.00534262
   -9.50000000    0.09236223    0.09485371   -0.00530581
   -9.41666667    0.09337607    0.09549501   -0.00526298
   -9.33333333    0.09440786    0.09614524   -0.00521375
   -9.25000000    0.09545800    0.09679937   -0.00515777
   -9.16666667    0.09652698    0.09745434   -0.00509462
   -9.08333333    0.09761526    0.09811113   -0.00502388
   -9.00000000    0.09872332    0.09877427   -0.00494509
   -8.91666667    0.09985165    0.09944906   -0.00485777
   -8.83333333    0.10100080    0.10013820   -0.00476141
   -8.75000000    0.10217125    0.10084012   -0.00465545
   -8.66666667    0.10336357    0.10154997   -0.00453933
   -8.58333333    0.10457834    0.10226282   -0.00441240
   -8.50000000    0.10581609    0.10297690   -0.00427402
   -8.41666667    0.10707744    0.10369492   -0.00412347
   -8.33333333    0.10836302    0.10442245   -0.00395999
   -8.25000000    0.10967343    0.10516447   -0.00378279
   -8.16666667    0.11100932    0.10592223   -0.00359099
   -8.08333333    0.11237139    0.10669244   -0.00338369
   -8.00000000    0.11376029    0.10746944   -0.00315988
   -7.91666667    0.11517675    0.10824888   -0.00291853
   -7.83333333    0.11662148    0.10903069   -0.00265849
   -7.75000000    0.11809525    0.10981926   -0.00237857
   -7.66666667    0.11959882    0.11062082   -0.00207745
   -7.58333333    0.12113297    0.11143952   -0.00175376
   -7.50000000    0.12269854    0.11227480   -0.00140600
   -7.41666667    0.12429634    0.11312178   -0.00103257
   -7.33333333    0.12592724    0.11397438   -0.00063174
   -7.25000000    0.12759212    0.11482941   -0.00020168
   -7.16666667    0.12929189    0.11568872    0.00025962
   -7.08333333    0.13102746    0.11655829    0.00075428
   -7.00000000    0.13279981    0.11744448    0.00128462
   -6.91666667    0.13460990    0.11835009    0.00185311
   -6.83333333    0.13645871    0.11927251    0.00246242
   -6.75000000    0.13834730    0.12020545    0.00311543
   -6.66666667    0.14027669    0.12114301    0.00381524
   -6.58333333    0.14224793    0.12208361    0.00456521
   -6.50000000    0.14426214    0.12303127    0.00536894
   -6.41666667    0.14632042    0.12399320    0.00623034
   -6.33333333    0.14842388    0.12497532    0.00715361
   -6.25000000    0.15057369    0.12597854    0.00814330
   -6.16666667    0.15277101    0.12699808    0.00920431
   -6.08333333    0.15501700    0.12802659    0.01034192
   -6.00000000    0.15731289    0.12905893    0.01156187
   -5.91666667    0.15965986    0.13009567    0.01287031
   -5.83333333    0.16205912    0.13114298    0.01427388
   -5.75000000    0.16451192    0.13220887    0.01577977
   -5.66666667    0.16701946    0.13329814    0.01739567
   -5.58333333    0.16958298    0.13440927    0.01912988
   -5.50000000    0.17220370    0.13553530    0.02099132
   -5.41666667    0.17488284    0.13666831    0.02298952
   -5.33333333    0.17762158    0.13780456    0.02513466
   -5.25000000    0.18042113    0.13894720    0.02743765
   -5.16666667    0.18328265    0.14010440    0.02991000
   -5.08333333    0.18620725    0.14128433    0.03256390
   -5.00000000    0.18919607    0.14248984    0.03541219
   -4.91666667    0.19225014    0.14371650    0.03846819
   -4.83333333    0.19537048    0.14495525    0.04174570
   -4.75000000    0.19855809    0.14619814    0.04525883
   -4.66666667    0.20181384    0.14744356    0.04902171
   -4.58333333    0.20513859    0.14869744    0.05304827
   -4.50000000    0.20853315    0.14996963    0.05735185
   -4.41666667    0.21199821    0.15126751    0.06194464
   -4.33333333    0.21553441    0.15259100    0.06683703
   -4.25000000    0.21914236    0.15393219    0.07203692
   -4.16666667    0.22282254    0.15528001    0.07754856
   -4.08333333    0.22657539    0.15662710    0.08337140
   -4.00000000    0.23040132    0.15797451    0.08949879
   -3.91666667    0.23430066    0.15933098    0.09591614
   -3.83333333    0.23827371    0.16070719    0.10259927
   -3.75000000    0.24232076    0.16210836    0.10951234
   -3.66666667    0.24644209    0.16353003    0.11660597
   -3.58333333    0.25063803    0.16495991    0.12381539
   -3.50000000    0.25490889    0.16638476    0.13105880
   -3.41666667    0.25925509    0.16779816    0.13823671
   -3.33333333    0.26367710    0.16920391    0.14523191
   -3.25000000    0.26817540    0.17061285    0.15191080
   -3.16666667    0.27275054    0.17203464    0.15812646
   -3.08333333    0.27740303    0.17346966    0.16372333
   -3.00000000    0.28213317    0.17490633    0.16854369
   -2.91666667    0.28694100    0.17632580    0.17243578
   -2.83333333    0.29182589    0.17771129    0.17526273
   -2.75000000    0.29678622    0.17905620    0.17691157
   -2.66666667    0.30181878    0.18036543    0.17730143
   -2.58333333    0.30691805    0.18164873    0.17638963
   -2.50000000    0.31207510    0.18290961    0.17417504
   -2.41666667    0.31727634    0.18413695    0.17069805
   -2.33333333    0.32250178    0.18530470    0.16603734
   -2.25000000    0.32772288    0.18638031    0.16030380
   -2.16666667    0.33289999    0.18733674    0.15363248
   -2.08333333    0.33797923    0.18816017    0.14617363
   -2.00000000    0.34288885    0.18884768    0.13808402
   -1.91666667    0.34753525    0.18939537    0.12951882
   -1.83333333    0.35179864    0.18978367    0.12062548
   -1.75000000    0.35552872    0.18996877    0.11153893
   -1.66666667    0.35854089    0.18988609    0.10237890
   -1.58333333    0.36061349    0.18946390    0.09324865
   -1.50000000    0.36148712    0.18863852    0.08423501
   -1.41666667    0.36086711    0.18736048    0.07540951
   -1.33333333    0.35843041    0.18558580    0.06683006
   -1.25000000    0.35383812    0.18325604    0.05854310
   -1.16666667    0.34675452    0.18027840    0.05058605
   -1.08333333    0.33687279    0.17651878    0.04298968
   -1.00000000    0.32394592    0.17181433    0.03578065
   -0.91666667    0.30782043    0.16599991    0.02898404
   -0.83333333    0.28846783    0.15893404    0.02262583
   -0.75000000    0.26600859    0.15050818    0.01673557
   -0.66666667    0.24072259    0.14063300    0.01134921
   -0.58333333    0.21304221    0.12921005    0.00651229
   -0.50000000    0.18352708    0.11611018    0.00228368
   -0.41666667    0.15282301    0.10118197   -0.00125995
   -0.33333333    0.12161183    0.08430138   -0.00401853
   -0.25000000    0.09055967    0.06545255   -0.00586146
   -0.16666667    0.06027182    0.04480984   -0.00661850
   -0.08333333    0.03125941    0.02278336   -0.00606785
    0.00000000    0.00392064    0.00000000    0.00392064
    0.08333333   -0.02146403   -0.02278336   -0.00019943
    0.16666667   -0.04472550   -0.04480984   -0.00678251
    0.25000000   -0.06579188   -0.06545255   -0.01646659
    0.33333333   -0.08467059   -0.08430138   -0.03008023
    0.41666667   -0.10142930   -0.10118197   -0.04869374
    0.50000000   -0.11617829   -0.11611018   -0.07367577
    0.58333333   -0.12905505   -0.12921005   -0.10674420
    0.66666667   -0.14021192   -0.14063300   -0.14998586
    0.75000000   -0.14980649   -0.15050818   -0.20579164
    0.83333333   -0.15799481   -0.15893404   -0.27661179
    0.91666667   -0.16492664   -0.16599991   -0.36438643
    1.00000000   -0.17074248   -0.17181433   -0.46950044
    1.08333333   -0.17557197   -0.17651878   -0.58926635
    1.16666667   -0.17953315   -0.18027840   -0.71640419
    1.25000000   -0.18273247   -0.18325604   -0.83870211
    1.33333333   -0.18526519   -0.18558580   -0.94123945
    1.41666667   -0.18721600   -0.18736048   -1.01115396
    1.50000000   -0.18865991   -0.18863852   -1.04239689
    1.58333333   -0.18966308   -0.18946390   -1.03722207
    1.66666667   -0.19028371   -0.18988609   -1.00378350
    1.75000000   -0.19057290   -0.18996877   -0.95215972
    1.83333333   -0.19057543   -0.18978367   -0.89131212
    1.91666667   -0.19033051   -0.18939537   -0.82779838
    2.00000000   -0.18987245   -0.18884768   -0.76576675
    2.08333333   -0.18923124   -0.18816017   -0.70749933
    2.16666667   -0.18843309   -0.18733674   -0.65402563
    2.25000000   -0.18750092   -0.18638031   -0.60561658
    2.33333333   -0.18645474   -0.18530470   -0.56212248
    2.41666667   -0.18531202   -0.18413695   -0.52318618
    2.50000000   -0.18408806   -0.18290961   -0.48836827
    2.58333333   -0.18279619   -0.18164873   -0.45721545
    2.66666667   -0.18144807   -0.18036543   -0.42929634
    2.75000000   -0.18005388   -0.17905620   -0.40421772
    2.83333333   -0.17862252   -0.17771129   -0.38162943
    2.91666667   -0.17716174   -0.17632580   -0.36122429
    3.00000000   -0.17567833   -0.17490633   -0.34273526
    3.08333333   -0.17417819   -0.17346966   -0.32593092
    3.16666667   -0.17266646   -0.17203464   -0.31061131
    3.25000000   -0.17114765   -0.17061285   -0.29660381
    3.33333333   -0.16962565   -0.16920391   -0.28375908
    3.41666667   -0.16810383   -0.16779816   -0.27194782
    3.50000000   -0.16658516   -0.16638476   -0.26105797
    3.58333333   -0.16507217   -0.16495991   -0.25099196
    3.66666667   -0.16356704   -0.16353003   -0.24166472
    3.75000000   -0.16207169   -0.16210836   -0.23300198
    3.83333333   -0.16058771   -0.16070719   -0.22493850
    3.91666667   -0.15911650   -0.15933098   -0.21741694
    4.00000000   -0.15765923   -0.15797451   -0.21038680
    4.08333333   -0.15621689   -0.15662710   -0.20380333
    4.16666667   -0.15479032   -0.15528001   -0.19762693
    4.25000000   -0.15338019   -0.15393219   -0.19182229
    4.33333333   -0.15198708   -0.15259100   -0.18635801
    4.41666667   -0.15061143   -0.15126751   -0.18120602
    4.50000000   -0.14925360   -0.14996963   -0.17634109
    4.58333333   -0.14791385   -0.14869744   -0.17174063
    4.66666667   -0.14659240   -0.14744356   -0.16738430
    4.75000000   -0.14528936   -0.14619814   -0.16325367
    4.83333333   -0.14400480   -0.14495525   -0.15933214
    4.91666667   -0.14273876   -0.14371650   -0.15560466
    5.00000000   -0.14149120   -0.14248984   -0.15205751
    5.08333333   -0.14026208   -0.14128433   -0.14867825
    5.16666667   -0.13905129   -0.14010440   -0.14545553
    5.25000000   -0.13785872   -0.13894720   -0.14237896
    5.33333333   -0.13668422   -0.13780456   -0.13943904
    5.41666667   -0.13552762   -0.13666831   -0.13662710
    5.50000000   -0.13438874   -0.13553530   -0.13393510
    5.58333333   -0.13326737   -0.13440927   -0.13135572
    5.66666667   -0.13216331   -0.13329814   -0.12888218
    5.75000000   -0.13107632   -0.13220887   -0.12650821
    5.83333333   -0.13000617   -0.13114298   -0.12422806
    5.91666667   -0.12895262   -0.13009567   -0.12203639
    6.00000000   -0.12791543   -0.12905893   -0.11992822
    6.08333333   -0.12689433   -0.12802659   -0.11789898
    6.16666667   -0.12588908   -0.12699808   -0.11594441
    6.25000000   -0.12489942   -0.12597854   -0.11406053
    6.33333333   -0.12392509   -0.12497532   -0.11224363
    6.41666667   -0.12296583   -0.12399320   -0.11049030
    6.50000000   -0.12202137   -0.12303127   -0.10879728
    6.58333333   -0.12109146   -0.12208361   -0.10716160
    6.66666667   -0.12017585   -0.12114301   -0.10558044
    6.75000000   -0.11927427   -0.12020545   -0.10405115
    6.83333333   -0.11838647   -0.11927251   -0.10257128
    6.91666667   -0.11751221   -0.11835009   -0.10113852
    7.00000000   -0.11665122   -0.11744448   -0.09975068
    7.08333333   -0.11580326   -0.11655829   -0.09840571
    7.16666667   -0.11496810   -0.11568872   -0.09710172
    7.25000000   -0.11414549   -0.11482941   -0.09583686
    7.33333333   -0.11333519   -0.11397438   -0.09460944
    7.41666667   -0.11253698   -0.11312178   -0.09341786
    7.50000000   -0.11175062   -0.11227480   -0.09226058
    7.58333333   -0.11097589   -0.11143952   -0.09113618
    7.66666667   -0.11021256   -0.11062082   -0.09004330
    7.75000000   -0.10946043   -0.10981926   -0.08898065
    7.83333333   -0.10871927   -0.10903069   -0.08794700
    7.91666667   -0.10798888   -0.10824888   -0.08694123
    8.00000000   -0.10726906   -0.10746944   -0.08596222
    8.08333333   -0.10655959   -0.10669244   -0.08500895
    8.16666667   -0.10586028   -0.10592223   -0.08408041
    8.25000000   -0.10517095   -0.10516447   -0.08317570
    8.33333333   -0.10449140   -0.10442245   -0.08229390
    8.41666667   -0.10382144   -0.10369492   -0.08143417
    8.50000000   -0.10316090   -0.10297690   -0.08059573
    8.58333333   -0.10250958   -0.10226282   -0.07977778
    8.66666667   -0.10186733   -0.10154997   -0.07897960
    8.75000000   -0.10123396   -0.10084012   -0.07820050
    8.83333333   -0.10060932   -0.10013820   -0.07743982
    8.91666667   -0.09999323   -0.09944906   -0.07669690
    9.00000000   -0.09938554   -0.09877427   -0.07597116
    9.08333333   -0.09878610   -0.09811113   -0.07526201
    9.16666667   -0.09819473   -0.09745434   -0.07456889
    9.25000000   -0.09761130   -0.09679937   -0.07389129
    9.33333333   -0.09703567   -0.09614524   -0.07322869
    9.41666667   -0.09646767   -0.09549501   -0.07258060
    9.50000000   -0.09590719   -0.09485371   -0.07194657
    9.58333333   -0.09535407   -0.09422502   -0.07132615
    9.66666667   -0.09480818   -0.09360887   -0.07071890
    9.75000000   -0.09426940   -0.09300148   -0.07012443
    9.83333333   -0.09373759   -0.09239773   -0.06954234
    9.91666667   -0.09321262   -0.09179441   -0.06897225
   10.00000000   -0.09269437   -0.09119212   -0.06841381
   10.08333333   -0.09218273   -0.09059484   -0.06786666
   10.16666667   -0.09167757   -0.09000720   -0.06733046
   10.25000000   -0.09117878   -0.08943151   -0.06680491
   10.33333333   -0.09068625   -0.08886622   -0.06628969
   10.41666667   -0.09019986   -0.08830690   -0.06578450
   10.50000000   -0.08971951   -0.08774905   -0.06528906
   10.58333333   -0.08924508   -0.08719090   -0.06480309
   10.66666667   -0.08877649   -0.08663448   -0.06432633
   10.75000000   -0.08831362   -0.08608416   -0.06385852
   10.83333333   -0.08785638   -0.08554383   -0.06339942
   10.91666667   -0.08740466   -0.08501431   -0.06294879
   11.00000000   -0.08695838   -0.08449284   -0.06250640
   11.08333333   -0.08651745   -0.08397479   -0.06207204
   11.16666667   -0.08608176   -0.08345661   -0.06164547
   11.25000000   -0.08565124   -0.08293805   -0.06122652
   11.33333333   -0.08522579   -0.08242219   -0.06081496
   11.41666667   -0.08480533   -0.08191341   -0.06041062
   11.50000000   -0.08438977   -0.08141451   -0.06001330
   11.58333333   -0.08397904   -0.08092486   -0.05962284
   11.66666667   -0.08357305   -0.08044082   -0.05923904
   11.75000000   -0.08317173   -0.07995799   -0.05886176
   11.83333333   -0.08277499   -0.07947406   -0.05849083
   11.91666667   -0.08238277   -0.07899016   -0.05812608
   12.00000000   -0.08199499   -0.07851010   -0.05776737
   12.08333333   -0.08161157   -0.07803781   -0.05741456
   12.16666667   -0.08123245   -0.07757480   -0.05706749
   12.25000000   -0.08085756   -0.07711914   -0.05672604
   12.33333333   -0.08048683   -0.07666668   -0.05639007
   12.41666667   -0.08012019   -0.07621368   -0.05605945
   12.50000000   -0.07975758   -0.07575918   -0.05573406
   12.58333333   -0.07939893   -0.07530553   -0.05541377
   12.66666667   -0.07904418   -0.07485682   -0.05509847
   12.75000000   -0.07869328   -0.07441620   -0.05478805
   12.83333333   -0.07834616   -0.07398376   -0.05448238
   12.91666667   -0.07800275   -0.07355652   -0.05418138
   13.00000000   -0.07766301   -0.07313023   -0.05388492
   13.08333333   -0.07732688   -0.07270215   -0.05359292
   13.16666667   -0.07699429   -0.07227271   -0.05330527
   13.25000000   -0.07666521   -0.07184519   -0.05302187
   13.33333333   -0.07633957   -0.07142355   -0.05274265
   13.41666667   -0.07601732   -0.07100981   -0.05246749
   13.50000000   -0.07569842   -0.07060271   -0.05219633
   13.58333333   -0.07538280   -0.07019849   -0.05192907
   13.66666667   -0.07507043   -0.06979327   -0.05166563
   13.75000000   -0.07476125   -0.06938552   -0.05140593
   13.83333333   -0.07445521   -0.06897700   -0.05114989
   13.91666667   -0.07415227   -0.06857157   -0.05089744
   14.00000000   -0.07385239   -0.06817263   -0.05064851
   14.08333333   -0.07355551   -0.06778087   -0.05040301
   14.16666667   -0.07326160   -0.06739377   -0.05016089
   14.25000000   -0.07297061   -0.06700720   -0.04992207
   14.33333333   -0.07268250   -0.06661803   -0.04968648
   14.41666667   -0.07239723   -0.06622612   -0.04945407
   14.50000000   -0.07211475   -0.06583439   -0.04922477
   14.58333333   -0.07183504   -0.06544682   -0.04899852
   14.66666667   -0.07155803   -0.06506588   -0.04877525
   14.75000000   -0.07128372   -0.06469080   -0.04855492
   14.83333333   -0.07101204   -0.06431805   -0.04833747
   14.91666667   -0.07074296   -0.06394354   -0.04812283
   15.00000000   -0.07047646   -0.06356525   -0.04791096
   15.08333333   -0.07021248   -0.06318449   -0.04770180
   15.16666667   -0.06995100   -0.06280504   -0.04749530
   15.25000000   -0.06969199   -0.06243057   -0.04729142
   15.33333333   -0.06943541   -0.06206225   -0.04709010
   15.41666667   -0.06918121   -0.06169785   -0.04689130
   15.50000000   -0.06892939   -0.06133311   -0.04669496
   15.58333333   -0.06867989   -0.06096447   -0.04650106
   15.66666667   -0.06843269   -0.06059132   -0.04630953
   15.75000000   -0.06818776   -0.06021637   -0.04612034
   15.83333333   -0.06794507   -0.05984386   -0.04593345
   15.91666667   -0.06770458   -0.05947667   -0.04574881
   16.00000000   -0.06746628   -0.05911437   -0.04556638
   16.08333333   -0.06723012   -0.05875335   -0.04538613
   16.16666667   -0.06699609   -0.05838906   -0.04520803
   16.25000000   -0.06676414   -0.05801889   -0.04503202
   16.33333333   -0.06653426   -0.05764391   -0.04485807
   16.41666667   -0.06630643   -0.05726804   -0.04468616
   16.50000000   -0.06608060   -0.05689552   -0.04451623
   16.58333333   -0.06585675   -0.05652791   -0.04434827
   16.66666667   -0.06563488   -0.05616294   -0.04418223
   16.75000000   -0.06541493   -0.05579578   -0.04401808
   16.83333333   -0.06519689   -0.05542205   -0.04385580
   16.91666667   -0.06498075   -0.05504066   -0.04369535
   17.00000000   -0.06476646   -0.05465445   -0.04353670
   17.08333333   -0.06455401   -0.05426834   -0.04337982
   17.16666667   -0.06434338   -0.05388591   -0.04322468
   17.25000000   -0.06413453   -0.05350683   -0.04307125
   17.33333333   -0.06392746   -0.05312675   -0.04291951
   17.41666667   -0.06372214   -0.05273987   -0.04276943
   17.50000000   -0.06351854   -0.05234262   -0.04262098
   17.58333333   -0.06331665   -0.05193590   -0.04247413
   17.66666667   -0.06311645   -0.05152455   -0.04232886
   17.75000000   -0.06291790   -0.05111398   -0.04218515
   17.83333333   -0.06272100   -0.05070637   -0.04204297
   17.91666667   -0.06252572   -0.05029869   -0.04190229
   18.00000000   -0.06233205   -0.04988419   -0.04176310
   18.08333333   -0.06213996   -0.04945648   -0.04162536
   18.16666667   -0.06194943   -0.04901354   -0.04148906
   18.25000000   -0.06176045   -0.04855912   -0.04135418
   18.33333333   -0.06157300   -0.04810025   -0.04122069
   18.41666667   -0.06138706   -0.04764227   -0.04108857
   18.50000000   -0.06120261   -0.04718466   -0.04095780
   18.58333333   -0.06101963   -0.04672040   -0.04082836
   18.66666667   -0.06083811   -0.04623974   -0.04070024
   18.75000000   -0.06065803   -0.04573621   -0.04057341
   18.83333333   -0.06047937   -0.04521100   -0.04044784
   18.91666667   -0.06030212   -0.04467261   -0.04032353
   19.00000000   -0.06012625   -0.04413137   -0.04020046
   19.08333333   -0.05995176   -0.04359197   -0.04007860
   19.16666667   -0.05977863   -0.04304879   -0.03995794
   19.25000000   -0.05960684   -0.04248775   -0.03983846
   19.33333333   -0.05943638   -0.04189442   -0.03972015
   19.41666667   -0.05926723   -0.04126430   -0.03960298
   19.50000000   -0.05909938   -0.04060868   -0.03948695
   19.58333333   -0.05893280   -0.03995155   -0.03937203
   19.66666667   -0.05876750   -0.03931743   -0.03925821
   19.75000000   -0.05860345   -0.03871554   -0.03914547
   19.83333333   -0.05844064   -0.03812873   -0.03903381
   19.91666667   -0.05827906   -0.03751407   -0.03892319
   20.00000000   -0.05811868   -0.03681662   -0.03881362
