  -20.00000000   -0.03310786   -0.00216486   -0.07492365
  -19.91666667   -0.03324325   -0.00213254   -0.07516281
  -19.83333333   -0.03338020   -0.00212986   -0.07540380
  -19.75000000   -0.03351872   -0.00215767   -0.07564666
  -19.66666667   -0.03365884   -0.00220868   -0.07589140
  -19.58333333   -0.03380058   -0.00227135   -0.07613804
  -19.50000000   -0.03394398   -0.00233485   -0.07638661
  -19.41666667   -0.03408906   -0.00239297   -0.07663713
  -19.33333333   -0.03423584   -0.00244529   -0.07688962
  -19.25000000   -0.03438436   -0.00249562   -0.07714411
  -19.16666667   -0.03453464   -0.00254879   -0.07740062
  -19.08333333   -0.03468671   -0.00260751   -0.07765917
  -19.00000000   -0.03484061   -0.00267103   -0.07791980
  -18.91666667   -0.03499637   -0.00273587   -0.07818253
  -18.83333333   -0.03515400   -0.00279800   -0.07844737
  -18.75000000   -0.03531356   -0.00285510   -0.07871436
  -18.66666667   -0.03547506   -0.00290771   -0.07898353
  -18.58333333   -0.03563854   -0.00295856   -0.07925489
  -18.50000000   -0.03580404   -0.00301084   -0.07952848
  -18.41666667   -0.03597160   -0.00306630   -0.07980434
  -18.33333333   -0.03614123   -0.00312435   -0.08008247
  -18.25000000   -0.03631299   -0.00318262   -0.08036292
  -18.16666667   -0.03648691   -0.00323846   -0.08064572
  -18.08333333   -0.03666303   -0.00329056   -0.08093088
  -18.00000000   -0.03684138   -0.00333965   -0.08121846
  -17.91666667   -0.03702201   -0.00338797   -0.08150847
  -17.83333333   -0.03720496   -0.00343789   -0.08180093
  -17.75000000   -0.03739026   -0.00349049   -0.08209591
  -17.66666667   -0.03757796   -0.00354501   -0.08239341
  -17.58333333   -0.03776810   -0.00359944   -0.08269347
  -17.50000000   -0.03796073   -0.00365173   -0.08299614
  -17.41666667   -0.03815590   -0.00370112   -0.08330144
  -17.33333333   -0.03835363   -0.00374850   -0.08360940
  -17.25000000   -0.03855400   -0.00379587   -0.08392007
  -17.16666667   -0.03875704   -0.00384511   -0.08423348
  -17.08333333   -0.03896279   -0.00389683   -0.08454966
  -17.00000000   -0.03917133   -0.00395011   -0.08486867
  -16.91666667   -0.03938269   -0.00400306   -0.08519052
  -16.83333333   -0.03959692   -0.00405406   -0.08551526
  -16.75000000   -0.03981409   -0.00410272   -0.08584294
  -16.66666667   -0.04003425   -0.00415011   -0.08617359
  -16.58333333   -0.04025745   -0.00419812   -0.08650725
  -16.50000000   -0.04048376   -0.00424823   -0.08684397
  -16.41666667   -0.04071322   -0.00430070   -0.08718379
  -16.33333333   -0.04094591   -0.00435440   -0.08752675
  -16.25000000   -0.04118188   -0.00440757   -0.08787290
  -16.16666667   -0.04142121   -0.00445889   -0.08822228
  -16.08333333   -0.04166395   -0.00450833   -0.08857493
  -16.00000000   -0.04191017   -0.00455713   -0.08893092
  -15.91666667   -0.04215994   -0.00460707   -0.08929028
  -15.83333333   -0.04241333   -0.00465932   -0.08965307
  -15.75000000   -0.04267042   -0.00471379   -0.09001932
  -15.66666667   -0.04293127   -0.00476918   -0.09038910
  -15.58333333   -0.04319597   -0.00482382   -0.09076247
  -15.50000000   -0.04346458   -0.00487671   -0.09113946
  -15.41666667   -0.04373720   -0.00492815   -0.09152013
  -15.33333333   -0.04401390   -0.00497954   -0.09190455
  -15.25000000   -0.04429476   -0.00503252   -0.09229276
  -15.16666667   -0.04457987   -0.00508797   -0.09268482
  -15.08333333   -0.04486933   -0.00514546   -0.09308081
  -15.00000000   -0.04516321   -0.00520355   -0.09348076
  -14.91666667   -0.04546162   -0.00526070   -0.09388475
  -14.83333333   -0.04576465   -0.00531622   -0.09429284
  -14.75000000   -0.04607238   -0.00537072   -0.09470509
  -14.66666667   -0.04638494   -0.00542573   -0.09512157
  -14.58333333   -0.04670241   -0.00548276   -0.09554234
  -14.50000000   -0.04702490   -0.00554235   -0.09596748
  -14.41666667   -0.04735252   -0.00560376   -0.09639704
  -14.33333333   -0.04768539   -0.00566544   -0.09683112
  -14.25000000   -0.04802361   -0.00572602   -0.09726976
  -14.16666667   -0.04836731   -0.00578513   -0.09771306
  -14.08333333   -0.04871660   -0.00584370   -0.09816110
  -14.00000000   -0.04907160   -0.00590334   -0.09861393
  -13.91666667   -0.04943244   -0.00596537   -0.09907165
  -13.83333333   -0.04979926   -0.00602998   -0.09953434
  -13.75000000   -0.05017219   -0.00609614   -0.10000208
  -13.66666667   -0.05055135   -0.00616225   -0.10047495
  -13.58333333   -0.05093691   -0.00622713   -0.10095305
  -13.50000000   -0.05132899   -0.00629080   -0.10143647
  -13.41666667   -0.05172776   -0.00635444   -0.10192528
  -13.33333333   -0.05213335   -0.00641971   -0.10241960
  -13.25000000   -0.05254594   -0.00648768   -0.10291951
  -13.16666667   -0.05296567   -0.00655817   -0.10342511
  -13.08333333   -0.05339272   -0.00662991   -0.10393651
  -13.00000000   -0.05382726   -0.00670127   -0.10445380
  -12.91666667   -0.05426947   -0.00677136   -0.10497709
  -12.83333333   -0.05471952   -0.00684057   -0.10550650
  -12.75000000   -0.05517760   -0.00691033   -0.10604212
  -12.66666667   -0.05564391   -0.00698225   -0.10658408
  -12.58333333   -0.05611863   -0.00705710   -0.10713250
  -12.50000000   -0.05660198   -0.00713435   -0.10768748
  -12.41666667   -0.05709415   -0.00721248   -0.10824916
  -12.33333333   -0.05759538   -0.00728996   -0.10881766
  -12.25000000   -0.05810586   -0.00736621   -0.10939310
  -12.16666667   -0.05862584   -0.00744201   -0.10997563
  -12.08333333   -0.05915554   -0.00751898   -0.11056538
  -12.00000000   -0.05969521   -0.00759861   -0.11116249
  -11.91666667   -0.06024509   -0.00768132   -0.11176709
  -11.83333333   -0.06080545   -0.00776621   -0.11237935
  -11.75000000   -0.06137653   -0.00785159   -0.11299940
  -11.66666667   -0.06195861   -0.00793610   -0.11362741
  -11.58333333   -0.06255198   -0.00801954   -0.11426354
  -11.50000000   -0.06315691   -0.00810304   -0.11490794
  -11.41666667   -0.06377370   -0.00818836   -0.11556079
  -11.33333333   -0.06440266   -0.00827679   -0.11622227
  -11.25000000   -0.06504409   -0.00836836   -0.11689254
  -11.16666667   -0.06569832   -0.00846179   -0.11757180
  -11.08333333   -0.06636568   -0.00855532   -0.11826024
  -11.00000000   -0.06704651   -0.00864783   -0.11895804
  -10.91666667   -0.06774117   -0.00873954   -0.11966540
  -10.83333333   -0.06845002   -0.00883192   -0.12038256
  -10.75000000   -0.06917343   -0.00892677   -0.12110969
  -10.66666667   -0.06991178   -0.00902510   -0.12184703
  -10.58333333   -0.07066548   -0.00912650   -0.12259482
  -10.50000000   -0.07143492   -0.00922937   -0.12335326
  -10.41666667   -0.07222053   -0.00933195   -0.12412261
  -10.33333333   -0.07302275   -0.00943346   -0.12490312
  -10.25000000   -0.07384201   -0.00953456   -0.12569504
  -10.16666667   -0.07467878   -0.00963702   -0.12649863
  -10.08333333   -0.07553355   -0.00974257   -0.12731418
  -10.00000000   -0.07640677   -0.00985185   -0.12814195
   -9.91666667   -0.07729896   -0.00996400   -0.12898224
   -9.83333333   -0.07821064   -0.01007715   -0.12983536
   -9.75000000   -0.07914234   -0.01018965   -0.13070160
   -9.66666667   -0.08009459   -0.01030112   -0.13158129
   -9.58333333   -0.08106799   -0.01041270   -0.13247478
   -9.50000000   -0.08206308   -0.01052634   -0.13338239
   -9.41666667   -0.08308047   -0.01064364   -0.13430448
   -9.33333333   -0.08412079   -0.01076477   -0.13524143
   -9.25000000   -0.08518465   -0.01088840   -0.13619362
   -9.16666667   -0.08627270   -0.01101249   -0.13716143
   -9.08333333   -0.08738561   -0.01113561   -0.13814529
   -9.00000000   -0.08852406   -0.01125784   -0.13914561
   -8.91666667   -0.08968876   -0.01138075   -0.14016284
   -8.83333333   -0.09088043   -0.01150645   -0.14119745
   -8.75000000   -0.09209979   -0.01163623   -0.14224989
   -8.66666667   -0.09334762   -0.01176974   -0.14332066
   -8.58333333   -0.09462470   -0.01190519   -0.14441030
   -8.50000000   -0.09593181   -0.01204047   -0.14551930
   -8.41666667   -0.09726977   -0.01217446   -0.14664825
   -8.33333333   -0.09863943   -0.01230779   -0.14779773
   -8.25000000   -0.10004162   -0.01244241   -0.14896831
   -8.16666667   -0.10147722   -0.01258045   -0.15016063
   -8.08333333   -0.10294713   -0.01272276   -0.15137537
   -8.00000000   -0.10445224   -0.01286841   -0.15261318
   -7.91666667   -0.10599348   -0.01301522   -0.15387477
   -7.83333333   -0.10757177   -0.01316107   -0.15516090
   -7.75000000   -0.10918810   -0.01330530   -0.15647233
   -7.66666667   -0.11084341   -0.01344908   -0.15780988
   -7.58333333   -0.11253866   -0.01359472   -0.15917438
   -7.50000000   -0.11427488   -0.01374415   -0.16056674
   -7.41666667   -0.11605304   -0.01389769   -0.16198786
   -7.33333333   -0.11787414   -0.01405378   -0.16343872
   -7.25000000   -0.11973919   -0.01420987   -0.16492034
   -7.16666667   -0.12164920   -0.01436400   -0.16643379
   -7.08333333   -0.12360514   -0.01451603   -0.16798017
   -7.00000000   -0.12560805   -0.01466769   -0.16956068
   -6.91666667   -0.12765888   -0.01482147   -0.17117655
   -6.83333333   -0.12975858   -0.01497900   -0.17282905
   -6.75000000   -0.13190813   -0.01513988   -0.17451958
   -6.66666667   -0.13410842   -0.01530187   -0.17624957
   -6.58333333   -0.13636032   -0.01546213   -0.17802053
   -6.50000000   -0.13866468   -0.01561897   -0.17983407
   -6.41666667   -0.14102228   -0.01577285   -0.18169188
   -6.33333333   -0.14343382   -0.01592599   -0.18359573
   -6.25000000   -0.14589997   -0.01608092   -0.18554753
   -6.16666667   -0.14842128   -0.01623869   -0.18754927
   -6.08333333   -0.15099821   -0.01639805   -0.18960305
   -6.00000000   -0.15363113   -0.01655600   -0.19171115
   -5.91666667   -0.15632027   -0.01670949   -0.19387593
   -5.83333333   -0.15906569   -0.01685721   -0.19609991
   -5.75000000   -0.16186734   -0.01700021   -0.19838582
   -5.66666667   -0.16472495   -0.01714110   -0.20073651
   -5.58333333   -0.16763805   -0.01728215   -0.20315503
   -5.50000000   -0.17060596   -0.01742356   -0.20564465
   -5.41666667   -0.17362774   -0.01756297   -0.20820886
   -5.33333333   -0.17670213   -0.01769657   -0.21085137
   -5.25000000   -0.17982764   -0.01782114   -0.21357619
   -5.16666667   -0.18300236   -0.01793574   -0.21638760
   -5.08333333   -0.18622402   -0.01804196   -0.21929015
   -5.00000000   -0.18948998   -0.01814251   -0.22228884
   -4.91666667   -0.19279711   -0.01823903   -0.22538894
   -4.83333333   -0.19614174   -0.01833042   -0.22859617
   -4.75000000   -0.19951978   -0.01841286   -0.23191673
   -4.66666667   -0.20292644   -0.01848155   -0.23535729
   -4.58333333   -0.20635634   -0.01853299   -0.23892504
   -4.50000000   -0.20980346   -0.01856654   -0.24262784
   -4.41666667   -0.21326096   -0.01858403   -0.24647418
   -4.33333333   -0.21672125   -0.01858780   -0.25047324
   -4.25000000   -0.22017592   -0.01857815   -0.25463512
   -4.16666667   -0.22361560   -0.01855196   -0.25897072
   -4.08333333   -0.22702994   -0.01850338   -0.26349194
   -4.00000000   -0.23040764   -0.01842615   -0.26821187
   -3.91666667   -0.23373621   -0.01831615   -0.27314472
   -3.83333333   -0.23700204   -0.01817261   -0.27830610
   -3.75000000   -0.24019026   -0.01799696   -0.28371307
   -3.66666667   -0.24328472   -0.01779017   -0.28938434
   -3.58333333   -0.24626788   -0.01754998   -0.29534043
   -3.50000000   -0.24912073   -0.01727000   -0.30160376
   -3.41666667   -0.25182273   -0.01694115   -0.30819890
   -3.33333333   -0.25435173   -0.01655473   -0.31515262
   -3.25000000   -0.25668381   -0.01610509   -0.32249399
   -3.16666667   -0.25879327   -0.01559025   -0.33025441
   -3.08333333   -0.26065248   -0.01500984   -0.33846746
   -3.00000000   -0.26223173   -0.01436155   -0.34716841
   -2.91666667   -0.26349913   -0.01363841   -0.35639356
   -2.83333333   -0.26442046   -0.01282838   -0.36617870
   -2.75000000   -0.26495896   -0.01191699   -0.37655646
   -2.66666667   -0.26507518   -0.01089115   -0.38755220
   -2.58333333   -0.26472679   -0.00974189   -0.39917667
   -2.50000000   -0.26386833   -0.00846412   -0.41141401
   -2.41666667   -0.26245097   -0.00705328   -0.42420204
   -2.33333333   -0.26042236   -0.00550098   -0.43739892
   -2.25000000   -0.25772640   -0.00379223   -0.45072705
   -2.16666667   -0.25430309   -0.00190629   -0.46367807
   -2.08333333   -0.25008853    0.00017922   -0.47534932
   -2.00000000   -0.24501507    0.00248320   -0.48416164
   -1.91666667   -0.23901161    0.00501830   -0.48737384
   -1.83333333   -0.23200449    0.00779224   -0.48026401
   -1.75000000   -0.22391859    0.01081260   -0.45483906
   -1.66666667   -0.21467943    0.01409210   -0.39815648
   -1.58333333   -0.20421604    0.01765051   -0.29144049
   -1.50000000   -0.19246490    0.02151129   -0.11434746
   -1.41666667   -0.17937552    0.02569408    0.13735451
   -1.33333333   -0.16491742    0.03020673    0.42287874
   -1.25000000   -0.14908877    0.03504136    0.65809477
   -1.16666667   -0.13192664    0.04017645    0.77958415
   -1.08333333   -0.11351811    0.04558329    0.79180865
   -1.00000000   -0.09401120    0.05123167    0.73789296
   -0.91666667   -0.07362438    0.05708950    0.65707994
   -0.83333333   -0.05265184    0.06311383    0.57189719
   -0.75000000   -0.03146260    0.06923588    0.49224865
   -0.66666667   -0.01049070    0.07534728    0.42135829
   -0.58333333    0.00978465    0.08129570    0.35949732
   -0.50000000    0.02886882    0.08689501    0.30582679
   -0.41666667    0.04628866    0.09194828    0.25920748
   -0.33333333    0.06163165    0.09627628    0.21852356
   -0.25000000    0.07458100    0.09974061    0.18279268
   -0.16666667    0.08494069    0.10225325    0.15118851
   -0.08333333    0.09264621    0.10377056    0.12302987
    0.00000000    0.09775988    0.10427730    0.09775988
    0.08333333    0.10045296    0.10377056    0.07492426
    0.16666667    0.10097878    0.10225325    0.05415194
    0.25000000    0.09964236    0.09974061    0.03513896
    0.33333333    0.09677120    0.09627628    0.01763541
    0.41666667    0.09269069    0.09194828    0.00143513
    0.50000000    0.08770579    0.08689501   -0.01363254
    0.58333333    0.08208926    0.08129570   -0.02770911
    0.66666667    0.07607556    0.07534728   -0.04091207
    0.75000000    0.06985939    0.06923588   -0.05333880
    0.83333333    0.06359716    0.06311383   -0.06506971
    0.91666667    0.05741063    0.05708950   -0.07617066
    1.00000000    0.05139132    0.05123167   -0.08669484
    1.08333333    0.04560525    0.04558329   -0.09668424
    1.16666667    0.04009761    0.04017645   -0.10617071
    1.25000000    0.03489684    0.03504136   -0.11517679
    1.33333333    0.03001833    0.03020673   -0.12371626
    1.41666667    0.02546746    0.02569408   -0.13179443
    1.50000000    0.02124211    0.02151129   -0.13940845
    1.58333333    0.01733474    0.01765051   -0.14654717
    1.66666667    0.01373396    0.01409210   -0.15319118
    1.75000000    0.01042582    0.01081260   -0.15931257
    1.83333333    0.00739478    0.00779224   -0.16487466
    1.91666667    0.00462446    0.00501830   -0.16983171
    2.00000000    0.00209815    0.00248320   -0.17412868
    2.08333333   -0.00020074    0.00017922   -0.17770094
    2.16666667   -0.00228844   -0.00190629   -0.18047414
    2.25000000   -0.00418057   -0.00379223   -0.18236432
    2.33333333   -0.00589206   -0.00550098   -0.18327818
    2.41666667   -0.00743703   -0.00705328   -0.18311387
    2.50000000   -0.00882876   -0.00846412   -0.18176218
    2.58333333   -0.01007969   -0.00974189   -0.17910839
    2.66666667   -0.01120144   -0.01089115   -0.17503496
    2.75000000   -0.01220476   -0.01191699   -0.16942503
    2.83333333   -0.01309965   -0.01282838   -0.16216692
    2.91666667   -0.01389533   -0.01363841   -0.15315963
    3.00000000   -0.01460033   -0.01436155   -0.14231940
    3.08333333   -0.01522249   -0.01500984   -0.12958671
    3.16666667   -0.01576905   -0.01559025   -0.11493399
    3.25000000   -0.01624663   -0.01610509   -0.09837316
    3.33333333   -0.01666135   -0.01655473   -0.07996211
    3.41666667   -0.01701879   -0.01694115   -0.05980989
    3.50000000   -0.01732409   -0.01727000   -0.03807961
    3.58333333   -0.01758196   -0.01754998   -0.01498771
    3.66666667   -0.01779671   -0.01779017    0.00919989
    3.75000000   -0.01797229   -0.01799696    0.03417528
    3.83333333   -0.01811232   -0.01817261    0.05960014
    3.91666667   -0.01822011   -0.01831615    0.08511935
    4.00000000   -0.01829870   -0.01842615    0.11037607
    4.08333333   -0.01835086   -0.01850338    0.13502770
    4.16666667   -0.01837912   -0.01855196    0.15875942
    4.25000000   -0.01838582   -0.01857815    0.18129673
    4.33333333   -0.01837307   -0.01858780    0.20241296
    4.41666667   -0.01834282   -0.01858403    0.22193443
    4.50000000   -0.01829684   -0.01856654    0.23974186
    4.58333333   -0.01823677   -0.01853299    0.25576753
    4.66666667   -0.01816408   -0.01848155    0.26999108
    4.75000000   -0.01808013   -0.01841286    0.28243338
    4.83333333   -0.01798616   -0.01833042    0.29314874
    4.91666667   -0.01788331   -0.01823903    0.30221776
    5.00000000   -0.01777261   -0.01814251    0.30974022
    5.08333333   -0.01765501   -0.01804196    0.31582830
    5.16666667   -0.01753136   -0.01793574    0.32060115
    5.25000000   -0.01740246   -0.01782114    0.32418037
    5.33333333   -0.01726902   -0.01769657    0.32668614
    5.41666667   -0.01713170   -0.01756297    0.32823468
    5.50000000   -0.01699110   -0.01742356    0.32893631
    5.58333333   -0.01684775   -0.01728215    0.32889408
    5.66666667   -0.01670215   -0.01714110    0.32820317
    5.75000000   -0.01655475   -0.01700021    0.32695053
    5.83333333   -0.01640596   -0.01685721    0.32521491
    5.91666667   -0.01625616   -0.01670949    0.32306710
    6.00000000   -0.01610567   -0.01655600    0.32057031
    6.08333333   -0.01595480   -0.01639805    0.31778069
    6.16666667   -0.01580383   -0.01623869    0.31474788
    6.25000000   -0.01565301   -0.01608092    0.31151550
    6.33333333   -0.01550256   -0.01592599    0.30812183
    6.41666667   -0.01535268   -0.01577285    0.30460027
    6.50000000   -0.01520357   -0.01561897    0.30097985
    6.58333333   -0.01505537   -0.01546213    0.29728579
    6.66666667   -0.01490825   -0.01530187    0.29353987
    6.75000000   -0.01476232   -0.01513988    0.28976081
    6.83333333   -0.01461771   -0.01497900    0.28596473
    6.91666667   -0.01447451   -0.01482147    0.28216541
    7.00000000   -0.01433283   -0.01466769    0.27837452
    7.08333333   -0.01419274   -0.01451603    0.27460204
    7.16666667   -0.01405430   -0.01436400    0.27085636
    7.25000000   -0.01391759   -0.01420987    0.26714446
    7.33333333   -0.01378265   -0.01405378    0.26347221
    7.41666667   -0.01364953   -0.01389769    0.25984445
    7.50000000   -0.01351827   -0.01374415    0.25626509
    7.58333333   -0.01338889   -0.01359472    0.25273731
    7.66666667   -0.01326142   -0.01344908    0.24926364
    7.75000000   -0.01313588   -0.01330530    0.24584599
    7.83333333   -0.01301229   -0.01316107    0.24248583
    7.91666667   -0.01289066   -0.01301522    0.23918419
    8.00000000   -0.01277099   -0.01286841    0.23594171
    8.08333333   -0.01265329   -0.01272276    0.23275878
    8.16666667   -0.01253756   -0.01258045    0.22963543
    8.25000000   -0.01242379   -0.01244241    0.22657163
    8.33333333   -0.01231198   -0.01230779    0.22356699
    8.41666667   -0.01220211   -0.01217446    0.22062103
    8.50000000   -0.01209418   -0.01204047    0.21773320
    8.58333333   -0.01198818   -0.01190519    0.21490274
    8.66666667   -0.01188409   -0.01176974    0.21212882
    8.75000000   -0.01178190   -0.01163623    0.20941061
    8.83333333   -0.01168158   -0.01150645    0.20674714
    8.91666667   -0.01158313   -0.01138075    0.20413739
    9.00000000   -0.01148651   -0.01125784    0.20158040
    9.08333333   -0.01139171   -0.01113561    0.19907510
    9.16666667   -0.01129871   -0.01101249    0.19662037
    9.25000000   -0.01120748   -0.01088840    0.19421521
    9.33333333   -0.01111801   -0.01076477    0.19185850
    9.41666667   -0.01103026   -0.01064364    0.18954912
    9.50000000   -0.01094422   -0.01052634    0.18728605
    9.58333333   -0.01085986   -0.01041270    0.18506818
    9.66666667   -0.01077715   -0.01030112    0.18289443
    9.75000000   -0.01069608   -0.01018965    0.18076380
    9.83333333   -0.01061662   -0.01007715    0.17867522
    9.91666667   -0.01053873   -0.00996400    0.17662766
   10.00000000   -0.01046240   -0.00985185    0.17462015
   10.08333333   -0.01038761   -0.00974257    0.17265169
   10.16666667   -0.01031432   -0.00963702    0.17072130
   10.25000000   -0.01024251   -0.00953456    0.16882808
   10.33333333   -0.01017215   -0.00943346    0.16697108
   10.41666667   -0.01010323   -0.00933195    0.16514938
   10.50000000   -0.01003572   -0.00922937    0.16336215
   10.58333333   -0.00996958   -0.00912650    0.16160851
   10.66666667   -0.00990481   -0.00902510    0.15988760
   10.75000000   -0.00984137   -0.00892677    0.15819865
   10.83333333   -0.00977924   -0.00883192    0.15654084
   10.91666667   -0.00971839   -0.00873954    0.15491339
   11.00000000   -0.00965881   -0.00864783    0.15331557
   11.08333333   -0.00960047   -0.00855532    0.15174665
   11.16666667   -0.00954335   -0.00846179    0.15020589
   11.25000000   -0.00948742   -0.00836836    0.14869263
   11.33333333   -0.00943266   -0.00827679    0.14720619
   11.41666667   -0.00937905   -0.00818836    0.14574589
   11.50000000   -0.00932658   -0.00810304    0.14431113
   11.58333333   -0.00927521   -0.00801954    0.14290127
   11.66666667   -0.00922492   -0.00793610    0.14151571
   11.75000000   -0.00917570   -0.00785159    0.14015389
   11.83333333   -0.00912753   -0.00776621    0.13881522
   11.91666667   -0.00908039   -0.00768132    0.13749914
   12.00000000   -0.00903425   -0.00759861    0.13620514
   12.08333333   -0.00898910   -0.00751898    0.13493269
   12.16666667   -0.00894491   -0.00744201    0.13368127
   12.25000000   -0.00890168   -0.00736621    0.13245042
   12.33333333   -0.00885937   -0.00728996    0.13123964
   12.41666667   -0.00881798   -0.00721248    0.13004846
   12.50000000   -0.00877748   -0.00713435    0.12887646
   12.58333333   -0.00873786   -0.00705710    0.12772317
   12.66666667   -0.00869911   -0.00698225    0.12658817
   12.75000000   -0.00866119   -0.00691033    0.12547107
   12.83333333   -0.00862410   -0.00684057    0.12437144
   12.91666667   -0.00858783   -0.00677136    0.12328889
   13.00000000   -0.00855235   -0.00670127    0.12222306
   13.08333333   -0.00851765   -0.00662991    0.12117358
   13.16666667   -0.00848371   -0.00655817    0.12014005
   13.25000000   -0.00845053   -0.00648768    0.11912218
   13.33333333   -0.00841807   -0.00641971    0.11811959
   13.41666667   -0.00838634   -0.00635444    0.11713195
   13.50000000   -0.00835532   -0.00629080    0.11615895
   13.58333333   -0.00832499   -0.00622713    0.11520029
   13.66666667   -0.00829533   -0.00616225    0.11425563
   13.75000000   -0.00826635   -0.00609614    0.11332470
   13.83333333   -0.00823801   -0.00602998    0.11240721
   13.91666667   -0.00821032   -0.00596537    0.11150286
   14.00000000   -0.00818325   -0.00590334    0.11061141
   14.08333333   -0.00815680   -0.00584370    0.10973256
   14.16666667   -0.00813095   -0.00578513    0.10886607
   14.25000000   -0.00810569   -0.00572602    0.10801168
   14.33333333   -0.00808101   -0.00566544    0.10716915
   14.41666667   -0.00805690   -0.00560376    0.10633823
   14.50000000   -0.00803334   -0.00554235    0.10551871
   14.58333333   -0.00801033   -0.00548276    0.10471034
   14.66666667   -0.00798786   -0.00542573    0.10391290
   14.75000000   -0.00796591   -0.00537072    0.10312618
   14.83333333   -0.00794448   -0.00531622    0.10234998
   14.91666667   -0.00792355   -0.00526070    0.10158407
   15.00000000   -0.00790312   -0.00520355    0.10082827
   15.08333333   -0.00788317   -0.00514546    0.10008238
   15.16666667   -0.00786370   -0.00508797    0.09934620
   15.25000000   -0.00784469   -0.00503252    0.09861957
   15.33333333   -0.00782614   -0.00497954    0.09790229
   15.41666667   -0.00780804   -0.00492815    0.09719417
   15.50000000   -0.00779038   -0.00487671    0.09649507
   15.58333333   -0.00777315   -0.00482382    0.09580481
   15.66666667   -0.00775634   -0.00476918    0.09512321
   15.75000000   -0.00773995   -0.00471379    0.09445013
   15.83333333   -0.00772397   -0.00465932    0.09378540
   15.91666667   -0.00770838   -0.00460707    0.09312888
   16.00000000   -0.00769318   -0.00455713    0.09248041
   16.08333333   -0.00767837   -0.00450833    0.09183985
   16.16666667   -0.00766393   -0.00445889    0.09120707
   16.25000000   -0.00764987   -0.00440757    0.09058191
   16.33333333   -0.00763616   -0.00435440    0.08996424
   16.41666667   -0.00762281   -0.00430070    0.08935395
   16.50000000   -0.00760980   -0.00424823    0.08875087
   16.58333333   -0.00759714   -0.00419812    0.08815490
   16.66666667   -0.00758481   -0.00415011    0.08756593
   16.75000000   -0.00757281   -0.00410272    0.08698380
   16.83333333   -0.00756113   -0.00405406    0.08640842
   16.91666667   -0.00754977   -0.00400306    0.08583969
   17.00000000   -0.00753872   -0.00395011    0.08527745
   17.08333333   -0.00752797   -0.00389683    0.08472162
   17.16666667   -0.00751752   -0.00384511    0.08417211
   17.25000000   -0.00750736   -0.00379587    0.08362877
   17.33333333   -0.00749748   -0.00374850    0.08309152
   17.41666667   -0.00748789   -0.00370112    0.08256027
   17.50000000   -0.00747857   -0.00365173    0.08203491
   17.58333333   -0.00746953   -0.00359944    0.08151533
   17.66666667   -0.00746075   -0.00354501    0.08100147
   17.75000000   -0.00745223   -0.00349049    0.08049320
   17.83333333   -0.00744396   -0.00343789    0.07999045
   17.91666667   -0.00743595   -0.00338797    0.07949314
   18.00000000   -0.00742818   -0.00333965    0.07900115
   18.08333333   -0.00742065   -0.00329056    0.07851442
   18.16666667   -0.00741336   -0.00323846    0.07803288
   18.25000000   -0.00740630   -0.00318262    0.07755642
   18.33333333   -0.00739947   -0.00312435    0.07708497
   18.41666667   -0.00739286   -0.00306630    0.07661846
   18.50000000   -0.00738647   -0.00301084    0.07615680
   18.58333333   -0.00738030   -0.00295856    0.07569992
   18.66666667   -0.00737433   -0.00290771    0.07524776
   18.75000000   -0.00736857   -0.00285510    0.07480023
   18.83333333   -0.00736302   -0.00279800    0.07435726
   18.91666667   -0.00735767   -0.00273587    0.07391880
   19.00000000   -0.00735251   -0.00267103    0.07348476
   19.08333333   -0.00734754   -0.00260751    0.07305509
   19.16666667   -0.00734276   -0.00254879    0.07262972
   19.25000000   -0.00733816   -0.00249562    0.07220858
   19.33333333   -0.00733375   -0.00244529    0.07179160
   19.41666667   -0.00732951   -0.00239297    0.07137875
   19.50000000   -0.00732545   -0.00233485    0.07096994
   19.58333333   -0.00732156   -0.00227135    0.07056512
   19.66666667   -0.00731783   -0.00220868    0.07016424
   19.75000000   -0.00731428   -0.00215767    0.06976723
   19.83333333   -0.00731088   -0.00212986    0.06937404
   19.91666667   -0.00730764   -0.00213254    0.06898462
   20.00000000   -0.00730456   -0.00216486    0.06859891
