  -20.00000000   -0.03216543   -0.00215499   -0.07443801
  -19.91666667   -0.03229757   -0.00212131   -0.07467714
  -19.83333333   -0.03243123   -0.00211767   -0.07491810
  -19.75000000   -0.03256642   -0.00214493   -0.07516094
  -19.66666667   -0.03270319   -0.00219569   -0.07540565
  -19.58333333   -0.03284154   -0.00225823   -0.07565227
  -19.50000000   -0.03298151   -0.00232158   -0.07590083
  -19.41666667   -0.03312312   -0.00237945   -0.07615134
  -19.33333333   -0.03326640   -0.00243142   -0.07640382
  -19.25000000   -0.03341138   -0.00248139   -0.07665831
  -19.16666667   -0.03355809   -0.00253424   -0.07691482
  -19.08333333   -0.03370654   -0.00259275   -0.07717337
  -19.00000000   -0.03385679   -0.00265615   -0.07743401
  -18.91666667   -0.03400885   -0.00272090   -0.07769675
  -18.83333333   -0.03416274   -0.00278290   -0.07796160
  -18.75000000   -0.03431852   -0.00283982   -0.07822861
  -18.66666667   -0.03447621   -0.00289219   -0.07849780
  -18.58333333   -0.03463583   -0.00294279   -0.07876920
  -18.50000000   -0.03479742   -0.00299486   -0.07904283
  -18.41666667   -0.03496103   -0.00305016   -0.07931872
  -18.33333333   -0.03512667   -0.00310811   -0.07959689
  -18.25000000   -0.03529440   -0.00316629   -0.07987739
  -18.16666667   -0.03546423   -0.00322200   -0.08016024
  -18.08333333   -0.03563622   -0.00327393   -0.08044546
  -18.00000000   -0.03581039   -0.00332281   -0.08073310
  -17.91666667   -0.03598680   -0.00337093   -0.08102318
  -17.83333333   -0.03616546   -0.00342066   -0.08131572
  -17.75000000   -0.03634644   -0.00347312   -0.08161077
  -17.66666667   -0.03652977   -0.00352755   -0.08190836
  -17.58333333   -0.03671548   -0.00358187   -0.08220851
  -17.50000000   -0.03690364   -0.00363404   -0.08251128
  -17.41666667   -0.03709427   -0.00368325   -0.08281668
  -17.33333333   -0.03728742   -0.00373043   -0.08312475
  -17.25000000   -0.03748315   -0.00377760   -0.08343554
  -17.16666667   -0.03768149   -0.00382667   -0.08374907
  -17.08333333   -0.03788249   -0.00387827   -0.08406538
  -17.00000000   -0.03808622   -0.00393144   -0.08438452
  -16.91666667   -0.03829271   -0.00398428   -0.08470652
  -16.83333333   -0.03850202   -0.00403513   -0.08503141
  -16.75000000   -0.03871420   -0.00408360   -0.08535925
  -16.66666667   -0.03892931   -0.00413080   -0.08569007
  -16.58333333   -0.03914740   -0.00417861   -0.08602390
  -16.50000000   -0.03936853   -0.00422857   -0.08636080
  -16.41666667   -0.03959275   -0.00428091   -0.08670081
  -16.33333333   -0.03982013   -0.00433450   -0.08704397
  -16.25000000   -0.04005073   -0.00438753   -0.08739032
  -16.16666667   -0.04028462   -0.00443869   -0.08773992
  -16.08333333   -0.04052184   -0.00448794   -0.08809280
  -16.00000000   -0.04076249   -0.00453654   -0.08844903
  -15.91666667   -0.04100660   -0.00458629   -0.08880863
  -15.83333333   -0.04125427   -0.00463838   -0.08917167
  -15.75000000   -0.04150556   -0.00469272   -0.08953819
  -15.66666667   -0.04176053   -0.00474798   -0.08990825
  -15.58333333   -0.04201928   -0.00480248   -0.09028190
  -15.50000000   -0.04228186   -0.00485519   -0.09065918
  -15.41666667   -0.04254837   -0.00490643   -0.09104017
  -15.33333333   -0.04281888   -0.00495760   -0.09142490
  -15.25000000   -0.04309347   -0.00501039   -0.09181345
  -15.16666667   -0.04337222   -0.00506568   -0.09220585
  -15.08333333   -0.04365524   -0.00512303   -0.09260219
  -15.00000000   -0.04394259   -0.00518098   -0.09300251
  -14.91666667   -0.04423438   -0.00523797   -0.09340688
  -14.83333333   -0.04453069   -0.00529329   -0.09381537
  -14.75000000   -0.04483163   -0.00534758   -0.09422803
  -14.66666667   -0.04513729   -0.00540238   -0.09464492
  -14.58333333   -0.04544777   -0.00545921   -0.09506614
  -14.50000000   -0.04576317   -0.00551863   -0.09549172
  -14.41666667   -0.04608361   -0.00557989   -0.09592175
  -14.33333333   -0.04640919   -0.00564142   -0.09635631
  -14.25000000   -0.04674002   -0.00570181   -0.09679546
  -14.16666667   -0.04707622   -0.00576072   -0.09723927
  -14.08333333   -0.04741791   -0.00581906   -0.09768783
  -14.00000000   -0.04776520   -0.00587848   -0.09814122
  -13.91666667   -0.04811823   -0.00594031   -0.09859950
  -13.83333333   -0.04847711   -0.00600475   -0.09906278
  -13.75000000   -0.04884199   -0.00607075   -0.09953112
  -13.66666667   -0.04921299   -0.00613668   -0.10000462
  -13.58333333   -0.04959027   -0.00620136   -0.10048336
  -13.50000000   -0.04997394   -0.00626480   -0.10096743
  -13.41666667   -0.05036418   -0.00632820   -0.10145693
  -13.33333333   -0.05076112   -0.00639325   -0.10195196
  -13.25000000   -0.05116492   -0.00646101   -0.10245259
  -13.16666667   -0.05157574   -0.00653133   -0.10295894
  -13.08333333   -0.05199374   -0.00660289   -0.10347112
  -13.00000000   -0.05241910   -0.00667406   -0.10398920
  -12.91666667   -0.05285198   -0.00674393   -0.10451332
  -12.83333333   -0.05329257   -0.00681289   -0.10504357
  -12.75000000   -0.05374104   -0.00688239   -0.10558007
  -12.66666667   -0.05419759   -0.00695408   -0.10612293
  -12.58333333   -0.05466241   -0.00702873   -0.10667228
  -12.50000000   -0.05513570   -0.00710579   -0.10722822
  -12.41666667   -0.05561766   -0.00718373   -0.10779088
  -12.33333333   -0.05610851   -0.00726100   -0.10836040
  -12.25000000   -0.05660846   -0.00733701   -0.10893689
  -12.16666667   -0.05711774   -0.00741254   -0.10952050
  -12.08333333   -0.05763658   -0.00748925   -0.11011136
  -12.00000000   -0.05816521   -0.00756864   -0.11070961
  -11.91666667   -0.05870387   -0.00765115   -0.11131539
  -11.83333333   -0.05925284   -0.00773584   -0.11192887
  -11.75000000   -0.05981235   -0.00782101   -0.11255017
  -11.66666667   -0.06038268   -0.00790529   -0.11317947
  -11.58333333   -0.06096410   -0.00798847   -0.11381693
  -11.50000000   -0.06155689   -0.00807169   -0.11446271
  -11.41666667   -0.06216134   -0.00815674   -0.11511697
  -11.33333333   -0.06277777   -0.00824493   -0.11577990
  -11.25000000   -0.06340646   -0.00833628   -0.11645168
  -11.16666667   -0.06404775   -0.00842950   -0.11713248
  -11.08333333   -0.06470196   -0.00852281   -0.11782251
  -11.00000000   -0.06536943   -0.00861507   -0.11852195
  -10.91666667   -0.06605050   -0.00870650   -0.11923102
  -10.83333333   -0.06674554   -0.00879859   -0.11994991
  -10.75000000   -0.06745491   -0.00889317   -0.12067885
  -10.66666667   -0.06817899   -0.00899126   -0.12141804
  -10.58333333   -0.06891819   -0.00909244   -0.12216774
  -10.50000000   -0.06967289   -0.00919509   -0.12292815
  -10.41666667   -0.07044351   -0.00929744   -0.12369953
  -10.33333333   -0.07123051   -0.00939867   -0.12448214
  -10.25000000   -0.07203429   -0.00949948   -0.12527622
  -10.16666667   -0.07285532   -0.00960163   -0.12608203
  -10.08333333   -0.07369408   -0.00970691   -0.12689988
  -10.00000000   -0.07455104   -0.00981596   -0.12773002
   -9.91666667   -0.07542670   -0.00992788   -0.12857275
   -9.83333333   -0.07632158   -0.01004080   -0.12942839
   -9.75000000   -0.07723620   -0.01015306   -0.13029723
   -9.66666667   -0.07817109   -0.01026424   -0.13117961
   -9.58333333   -0.07912685   -0.01037550   -0.13207586
   -9.50000000   -0.08010400   -0.01048885   -0.13298633
   -9.41666667   -0.08110317   -0.01060588   -0.13391137
   -9.33333333   -0.08212497   -0.01072678   -0.13485138
   -9.25000000   -0.08317001   -0.01085018   -0.13580670
   -9.16666667   -0.08423893   -0.01097404   -0.13677776
   -9.08333333   -0.08533242   -0.01109688   -0.13776498
   -9.00000000   -0.08645113   -0.01121881   -0.13876877
   -8.91666667   -0.08759578   -0.01134141   -0.13978958
   -8.83333333   -0.08876709   -0.01146682   -0.14082788
   -8.75000000   -0.08996577   -0.01159634   -0.14188415
   -8.66666667   -0.09119261   -0.01172962   -0.14295887
   -8.58333333   -0.09244837   -0.01186485   -0.14405259
   -8.50000000   -0.09373385   -0.01199989   -0.14516583
   -8.41666667   -0.09504985   -0.01213360   -0.14629914
   -8.33333333   -0.09639724   -0.01226661   -0.14745314
   -8.25000000   -0.09777683   -0.01240092   -0.14862840
   -8.16666667   -0.09918951   -0.01253867   -0.14982557
   -8.08333333   -0.10063620   -0.01268074   -0.15104532
   -8.00000000   -0.10211776   -0.01282617   -0.15228831
   -7.91666667   -0.10363514   -0.01297275   -0.15355529
   -7.83333333   -0.10518928   -0.01311836   -0.15484698
   -7.75000000   -0.10678114   -0.01326230   -0.15616419
   -7.66666667   -0.10841169   -0.01340576   -0.15750772
   -7.58333333   -0.11008191   -0.01355109   -0.15887842
   -7.50000000   -0.11179280   -0.01370025   -0.16027721
   -7.41666667   -0.11354538   -0.01385357   -0.16170501
   -7.33333333   -0.11534063   -0.01400945   -0.16316279
   -7.25000000   -0.11717960   -0.01416531   -0.16465160
   -7.16666667   -0.11906329   -0.01431918   -0.16617251
   -7.08333333   -0.12099272   -0.01447090   -0.16772665
   -7.00000000   -0.12296891   -0.01462224   -0.16931522
   -6.91666667   -0.12499286   -0.01477572   -0.17093946
   -6.83333333   -0.12706553   -0.01493299   -0.17260068
   -6.75000000   -0.12918793   -0.01509366   -0.17430028
   -6.66666667   -0.13136099   -0.01525543   -0.17603970
   -6.58333333   -0.13358559   -0.01541545   -0.17782049
   -6.50000000   -0.13586262   -0.01557201   -0.17964427
   -6.41666667   -0.13819291   -0.01572556   -0.18151274
   -6.33333333   -0.14057719   -0.01587837   -0.18342772
   -6.25000000   -0.14301617   -0.01603299   -0.18539112
   -6.16666667   -0.14551047   -0.01619049   -0.18740497
   -6.08333333   -0.14806057   -0.01634962   -0.18947141
   -6.00000000   -0.15066693   -0.01650733   -0.19159273
   -5.91666667   -0.15332981   -0.01666054   -0.19377133
   -5.83333333   -0.15604934   -0.01680791   -0.19600978
   -5.75000000   -0.15882556   -0.01695052   -0.19831084
   -5.66666667   -0.16165825   -0.01709102   -0.20067739
   -5.58333333   -0.16454701   -0.01723171   -0.20311254
   -5.50000000   -0.16749128   -0.01737280   -0.20561961
   -5.41666667   -0.17049016   -0.01751191   -0.20820215
   -5.33333333   -0.17354252   -0.01764517   -0.21086390
   -5.25000000   -0.17664693   -0.01776933   -0.21360897
   -5.16666667   -0.17980161   -0.01788345   -0.21644169
   -5.08333333   -0.18300437   -0.01798913   -0.21936670
   -5.00000000   -0.18625268   -0.01808914   -0.22238905
   -4.91666667   -0.18954352   -0.01818515   -0.22551415
   -4.83333333   -0.19287334   -0.01827604   -0.22874778
   -4.75000000   -0.19623814   -0.01835798   -0.23209628
   -4.66666667   -0.19963327   -0.01842608   -0.23556643
   -4.58333333   -0.20305344   -0.01847683   -0.23916555
   -4.50000000   -0.20649274   -0.01850957   -0.24290168
   -4.41666667   -0.20994446   -0.01852619   -0.24678343
   -4.33333333   -0.21340108   -0.01852906   -0.25082021
   -4.25000000   -0.21685431   -0.01851851   -0.25502231
   -4.16666667   -0.22029486   -0.01849140   -0.25940087
   -4.08333333   -0.22371247   -0.01844182   -0.26396805
   -4.00000000   -0.22709590   -0.01836345   -0.26873724
   -3.91666667   -0.23043271   -0.01825214   -0.27372299
   -3.83333333   -0.23370933   -0.01810711   -0.27894129
   -3.75000000   -0.23691093   -0.01792986   -0.28440963
   -3.66666667   -0.24002134   -0.01772138   -0.29014723
   -3.58333333   -0.24302300   -0.01747944   -0.29617518
   -3.50000000   -0.24589686   -0.01719761   -0.30251655
   -3.41666667   -0.24862231   -0.01686672   -0.30919666
   -3.33333333   -0.25117709   -0.01647800   -0.31624319
   -3.25000000   -0.25353718   -0.01602576   -0.32368620
   -3.16666667   -0.25567671   -0.01550805   -0.33155830
   -3.08333333   -0.25756788   -0.01492454   -0.33989447
   -3.00000000   -0.25918077   -0.01427298   -0.34873162
   -2.91666667   -0.26048327   -0.01354637   -0.35810796
   -2.83333333   -0.26144091   -0.01273261   -0.36806155
   -2.75000000   -0.26201668   -0.01181712   -0.37862767
   -2.66666667   -0.26217088   -0.01078672   -0.38983475
   -2.58333333   -0.26186091   -0.00963242   -0.40169712
   -2.50000000   -0.26104105   -0.00834915   -0.41420290
   -2.41666667   -0.25966229   -0.00693244   -0.42729418
   -2.33333333   -0.25767208   -0.00537393   -0.44083331
   -2.25000000   -0.25501422   -0.00365859   -0.45454585
   -2.16666667   -0.25162869   -0.00176557   -0.46792359
   -2.08333333   -0.24745166    0.00032762   -0.48005685
   -2.00000000   -0.24241567    0.00263997   -0.48934386
   -1.91666667   -0.23645001    0.00518412   -0.49298835
   -1.83333333   -0.22948154    0.00796768   -0.48614860
   -1.75000000   -0.22143588    0.01099815   -0.46059041
   -1.66666667   -0.21223955    0.01428814   -0.40293236
   -1.58333333   -0.20182273    0.01785744   -0.29374501
   -1.50000000   -0.19012331    0.02172960   -0.11215714
   -1.41666667   -0.17709240    0.02592433    0.14533648
   -1.33333333   -0.16270119    0.03044945    0.43497405
   -1.25000000   -0.14694952    0.03529694    0.66977691
   -1.16666667   -0.12987597    0.04044499    0.78744872
   -1.08333333   -0.11156873    0.04586452    0.79567601
   -1.00000000   -0.09217631    0.05152504    0.73918119
   -0.91666667   -0.07191676    0.05739428    0.65712137
   -0.83333333   -0.05108274    0.06342918    0.57149469
   -0.75000000   -0.03004053    0.06956085    0.49179413
   -0.66666667   -0.00922024    0.07568069    0.42101276
   -0.58333333    0.01090381    0.08163605    0.35930928
   -0.50000000    0.02984227    0.08724036    0.30579505
   -0.41666667    0.04712717    0.09229647    0.25931152
   -0.33333333    0.06235028    0.09662518    0.21873733
   -0.25000000    0.07519778    0.10008860    0.18309051
   -0.16666667    0.08547489    0.10259953    0.15154729
   -0.08333333    0.09311669    0.10411531    0.12342962
    0.00000000    0.09818365    0.10462143    0.09818365
    0.08333333    0.10084424    0.10411531    0.07535777
    0.16666667    0.10134854    0.10259953    0.05458315
    0.25000000    0.09999837    0.10008860    0.03555768
    0.33333333    0.09711835    0.09662518    0.01803298
    0.41666667    0.09303160    0.09229647    0.00180412
    0.50000000    0.08804135    0.08724036   -0.01329853
    0.58333333    0.08241925    0.08163605   -0.02741566
    0.66666667    0.07639910    0.07568069   -0.04066403
    0.75000000    0.07017528    0.06956085   -0.05314040
    0.83333333    0.06390422    0.06342918   -0.06492463
    0.91666667    0.05770776    0.05739428   -0.07608207
    1.00000000    0.05167764    0.05152504   -0.08666537
    1.08333333    0.04588015    0.04586452   -0.09671602
    1.16666667    0.04036072    0.04044499   -0.10626529
    1.25000000    0.03514801    0.03529694   -0.11533513
    1.33333333    0.03025761    0.03044945   -0.12393857
    1.41666667    0.02569507    0.02592433   -0.13208015
    1.50000000    0.02145839    0.02172960   -0.13975605
    1.58333333    0.01754012    0.01785744   -0.14695405
    1.66666667    0.01392893    0.01428814   -0.15365343
    1.75000000    0.01061092    0.01099815   -0.15982480
    1.83333333    0.00757057    0.00796768   -0.16542974
    1.91666667    0.00479149    0.00518412   -0.17042054
    2.00000000    0.00225698    0.00263997   -0.17473990
    2.08333333   -0.00004958    0.00032762   -0.17832060
    2.16666667   -0.00214444   -0.00176557   -0.18108549
    2.25000000   -0.00404323   -0.00365859   -0.18294747
    2.33333333   -0.00576092   -0.00537393   -0.18380993
    2.41666667   -0.00731166   -0.00693244   -0.18356754
    2.50000000   -0.00870876   -0.00834915   -0.18210756
    2.58333333   -0.00996470   -0.00963242   -0.17931193
    2.66666667   -0.01109110   -0.01078672   -0.17506003
    2.75000000   -0.01209876   -0.01181712   -0.16923260
    2.83333333   -0.01299769   -0.01273261   -0.16171648
    2.91666667   -0.01379715   -0.01354637   -0.15241046
    3.00000000   -0.01450569   -0.01427298   -0.14123229
    3.08333333   -0.01513116   -0.01492454   -0.12812600
    3.16666667   -0.01568082   -0.01550805   -0.11306988
    3.25000000   -0.01616132   -0.01602576   -0.09608426
    3.33333333   -0.01657877   -0.01647800   -0.07723792
    3.41666667   -0.01693879   -0.01686672   -0.05665302
    3.50000000   -0.01724653   -0.01719761   -0.03450750
    3.58333333   -0.01750669   -0.01747944   -0.01103356
    3.66666667   -0.01772362   -0.01772138    0.01348724
    3.75000000   -0.01790125   -0.01792986    0.03873257
    3.83333333   -0.01804323   -0.01810711    0.06435203
    3.91666667   -0.01815287   -0.01825214    0.08998175
    4.00000000   -0.01823322   -0.01836345    0.11526014
    4.08333333   -0.01828704   -0.01844182    0.13984415
    4.16666667   -0.01831689   -0.01849140    0.16342271
    4.25000000   -0.01832510   -0.01851851    0.18572876
    4.33333333   -0.01831378   -0.01852906    0.20654602
    4.41666667   -0.01828490   -0.01852619    0.22571319
    4.50000000   -0.01824023   -0.01850957    0.24312436
    4.58333333   -0.01818140   -0.01847683    0.25872528
    4.66666667   -0.01810989   -0.01842608    0.27250838
    4.75000000   -0.01802707   -0.01835798    0.28450602
    4.83333333   -0.01793418   -0.01827604    0.29478244
    4.91666667   -0.01783236   -0.01818515    0.30342633
    5.00000000   -0.01772263   -0.01808914    0.31054379
    5.08333333   -0.01760595   -0.01798913    0.31625157
    5.16666667   -0.01748319   -0.01788345    0.32067189
    5.25000000   -0.01735513   -0.01776933    0.32392805
    5.33333333   -0.01722248   -0.01764517    0.32614090
    5.41666667   -0.01708592   -0.01751191    0.32742645
    5.50000000   -0.01694602   -0.01737280    0.32789412
    5.58333333   -0.01680335   -0.01723171    0.32764566
    5.66666667   -0.01665839   -0.01709102    0.32677460
    5.75000000   -0.01651159   -0.01695052    0.32536602
    5.83333333   -0.01636336   -0.01680791    0.32349676
    5.91666667   -0.01621409   -0.01666054    0.32123565
    6.00000000   -0.01606409   -0.01650733    0.31864397
    6.08333333   -0.01591369   -0.01634962    0.31577605
    6.16666667   -0.01576315   -0.01619049    0.31267976
    6.25000000   -0.01561272   -0.01603299    0.30939712
    6.33333333   -0.01546264   -0.01587837    0.30596488
    6.41666667   -0.01531310   -0.01572556    0.30241510
    6.50000000   -0.01516430   -0.01557201    0.29877553
    6.58333333   -0.01501638   -0.01541545    0.29507027
    6.66666667   -0.01486951   -0.01525543    0.29132008
    6.75000000   -0.01472381   -0.01509366    0.28754278
    6.83333333   -0.01457939   -0.01493299    0.28375367
    6.91666667   -0.01443637   -0.01477572    0.27996580
    7.00000000   -0.01429484   -0.01462224    0.27619023
    7.08333333   -0.01415487   -0.01447090    0.27243633
    7.16666667   -0.01401654   -0.01431918    0.26871201
    7.25000000   -0.01387990   -0.01416531    0.26502380
    7.33333333   -0.01374501   -0.01400945    0.26137720
    7.41666667   -0.01361192   -0.01385357    0.25777670
    7.50000000   -0.01348067   -0.01370025    0.25422590
    7.58333333   -0.01335127   -0.01355109    0.25072773
    7.66666667   -0.01322377   -0.01340576    0.24728450
    7.75000000   -0.01309819   -0.01326230    0.24389790
    7.83333333   -0.01297452   -0.01311836    0.24056923
    7.91666667   -0.01285280   -0.01297275    0.23729939
    8.00000000   -0.01273302   -0.01282617    0.23408888
    8.08333333   -0.01261520   -0.01268074    0.23093797
    8.16666667   -0.01249932   -0.01253867    0.22784661
    8.25000000   -0.01238538   -0.01240092    0.22481466
    8.33333333   -0.01227339   -0.01226661    0.22184169
    8.41666667   -0.01216333   -0.01213360    0.21892713
    8.50000000   -0.01205519   -0.01199989    0.21607040
    8.58333333   -0.01194896   -0.01186485    0.21327069
    8.66666667   -0.01184463   -0.01172962    0.21052714
    8.75000000   -0.01174218   -0.01159634    0.20783888
    8.83333333   -0.01164160   -0.01146682    0.20520492
    8.91666667   -0.01154285   -0.01134141    0.20262424
    9.00000000   -0.01144594   -0.01121881    0.20009583
    9.08333333   -0.01135083   -0.01109688    0.19761863
    9.16666667   -0.01125751   -0.01097404    0.19519151
    9.25000000   -0.01116595   -0.01085018    0.19281345
    9.33333333   -0.01107612   -0.01072678    0.19048334
    9.41666667   -0.01098802   -0.01060588    0.18820007
    9.50000000   -0.01090161   -0.01048885    0.18596259
    9.58333333   -0.01081687   -0.01037550    0.18376982
    9.66666667   -0.01073378   -0.01026424    0.18162068
    9.75000000   -0.01065231   -0.01015306    0.17951415
    9.83333333   -0.01057243   -0.01004080    0.17744919
    9.91666667   -0.01049413   -0.00992788    0.17542476
   10.00000000   -0.01041737   -0.00981596    0.17343992
   10.08333333   -0.01034214   -0.00970691    0.17149365
   10.16666667   -0.01026840   -0.00960163    0.16958499
   10.25000000   -0.01019614   -0.00949948    0.16771305
   10.33333333   -0.01012532   -0.00939867    0.16587689
   10.41666667   -0.01005593   -0.00929744    0.16407559
   10.50000000   -0.00998794   -0.00919509    0.16230833
   10.58333333   -0.00992132   -0.00909244    0.16057425
   10.66666667   -0.00985606   -0.00899126    0.15887248
   10.75000000   -0.00979212   -0.00889317    0.15720228
   10.83333333   -0.00972948   -0.00879859    0.15556282
   10.91666667   -0.00966813   -0.00870650    0.15395334
   11.00000000   -0.00960803   -0.00861507    0.15237313
   11.08333333   -0.00954917   -0.00852281    0.15082143
   11.16666667   -0.00949152   -0.00842950    0.14929754
   11.25000000   -0.00943505   -0.00833628    0.14780081
   11.33333333   -0.00937976   -0.00824493    0.14633055
   11.41666667   -0.00932561   -0.00815674    0.14488610
   11.50000000   -0.00927258   -0.00807169    0.14346687
   11.58333333   -0.00922066   -0.00798847    0.14207223
   11.66666667   -0.00916982   -0.00790529    0.14070157
   11.75000000   -0.00912004   -0.00782101    0.13935434
   11.83333333   -0.00907131   -0.00773584    0.13802998
   11.91666667   -0.00902359   -0.00765115    0.13672792
   12.00000000   -0.00897688   -0.00756864    0.13544766
   12.08333333   -0.00893115   -0.00748925    0.13418868
   12.16666667   -0.00888639   -0.00741254    0.13295047
   12.25000000   -0.00884257   -0.00733701    0.13173256
   12.33333333   -0.00879968   -0.00726100    0.13053447
   12.41666667   -0.00875770   -0.00718373    0.12935573
   12.50000000   -0.00871662   -0.00710579    0.12819593
   12.58333333   -0.00867640   -0.00702873    0.12705461
   12.66666667   -0.00863705   -0.00695408    0.12593135
   12.75000000   -0.00859854   -0.00688239    0.12482576
   12.83333333   -0.00856085   -0.00681289    0.12373743
   12.91666667   -0.00852397   -0.00674393    0.12266597
   13.00000000   -0.00848789   -0.00667406    0.12161102
   13.08333333   -0.00845258   -0.00660289    0.12057220
   13.16666667   -0.00841804   -0.00653133    0.11954916
   13.25000000   -0.00838424   -0.00646101    0.11854157
   13.33333333   -0.00835118   -0.00639325    0.11754907
   13.41666667   -0.00831883   -0.00632820    0.11657135
   13.50000000   -0.00828720   -0.00626480    0.11560809
   13.58333333   -0.00825625   -0.00620136    0.11465898
   13.66666667   -0.00822598   -0.00613668    0.11372371
   13.75000000   -0.00819637   -0.00607075    0.11280200
   13.83333333   -0.00816742   -0.00600475    0.11189357
   13.91666667   -0.00813911   -0.00594031    0.11099812
   14.00000000   -0.00811142   -0.00587848    0.11011541
   14.08333333   -0.00808435   -0.00581906    0.10924516
   14.16666667   -0.00805788   -0.00576072    0.10838710
   14.25000000   -0.00803200   -0.00570181    0.10754102
   14.33333333   -0.00800670   -0.00564142    0.10670665
   14.41666667   -0.00798196   -0.00557989    0.10588375
   14.50000000   -0.00795779   -0.00551863    0.10507210
   14.58333333   -0.00793415   -0.00545921    0.10427149
   14.66666667   -0.00791106   -0.00540238    0.10348167
   14.75000000   -0.00788849   -0.00534758    0.10270245
   14.83333333   -0.00786643   -0.00529329    0.10193362
   14.91666667   -0.00784488   -0.00523797    0.10117496
   15.00000000   -0.00782383   -0.00518098    0.10042630
   15.08333333   -0.00780326   -0.00512303    0.09968743
   15.16666667   -0.00778316   -0.00506568    0.09895816
   15.25000000   -0.00776353   -0.00501039    0.09823832
   15.33333333   -0.00774436   -0.00495760    0.09752773
   15.41666667   -0.00772564   -0.00490643    0.09682620
   15.50000000   -0.00770736   -0.00485519    0.09613357
   15.58333333   -0.00768951   -0.00480248    0.09544969
   15.66666667   -0.00767208   -0.00474798    0.09477437
   15.75000000   -0.00765507   -0.00469272    0.09410747
   15.83333333   -0.00763847   -0.00463838    0.09344883
   15.91666667   -0.00762226   -0.00458629    0.09279830
   16.00000000   -0.00760645   -0.00453654    0.09215574
   16.08333333   -0.00759102   -0.00448794    0.09152100
   16.16666667   -0.00757597   -0.00443869    0.09089395
   16.25000000   -0.00756128   -0.00438753    0.09027442
   16.33333333   -0.00754696   -0.00433450    0.08966231
   16.41666667   -0.00753300   -0.00428091    0.08905750
   16.50000000   -0.00751938   -0.00422857    0.08845982
   16.58333333   -0.00750611   -0.00417861    0.08786917
   16.66666667   -0.00749317   -0.00413080    0.08728543
   16.75000000   -0.00748056   -0.00408360    0.08670848
   16.83333333   -0.00746828   -0.00403513    0.08613819
   16.91666667   -0.00745631   -0.00398428    0.08557447
   17.00000000   -0.00744465   -0.00393144    0.08501718
   17.08333333   -0.00743329   -0.00387827    0.08446623
   17.16666667   -0.00742224   -0.00382667    0.08392152
   17.25000000   -0.00741148   -0.00377760    0.08338293
   17.33333333   -0.00740100   -0.00373043    0.08285036
   17.41666667   -0.00739081   -0.00368325    0.08232372
   17.50000000   -0.00738090   -0.00363404    0.08180291
   17.58333333   -0.00737125   -0.00358187    0.08128782
   17.66666667   -0.00736188   -0.00352755    0.08077838
   17.75000000   -0.00735276   -0.00347312    0.08027448
   17.83333333   -0.00734390   -0.00342066    0.07977603
   17.91666667   -0.00733530   -0.00337093    0.07928297
   18.00000000   -0.00732694   -0.00332281    0.07879518
   18.08333333   -0.00731882   -0.00327393    0.07831259
   18.16666667   -0.00731094   -0.00322200    0.07783513
   18.25000000   -0.00730330   -0.00316629    0.07736270
   18.33333333   -0.00729588   -0.00310811    0.07689523
   18.41666667   -0.00728869   -0.00305016    0.07643265
   18.50000000   -0.00728172   -0.00299486    0.07597487
   18.58333333   -0.00727496   -0.00294279    0.07552181
   18.66666667   -0.00726842   -0.00289219    0.07507343
   18.75000000   -0.00726209   -0.00283982    0.07462963
   18.83333333   -0.00725596   -0.00278290    0.07419035
   18.91666667   -0.00725003   -0.00272090    0.07375553
   19.00000000   -0.00724429   -0.00265615    0.07332508
   19.08333333   -0.00723876   -0.00259275    0.07289895
   19.16666667   -0.00723341   -0.00253424    0.07247708
   19.25000000   -0.00722824   -0.00248139    0.07205940
   19.33333333   -0.00722326   -0.00243142    0.07164585
   19.41666667   -0.00721846   -0.00237945    0.07123637
   19.50000000   -0.00721384   -0.00232158    0.07083089
   19.58333333   -0.00720938   -0.00225823    0.07042937
   19.66666667   -0.00720510   -0.00219569    0.07003174
   19.75000000   -0.00720098   -0.00214493    0.06963795
   19.83333333   -0.00719703   -0.00211767    0.06924794
   19.91666667   -0.00719323   -0.00212131    0.06886166
   20.00000000   -0.00718960   -0.00215499    0.06847906
