  -20.00000000   -0.05223944   -0.00061101   -0.08459694
  -19.91666667   -0.05239781   -0.00055278   -0.08483418
  -19.83333333   -0.05255780   -0.00049848   -0.08507328
  -19.75000000   -0.05271945   -0.00045110   -0.08531427
  -19.66666667   -0.05288278   -0.00041357   -0.08555717
  -19.58333333   -0.05304780   -0.00038783   -0.08580199
  -19.50000000   -0.05321455   -0.00037393   -0.08604877
  -19.41666667   -0.05338305   -0.00036997   -0.08629753
  -19.33333333   -0.05355332   -0.00037271   -0.08654828
  -19.25000000   -0.05372540   -0.00037879   -0.08680107
  -19.16666667   -0.05389932   -0.00038583   -0.08705590
  -19.08333333   -0.05407509   -0.00039303   -0.08731281
  -19.00000000   -0.05425275   -0.00040094   -0.08757182
  -18.91666667   -0.05443233   -0.00041067   -0.08783297
  -18.83333333   -0.05461385   -0.00042290   -0.08809626
  -18.75000000   -0.05479736   -0.00043743   -0.08836174
  -18.66666667   -0.05498287   -0.00045323   -0.08862943
  -18.58333333   -0.05517042   -0.00046899   -0.08889936
  -18.50000000   -0.05536004   -0.00048389   -0.08917155
  -18.41666667   -0.05555177   -0.00049788   -0.08944605
  -18.33333333   -0.05574563   -0.00051164   -0.08972286
  -18.25000000   -0.05594167   -0.00052601   -0.09000204
  -18.16666667   -0.05613991   -0.00054146   -0.09028361
  -18.08333333   -0.05634039   -0.00055778   -0.09056758
  -18.00000000   -0.05654316   -0.00057426   -0.09085402
  -17.91666667   -0.05674824   -0.00059013   -0.09114293
  -17.83333333   -0.05695566   -0.00060502   -0.09143436
  -17.75000000   -0.05716549   -0.00061916   -0.09172834
  -17.66666667   -0.05737774   -0.00063315   -0.09202491
  -17.58333333   -0.05759246   -0.00064762   -0.09232409
  -17.50000000   -0.05780970   -0.00066279   -0.09262593
  -17.41666667   -0.05802948   -0.00067835   -0.09293046
  -17.33333333   -0.05825186   -0.00069371   -0.09323771
  -17.25000000   -0.05847689   -0.00070836   -0.09354773
  -17.16666667   -0.05870460   -0.00072219   -0.09386056
  -17.08333333   -0.05893503   -0.00073554   -0.09417622
  -17.00000000   -0.05916825   -0.00074896   -0.09449477
  -16.91666667   -0.05940428   -0.00076285   -0.09481624
  -16.83333333   -0.05964319   -0.00077725   -0.09514067
  -16.75000000   -0.05988502   -0.00079180   -0.09546812
  -16.66666667   -0.06012982   -0.00080597   -0.09579861
  -16.58333333   -0.06037764   -0.00081947   -0.09613218
  -16.50000000   -0.06062855   -0.00083235   -0.09646890
  -16.41666667   -0.06088258   -0.00084500   -0.09680880
  -16.33333333   -0.06113979   -0.00085789   -0.09715193
  -16.25000000   -0.06140025   -0.00087126   -0.09749833
  -16.16666667   -0.06166402   -0.00088498   -0.09784807
  -16.08333333   -0.06193113   -0.00089866   -0.09820116
  -16.00000000   -0.06220167   -0.00091189   -0.09855769
  -15.91666667   -0.06247569   -0.00092452   -0.09891769
  -15.83333333   -0.06275325   -0.00093674   -0.09928122
  -15.75000000   -0.06303443   -0.00094895   -0.09964833
  -15.66666667   -0.06331927   -0.00096150   -0.10001907
  -15.58333333   -0.06360786   -0.00097449   -0.10039350
  -15.50000000   -0.06390026   -0.00098769   -0.10077168
  -15.41666667   -0.06419654   -0.00100070   -0.10115366
  -15.33333333   -0.06449678   -0.00101324   -0.10153951
  -15.25000000   -0.06480104   -0.00102528   -0.10192929
  -15.16666667   -0.06510941   -0.00103711   -0.10232304
  -15.08333333   -0.06542196   -0.00104908   -0.10272086
  -15.00000000   -0.06573877   -0.00106145   -0.10312278
  -14.91666667   -0.06605992   -0.00107418   -0.10352888
  -14.83333333   -0.06638550   -0.00108698   -0.10393923
  -14.75000000   -0.06671559   -0.00109949   -0.10435390
  -14.66666667   -0.06705028   -0.00111152   -0.10477295
  -14.58333333   -0.06738965   -0.00112319   -0.10519646
  -14.50000000   -0.06773381   -0.00113480   -0.10562450
  -14.41666667   -0.06808283   -0.00114669   -0.10605714
  -14.33333333   -0.06843682   -0.00115897   -0.10649448
  -14.25000000   -0.06879588   -0.00117150   -0.10693657
  -14.16666667   -0.06916011   -0.00118395   -0.10738351
  -14.08333333   -0.06952961   -0.00119605   -0.10783537
  -14.00000000   -0.06990448   -0.00120771   -0.10829224
  -13.91666667   -0.07028484   -0.00121913   -0.10875420
  -13.83333333   -0.07067079   -0.00123064   -0.10922136
  -13.75000000   -0.07106245   -0.00124249   -0.10969378
  -13.66666667   -0.07145994   -0.00125468   -0.11017157
  -13.58333333   -0.07186337   -0.00126699   -0.11065483
  -13.50000000   -0.07227288   -0.00127910   -0.11114364
  -13.41666667   -0.07268857   -0.00129080   -0.11163811
  -13.33333333   -0.07311059   -0.00130213   -0.11213834
  -13.25000000   -0.07353906   -0.00131335   -0.11264444
  -13.16666667   -0.07397412   -0.00132477   -0.11315650
  -13.08333333   -0.07441592   -0.00133653   -0.11367466
  -13.00000000   -0.07486458   -0.00134854   -0.11419900
  -12.91666667   -0.07532026   -0.00136053   -0.11472966
  -12.83333333   -0.07578311   -0.00137220   -0.11526674
  -12.75000000   -0.07625328   -0.00138345   -0.11581038
  -12.66666667   -0.07673093   -0.00139441   -0.11636069
  -12.58333333   -0.07721623   -0.00140536   -0.11691781
  -12.50000000   -0.07770932   -0.00141657   -0.11748185
  -12.41666667   -0.07821040   -0.00142808   -0.11805297
  -12.33333333   -0.07871963   -0.00143971   -0.11863130
  -12.25000000   -0.07923719   -0.00145116   -0.11921698
  -12.16666667   -0.07976327   -0.00146221   -0.11981015
  -12.08333333   -0.08029806   -0.00147282   -0.12041098
  -12.00000000   -0.08084174   -0.00148323   -0.12101961
  -11.91666667   -0.08139452   -0.00149371   -0.12163619
  -11.83333333   -0.08195661   -0.00150445   -0.12226091
  -11.75000000   -0.08252821   -0.00151539   -0.12289391
  -11.66666667   -0.08310953   -0.00152629   -0.12353538
  -11.58333333   -0.08370081   -0.00153685   -0.12418550
  -11.50000000   -0.08430226   -0.00154691   -0.12484444
  -11.41666667   -0.08491412   -0.00155656   -0.12551239
  -11.33333333   -0.08553664   -0.00156606   -0.12618956
  -11.25000000   -0.08617004   -0.00157566   -0.12687613
  -11.16666667   -0.08681459   -0.00158547   -0.12757232
  -11.08333333   -0.08747055   -0.00159531   -0.12827834
  -11.00000000   -0.08813817   -0.00160491   -0.12899440
  -10.91666667   -0.08881773   -0.00161400   -0.12972073
  -10.83333333   -0.08950952   -0.00162252   -0.13045757
  -10.75000000   -0.09021382   -0.00163062   -0.13120514
  -10.66666667   -0.09093092   -0.00163859   -0.13196371
  -10.58333333   -0.09166113   -0.00164664   -0.13273353
  -10.50000000   -0.09240475   -0.00165474   -0.13351486
  -10.41666667   -0.09316210   -0.00166266   -0.13430797
  -10.33333333   -0.09393353   -0.00167008   -0.13511315
  -10.25000000   -0.09471934   -0.00167681   -0.13593067
  -10.16666667   -0.09551989   -0.00168286   -0.13676085
  -10.08333333   -0.09633554   -0.00168847   -0.13760401
  -10.00000000   -0.09716663   -0.00169391   -0.13846045
   -9.91666667   -0.09801355   -0.00169929   -0.13933050
   -9.83333333   -0.09887668   -0.00170448   -0.14021453
   -9.75000000   -0.09975639   -0.00170917   -0.14111287
   -9.66666667   -0.10065309   -0.00171308   -0.14202590
   -9.58333333   -0.10156720   -0.00171605   -0.14295401
   -9.50000000   -0.10249911   -0.00171822   -0.14389758
   -9.41666667   -0.10344927   -0.00171983   -0.14485703
   -9.33333333   -0.10441812   -0.00172111   -0.14583280
   -9.25000000   -0.10540608   -0.00172207   -0.14682531
   -9.16666667   -0.10641363   -0.00172246   -0.14783502
   -9.08333333   -0.10744124   -0.00172194   -0.14886242
   -9.00000000   -0.10848937   -0.00172024   -0.14990800
   -8.91666667   -0.10955851   -0.00171730   -0.15097227
   -8.83333333   -0.11064918   -0.00171331   -0.15205578
   -8.75000000   -0.11176185   -0.00170853   -0.15315906
   -8.66666667   -0.11289705   -0.00170309   -0.15428271
   -8.58333333   -0.11405532   -0.00169687   -0.15542734
   -8.50000000   -0.11523717   -0.00168953   -0.15659355
   -8.41666667   -0.11644315   -0.00168069   -0.15778202
   -8.33333333   -0.11767383   -0.00167013   -0.15899343
   -8.25000000   -0.11892972   -0.00165787   -0.16022847
   -8.16666667   -0.12021142   -0.00164415   -0.16148790
   -8.08333333   -0.12151949   -0.00162917   -0.16277251
   -8.00000000   -0.12285449   -0.00161294   -0.16408308
   -7.91666667   -0.12421702   -0.00159518   -0.16542048
   -7.83333333   -0.12560764   -0.00157547   -0.16678558
   -7.75000000   -0.12702694   -0.00155341   -0.16817932
   -7.66666667   -0.12847550   -0.00152884   -0.16960266
   -7.58333333   -0.12995389   -0.00150186   -0.17105662
   -7.50000000   -0.13146270   -0.00147267   -0.17254227
   -7.41666667   -0.13300250   -0.00144137   -0.17406073
   -7.33333333   -0.13457383   -0.00140781   -0.17561315
   -7.25000000   -0.13617725   -0.00137154   -0.17720080
   -7.16666667   -0.13781330   -0.00133205   -0.17882495
   -7.08333333   -0.13948249   -0.00128895   -0.18048696
   -7.00000000   -0.14118531   -0.00124210   -0.18218827
   -6.91666667   -0.14292224   -0.00119162   -0.18393040
   -6.83333333   -0.14469371   -0.00113764   -0.18571491
   -6.75000000   -0.14650013   -0.00108009   -0.18754351
   -6.66666667   -0.14834185   -0.00101857   -0.18941796
   -6.58333333   -0.15021918   -0.00095247   -0.19134011
   -6.50000000   -0.15213239   -0.00088115   -0.19331197
   -6.41666667   -0.15408168   -0.00080421   -0.19533561
   -6.33333333   -0.15606715   -0.00072152   -0.19741323
   -6.25000000   -0.15808886   -0.00063312   -0.19954721
   -6.16666667   -0.16014677   -0.00053896   -0.20174002
   -6.08333333   -0.16224070   -0.00043869   -0.20399429
   -6.00000000   -0.16437042   -0.00033163   -0.20631285
   -5.91666667   -0.16653552   -0.00021689   -0.20869867
   -5.83333333   -0.16873547   -0.00009372   -0.21115491
   -5.75000000   -0.17096958    0.00003838   -0.21368499
   -5.66666667   -0.17323699    0.00017963   -0.21629250
   -5.58333333   -0.17553661    0.00033020   -0.21898127
   -5.50000000   -0.17786719    0.00049048   -0.22175546
   -5.41666667   -0.18022722    0.00066124   -0.22461945
   -5.33333333   -0.18261489    0.00084362   -0.22757794
   -5.25000000   -0.18502817    0.00103882   -0.23063602
   -5.16666667   -0.18746467    0.00124788   -0.23379908
   -5.08333333   -0.18992166    0.00147150   -0.23707293
   -5.00000000   -0.19239605    0.00171020   -0.24046386
   -4.91666667   -0.19488432    0.00196458   -0.24397859
   -4.83333333   -0.19738250    0.00223565   -0.24762434
   -4.75000000   -0.19988614    0.00252486   -0.25140897
   -4.66666667   -0.20239025    0.00283400   -0.25534090
   -4.58333333   -0.20488925    0.00316485   -0.25942918
   -4.50000000   -0.20737696    0.00351893   -0.26368371
   -4.41666667   -0.20984651    0.00389745   -0.26811507
   -4.33333333   -0.21229027    0.00430158   -0.27273472
   -4.25000000   -0.21469988    0.00473279   -0.27755513
   -4.16666667   -0.21706606    0.00519312   -0.28258967
   -4.08333333   -0.21937865    0.00568516   -0.28785278
   -4.00000000   -0.22162651    0.00621176   -0.29336013
   -3.91666667   -0.22379743    0.00677567   -0.29912844
   -3.83333333   -0.22587809    0.00737938   -0.30517573
   -3.75000000   -0.22785394    0.00802512   -0.31152115
   -3.66666667   -0.22970916    0.00871536   -0.31818501
   -3.58333333   -0.23142655    0.00945312   -0.32518863
   -3.50000000   -0.23298744    0.01024220   -0.33255391
   -3.41666667   -0.23437164    0.01108703   -0.34030302
   -3.33333333   -0.23555727    0.01199220   -0.34845745
   -3.25000000   -0.23652075    0.01296212   -0.35703668
   -3.16666667   -0.23723662    0.01400093   -0.36605630
   -3.08333333   -0.23767751    0.01511273   -0.37552475
   -3.00000000   -0.23781400    0.01630216   -0.38543844
   -2.91666667   -0.23761454    0.01757473   -0.39577441
   -2.83333333   -0.23704536    0.01893689   -0.40647871
   -2.75000000   -0.23607040    0.02039565   -0.41744832
   -2.66666667   -0.23465124    0.02195796   -0.42850316
   -2.58333333   -0.23274710    0.02363035   -0.43934160
   -2.50000000   -0.23031485    0.02541897   -0.44946975
   -2.41666667   -0.22730908    0.02733005   -0.45808874
   -2.33333333   -0.22368224    0.02937049   -0.46391382
   -2.25000000   -0.21938502    0.03154809   -0.46488638
   -2.16666667   -0.21436663    0.03387123   -0.45772563
   -2.08333333   -0.20857554    0.03634802   -0.43726864
   -2.00000000   -0.20196039    0.03898540   -0.39562915
   -1.91666667   -0.19447106    0.04178866   -0.32153302
   -1.83333333   -0.18606047    0.04476156   -0.20110668
   -1.75000000   -0.17668647    0.04790691   -0.02301268
   -1.66666667   -0.16631458    0.05122688    0.20901742
   -1.58333333   -0.15492119    0.05472272    0.46158983
   -1.50000000   -0.14249725    0.05839340    0.67665801
   -1.41666667   -0.12905275    0.06223382    0.80708343
   -1.33333333   -0.11462145    0.06623320    0.84632171
   -1.25000000   -0.09926569    0.07037435    0.81932642
   -1.16666667   -0.08308116    0.07463410    0.75678693
   -1.08333333   -0.06620063    0.07898410    0.68096311
   -1.00000000   -0.04879608    0.08339110    0.60430670
   -0.91666667   -0.03107875    0.08781573    0.53256949
   -0.83333333   -0.01329579    0.09220995    0.46780782
   -0.75000000    0.00427649    0.09651404    0.41028636
   -0.66666667    0.02134330    0.10065537    0.35950090
   -0.58333333    0.03760528    0.10455028    0.31468138
   -0.50000000    0.05277470    0.10810996    0.27502194
   -0.41666667    0.06659250    0.11124908    0.23977612
   -0.33333333    0.07884381    0.11389455    0.20828927
   -0.25000000    0.08937052    0.11599173    0.18000215
   -0.16666667    0.09807886    0.11750589    0.15444336
   -0.08333333    0.10494162    0.11841900    0.13121778
    0.00000000    0.10999479    0.11872392    0.10999479
    0.08333333    0.11332960    0.11841900    0.09049754
    0.16666667    0.11508131    0.11750589    0.07249377
    0.25000000    0.11541644    0.11599173    0.05578805
    0.33333333    0.11451996    0.11389455    0.04021553
    0.41666667    0.11258360    0.11124908    0.02563680
    0.50000000    0.10979616    0.10810996    0.01193367
    0.58333333    0.10633615    0.10455028   -0.00099411
    0.66666667    0.10236674    0.10065537   -0.01323159
    0.75000000    0.09803280    0.09651404   -0.02485073
    0.83333333    0.09345967    0.09220995   -0.03591216
    0.91666667    0.08875327    0.08781573   -0.04646654
    1.00000000    0.08400108    0.08339110   -0.05655551
    1.08333333    0.07927372    0.07898410   -0.06621259
    1.16666667    0.07462685    0.07463410   -0.07546365
    1.25000000    0.07010310    0.07037435   -0.08432732
    1.33333333    0.06573410    0.06623320   -0.09281514
    1.41666667    0.06154225    0.06223382   -0.10093153
    1.50000000    0.05754236    0.05839340   -0.10867378
    1.58333333    0.05374314    0.05472272   -0.11603158
    1.66666667    0.05014846    0.05122688   -0.12298667
    1.75000000    0.04675833    0.04790691   -0.12951226
    1.83333333    0.04356989    0.04476156   -0.13557224
    1.91666667    0.04057808    0.04178866   -0.14112037
    2.00000000    0.03777624    0.03898540   -0.14609931
    2.08333333    0.03515662    0.03634802   -0.15043954
    2.16666667    0.03271073    0.03387123   -0.15405831
    2.25000000    0.03042967    0.03154809   -0.15685849
    2.33333333    0.02830435    0.02937049   -0.15872772
    2.41666667    0.02632565    0.02733005   -0.15953765
    2.50000000    0.02448463    0.02541897   -0.15914370
    2.58333333    0.02277253    0.02363035   -0.15738551
    2.66666667    0.02118091    0.02195796   -0.15408827
    2.75000000    0.01970170    0.02039565   -0.14906560
    2.83333333    0.01832718    0.01893689   -0.14212390
    2.91666667    0.01705006    0.01757473   -0.13306908
    3.00000000    0.01586345    0.01630216   -0.12171580
    3.08333333    0.01476086    0.01511273   -0.10789926
    3.16666667    0.01373622    0.01400093   -0.09148982
    3.25000000    0.01278383    0.01296212   -0.07240987
    3.33333333    0.01189840    0.01199220   -0.05065145
    3.41666667    0.01107495    0.01108703   -0.02629352
    3.50000000    0.01030890    0.01024220    0.00048352
    3.58333333    0.00959594    0.00945312    0.02938966
    3.66666667    0.00893212    0.00871536    0.06002481
    3.75000000    0.00831373    0.00802512    0.09188849
    3.83333333    0.00773736    0.00737938    0.12440117
    3.91666667    0.00719984    0.00677567    0.15693458
    4.00000000    0.00669824    0.00621176    0.18884864
    4.08333333    0.00622984    0.00568516    0.21953153
    4.16666667    0.00579213    0.00519312    0.24843547
    4.25000000    0.00538280    0.00473279    0.27510696
    4.33333333    0.00499969    0.00430158    0.29920468
    4.41666667    0.00464083    0.00389745    0.32050732
    4.50000000    0.00430437    0.00351893    0.33891060
    4.58333333    0.00398863    0.00316485    0.35441458
    4.66666667    0.00369204    0.00283400    0.36710665
    4.75000000    0.00341316    0.00252486    0.37714152
    4.83333333    0.00315064    0.00223565    0.38472060
    4.91666667    0.00290326    0.00196458    0.39007387
    5.00000000    0.00266988    0.00171020    0.39344431
    5.08333333    0.00244944    0.00147150    0.39507544
    5.16666667    0.00224097    0.00124788    0.39520239
    5.25000000    0.00204357    0.00103882    0.39404571
    5.33333333    0.00185641    0.00084362    0.39180770
    5.41666667    0.00167873    0.00066124    0.38867053
    5.50000000    0.00150982    0.00049048    0.38479580
    5.58333333    0.00134901    0.00033020    0.38032515
    5.66666667    0.00119571    0.00017963    0.37538140
    5.75000000    0.00104936    0.00003838    0.37006998
    5.83333333    0.00090944   -0.00009372    0.36448083
    5.91666667    0.00077547   -0.00021689    0.35869004
    6.00000000    0.00064701   -0.00033163    0.35276146
    6.08333333    0.00052365   -0.00043869    0.34674848
    6.16666667    0.00040502   -0.00053896    0.34069536
    6.25000000    0.00029076   -0.00063312    0.33463847
    6.33333333    0.00018055   -0.00072152    0.32860762
    6.41666667    0.00007410   -0.00080421    0.32262699
    6.50000000   -0.00002887   -0.00088115    0.31671588
    6.58333333   -0.00012862   -0.00095247    0.31088968
    6.66666667   -0.00022538   -0.00101857    0.30516042
    6.75000000   -0.00031937   -0.00108009    0.29953722
    6.83333333   -0.00041080   -0.00113764    0.29402695
    6.91666667   -0.00049984   -0.00119162    0.28863456
    7.00000000   -0.00058667   -0.00124210    0.28336327
    7.08333333   -0.00067146   -0.00128895    0.27821509
    7.16666667   -0.00075434   -0.00133205    0.27319095
    7.25000000   -0.00083546   -0.00137154    0.26829080
    7.33333333   -0.00091493   -0.00140781    0.26351395
    7.41666667   -0.00099289   -0.00144137    0.25885916
    7.50000000   -0.00106942   -0.00147267    0.25432464
    7.58333333   -0.00114464   -0.00150186    0.24990833
    7.66666667   -0.00121864   -0.00152884    0.24560787
    7.75000000   -0.00129150   -0.00155341    0.24142063
    7.83333333   -0.00136330   -0.00157547    0.23734393
    7.91666667   -0.00143411   -0.00159518    0.23337493
    8.00000000   -0.00150400   -0.00161294    0.22951068
    8.08333333   -0.00157302   -0.00162917    0.22574830
    8.16666667   -0.00164125   -0.00164415    0.22208477
    8.25000000   -0.00170873   -0.00165787    0.21851722
    8.33333333   -0.00177551   -0.00167013    0.21504269
    8.41666667   -0.00184163   -0.00168069    0.21165828
    8.50000000   -0.00190714   -0.00168953    0.20836124
    8.58333333   -0.00197207   -0.00169687    0.20514875
    8.66666667   -0.00203646   -0.00170309    0.20201808
    8.75000000   -0.00210034   -0.00170853    0.19896667
    8.83333333   -0.00216374   -0.00171331    0.19599192
    8.91666667   -0.00222669   -0.00171730    0.19309131
    9.00000000   -0.00228921   -0.00172024    0.19026250
    9.08333333   -0.00235133   -0.00172194    0.18750311
    9.16666667   -0.00241307   -0.00172246    0.18481087
    9.25000000   -0.00247444   -0.00172207    0.18218365
    9.33333333   -0.00253547   -0.00172111    0.17961930
    9.41666667   -0.00259617   -0.00171983    0.17711578
    9.50000000   -0.00265656   -0.00171822    0.17467118
    9.58333333   -0.00271665   -0.00171605    0.17228356
    9.66666667   -0.00277645   -0.00171308    0.16995109
    9.75000000   -0.00283597   -0.00170917    0.16767206
    9.83333333   -0.00289523   -0.00170448    0.16544475
    9.91666667   -0.00295424   -0.00169929    0.16326750
   10.00000000   -0.00301300   -0.00169391    0.16113879
   10.08333333   -0.00307152   -0.00168847    0.15905709
   10.16666667   -0.00312980   -0.00168286    0.15702091
   10.25000000   -0.00318787   -0.00167681    0.15502890
   10.33333333   -0.00324571   -0.00167008    0.15307968
   10.41666667   -0.00330334   -0.00166266    0.15117193
   10.50000000   -0.00336076   -0.00165474    0.14930444
   10.58333333   -0.00341797   -0.00164664    0.14747598
   10.66666667   -0.00347498   -0.00163859    0.14568536
   10.75000000   -0.00353180   -0.00163062    0.14393152
   10.83333333   -0.00358842   -0.00162252    0.14221334
   10.91666667   -0.00364485   -0.00161400    0.14052977
   11.00000000   -0.00370108   -0.00160491    0.13887985
   11.08333333   -0.00375714   -0.00159531    0.13726258
   11.16666667   -0.00381300   -0.00158547    0.13567703
   11.25000000   -0.00386868   -0.00157566    0.13412232
   11.33333333   -0.00392418   -0.00156606    0.13259757
   11.41666667   -0.00397949   -0.00155656    0.13110194
   11.50000000   -0.00403463   -0.00154691    0.12963464
   11.58333333   -0.00408958   -0.00153685    0.12819488
   11.66666667   -0.00414436   -0.00152629    0.12678190
   11.75000000   -0.00419896   -0.00151539    0.12539500
   11.83333333   -0.00425338   -0.00150445    0.12403346
   11.91666667   -0.00430762   -0.00149371    0.12269660
   12.00000000   -0.00436168   -0.00148323    0.12138379
   12.08333333   -0.00441557   -0.00147282    0.12009438
   12.16666667   -0.00446927   -0.00146221    0.11882776
   12.25000000   -0.00452280   -0.00145116    0.11758335
   12.33333333   -0.00457616   -0.00143971    0.11636058
   12.41666667   -0.00462933   -0.00142808    0.11515888
   12.50000000   -0.00468233   -0.00141657    0.11397774
   12.58333333   -0.00473515   -0.00140536    0.11281664
   12.66666667   -0.00478779   -0.00139441    0.11167506
   12.75000000   -0.00484025   -0.00138345    0.11055254
   12.83333333   -0.00489253   -0.00137220    0.10944861
   12.91666667   -0.00494464   -0.00136053    0.10836280
   13.00000000   -0.00499656   -0.00134854    0.10729470
   13.08333333   -0.00504830   -0.00133653    0.10624387
   13.16666667   -0.00509987   -0.00132477    0.10520987
   13.25000000   -0.00515125   -0.00131335    0.10419235
   13.33333333   -0.00520245   -0.00130213    0.10319090
   13.41666667   -0.00525347   -0.00129080    0.10220514
   13.50000000   -0.00530431   -0.00127910    0.10123472
   13.58333333   -0.00535496   -0.00126699    0.10027928
   13.66666667   -0.00540544   -0.00125468    0.09933847
   13.75000000   -0.00545573   -0.00124249    0.09841197
   13.83333333   -0.00550584   -0.00123064    0.09749946
   13.91666667   -0.00555576   -0.00121913    0.09660062
   14.00000000   -0.00560550   -0.00120771    0.09571515
   14.08333333   -0.00565506   -0.00119605    0.09484275
   14.16666667   -0.00570443   -0.00118395    0.09398314
   14.25000000   -0.00575362   -0.00117150    0.09313604
   14.33333333   -0.00580262   -0.00115897    0.09230118
   14.41666667   -0.00585144   -0.00114669    0.09147829
   14.50000000   -0.00590008   -0.00113480    0.09066714
   14.58333333   -0.00594853   -0.00112319    0.08986745
   14.66666667   -0.00599679   -0.00111152    0.08907900
   14.75000000   -0.00604487   -0.00109949    0.08830155
   14.83333333   -0.00609276   -0.00108698    0.08753487
   14.91666667   -0.00614047   -0.00107418    0.08677873
   15.00000000   -0.00618799   -0.00106145    0.08603293
   15.08333333   -0.00623533   -0.00104908    0.08529726
   15.16666667   -0.00628248   -0.00103711    0.08457150
   15.25000000   -0.00632944   -0.00102528    0.08385546
   15.33333333   -0.00637622   -0.00101324    0.08314895
   15.41666667   -0.00642281   -0.00100070    0.08245177
   15.50000000   -0.00646922   -0.00098769    0.08176376
   15.58333333   -0.00651545   -0.00097449    0.08108471
   15.66666667   -0.00656148   -0.00096150    0.08041446
   15.75000000   -0.00660734   -0.00094895    0.07975285
   15.83333333   -0.00665300   -0.00093674    0.07909970
   15.91666667   -0.00669849   -0.00092452    0.07845485
   16.00000000   -0.00674378   -0.00091189    0.07781815
   16.08333333   -0.00678890   -0.00089866    0.07718944
   16.16666667   -0.00683383   -0.00088498    0.07656859
   16.25000000   -0.00687857   -0.00087126    0.07595541
   16.33333333   -0.00692313   -0.00085789    0.07534980
   16.41666667   -0.00696751   -0.00084500    0.07475161
   16.50000000   -0.00701171   -0.00083235    0.07416069
   16.58333333   -0.00705572   -0.00081947    0.07357691
   16.66666667   -0.00709955   -0.00080597    0.07300017
   16.75000000   -0.00714319   -0.00079180    0.07243031
   16.83333333   -0.00718666   -0.00077725    0.07186722
   16.91666667   -0.00722994   -0.00076285    0.07131079
   17.00000000   -0.00727305   -0.00074896    0.07076089
   17.08333333   -0.00731597   -0.00073554    0.07021740
   17.16666667   -0.00735871   -0.00072219    0.06968023
   17.25000000   -0.00740127   -0.00070836    0.06914924
   17.33333333   -0.00744366   -0.00069371    0.06862434
   17.41666667   -0.00748586   -0.00067835    0.06810544
   17.50000000   -0.00752788   -0.00066279    0.06759242
   17.58333333   -0.00756973   -0.00064762    0.06708517
   17.66666667   -0.00761140   -0.00063315    0.06658363
   17.75000000   -0.00765289   -0.00061916    0.06608766
   17.83333333   -0.00769421   -0.00060502    0.06559720
   17.91666667   -0.00773535   -0.00059013    0.06511215
   18.00000000   -0.00777631   -0.00057426    0.06463241
   18.08333333   -0.00781710   -0.00055778    0.06415789
   18.16666667   -0.00785772   -0.00054146    0.06368854
   18.25000000   -0.00789816   -0.00052601    0.06322423
   18.33333333   -0.00793843   -0.00051164    0.06276491
   18.41666667   -0.00797852   -0.00049788    0.06231050
   18.50000000   -0.00801844   -0.00048389    0.06186090
   18.58333333   -0.00805820   -0.00046899    0.06141604
   18.66666667   -0.00809778   -0.00045323    0.06097586
   18.75000000   -0.00813719   -0.00043743    0.06054028
   18.83333333   -0.00817643   -0.00042290    0.06010921
   18.91666667   -0.00821550   -0.00041067    0.05968261
   19.00000000   -0.00825440   -0.00040094    0.05926039
   19.08333333   -0.00829313   -0.00039303    0.05884249
   19.16666667   -0.00833170   -0.00038583    0.05842885
   19.25000000   -0.00837010   -0.00037879    0.05801939
   19.33333333   -0.00840833   -0.00037271    0.05761405
   19.41666667   -0.00844640   -0.00036997    0.05721278
   19.50000000   -0.00848431   -0.00037393    0.05681550
   19.58333333   -0.00852205   -0.00038783    0.05642217
   19.66666667   -0.00855962   -0.00041357    0.05603273
   19.75000000   -0.00859704   -0.00045110    0.05564710
   19.83333333   -0.00863429   -0.00049848    0.05526524
   19.91666667   -0.00867138   -0.00055278    0.05488711
   20.00000000   -0.00870831   -0.00061101    0.05451263
