  -20.00000000    0.03392721   -0.00583790   -0.03484537
  -19.91666667    0.03400571   -0.00606781   -0.03504957
  -19.83333333    0.03408481   -0.00627779   -0.03525549
  -19.75000000    0.03416454   -0.00646760   -0.03546316
  -19.66666667    0.03424490   -0.00664290   -0.03567259
  -19.58333333    0.03432590   -0.00681196   -0.03588381
  -19.50000000    0.03440754   -0.00698177   -0.03609684
  -19.41666667    0.03448983   -0.00715517   -0.03631171
  -19.33333333    0.03457278   -0.00733042   -0.03652843
  -19.25000000    0.03465640   -0.00750296   -0.03674704
  -19.16666667    0.03474069   -0.00766831   -0.03696757
  -19.08333333    0.03482567   -0.00782452   -0.03719001
  -19.00000000    0.03491134   -0.00797295   -0.03741443
  -18.91666667    0.03499771   -0.00811723   -0.03764083
  -18.83333333    0.03508478   -0.00826112   -0.03786923
  -18.75000000    0.03517258   -0.00840653   -0.03809969
  -18.66666667    0.03526110   -0.00855280   -0.03833220
  -18.58333333    0.03535035   -0.00869753   -0.03856681
  -18.50000000    0.03544035   -0.00883819   -0.03880355
  -18.41666667    0.03553110   -0.00897379   -0.03904244
  -18.33333333    0.03562261   -0.00910541   -0.03928350
  -18.25000000    0.03571490   -0.00923553   -0.03952679
  -18.16666667    0.03580796   -0.00936656   -0.03977232
  -18.08333333    0.03590182   -0.00949956   -0.04002011
  -18.00000000    0.03599647   -0.00963376   -0.04027022
  -17.91666667    0.03609194   -0.00976726   -0.04052267
  -17.83333333    0.03618823   -0.00989825   -0.04077749
  -17.75000000    0.03628535   -0.01002621   -0.04103471
  -17.66666667    0.03638331   -0.01015220   -0.04129438
  -17.58333333    0.03648212   -0.01027818   -0.04155652
  -17.50000000    0.03658179   -0.01040591   -0.04182118
  -17.41666667    0.03668235   -0.01053592   -0.04208838
  -17.33333333    0.03678378   -0.01066731   -0.04235816
  -17.25000000    0.03688612   -0.01079841   -0.04263058
  -17.16666667    0.03698936   -0.01092786   -0.04290565
  -17.08333333    0.03709352   -0.01105550   -0.04318342
  -17.00000000    0.03719862   -0.01118240   -0.04346394
  -16.91666667    0.03730466   -0.01131028   -0.04374724
  -16.83333333    0.03741165   -0.01144046   -0.04403336
  -16.75000000    0.03751962   -0.01157309   -0.04432235
  -16.66666667    0.03762858   -0.01170716   -0.04461426
  -16.58333333    0.03773852   -0.01184118   -0.04490911
  -16.50000000    0.03784948   -0.01197413   -0.04520697
  -16.41666667    0.03796146   -0.01210611   -0.04550788
  -16.33333333    0.03807447   -0.01223829   -0.04581188
  -16.25000000    0.03818854   -0.01237219   -0.04611902
  -16.16666667    0.03830367   -0.01250878   -0.04642936
  -16.08333333    0.03841988   -0.01264793   -0.04674293
  -16.00000000    0.03853719   -0.01278854   -0.04705981
  -15.91666667    0.03865560   -0.01292927   -0.04738002
  -15.83333333    0.03877514   -0.01306940   -0.04770365
  -15.75000000    0.03889582   -0.01320928   -0.04803072
  -15.66666667    0.03901765   -0.01335013   -0.04836130
  -15.58333333    0.03914066   -0.01349331   -0.04869546
  -15.50000000    0.03926486   -0.01363951   -0.04903324
  -15.41666667    0.03939025   -0.01378835   -0.04937470
  -15.33333333    0.03951688   -0.01393866   -0.04971992
  -15.25000000    0.03964474   -0.01408925   -0.05006894
  -15.16666667    0.03977385   -0.01423968   -0.05042184
  -15.08333333    0.03990425   -0.01439052   -0.05077868
  -15.00000000    0.04003593   -0.01454307   -0.05113952
  -14.91666667    0.04016893   -0.01469850   -0.05150443
  -14.83333333    0.04030326   -0.01485723   -0.05187350
  -14.75000000    0.04043893   -0.01501866   -0.05224678
  -14.66666667    0.04057598   -0.01518159   -0.05262434
  -14.58333333    0.04071441   -0.01534500   -0.05300627
  -14.50000000    0.04085425   -0.01550872   -0.05339264
  -14.41666667    0.04099552   -0.01567354   -0.05378353
  -14.33333333    0.04113825   -0.01584076   -0.05417902
  -14.25000000    0.04128244   -0.01601140   -0.05457919
  -14.16666667    0.04142813   -0.01618559   -0.05498412
  -14.08333333    0.04157534   -0.01636255   -0.05539391
  -14.00000000    0.04172408   -0.01654107   -0.05580864
  -13.91666667    0.04187439   -0.01672035   -0.05622840
  -13.83333333    0.04202628   -0.01690047   -0.05665328
  -13.75000000    0.04217978   -0.01708243   -0.05708338
  -13.66666667    0.04233491   -0.01726749   -0.05751879
  -13.58333333    0.04249170   -0.01745649   -0.05795962
  -13.50000000    0.04265017   -0.01764929   -0.05840597
  -13.41666667    0.04281035   -0.01784495   -0.05885794
  -13.33333333    0.04297227   -0.01804232   -0.05931564
  -13.25000000    0.04313594   -0.01824079   -0.05977918
  -13.16666667    0.04330141   -0.01844076   -0.06024868
  -13.08333333    0.04346869   -0.01864334   -0.06072425
  -13.00000000    0.04363781   -0.01884978   -0.06120600
  -12.91666667    0.04380880   -0.01906067   -0.06169407
  -12.83333333    0.04398170   -0.01927562   -0.06218857
  -12.75000000    0.04415653   -0.01949357   -0.06268964
  -12.66666667    0.04433332   -0.01971346   -0.06319741
  -12.58333333    0.04451210   -0.01993495   -0.06371202
  -12.50000000    0.04469290   -0.02015868   -0.06423360
  -12.41666667    0.04487575   -0.02038592   -0.06476230
  -12.33333333    0.04506069   -0.02061779   -0.06529826
  -12.25000000    0.04524776   -0.02085465   -0.06584164
  -12.16666667    0.04543697   -0.02109586   -0.06639260
  -12.08333333    0.04562837   -0.02134029   -0.06695129
  -12.00000000    0.04582199   -0.02158702   -0.06751788
  -11.91666667    0.04601787   -0.02183599   -0.06809253
  -11.83333333    0.04621604   -0.02208811   -0.06867543
  -11.75000000    0.04641654   -0.02234472   -0.06926675
  -11.66666667    0.04661940   -0.02260681   -0.06986667
  -11.58333333    0.04682467   -0.02287445   -0.07047540
  -11.50000000    0.04703237   -0.02314681   -0.07109311
  -11.41666667    0.04724256   -0.02342271   -0.07172002
  -11.33333333    0.04745527   -0.02370144   -0.07235633
  -11.25000000    0.04767053   -0.02398325   -0.07300225
  -11.16666667    0.04788839   -0.02426929   -0.07365801
  -11.08333333    0.04810890   -0.02456093   -0.07432383
  -11.00000000    0.04833208   -0.02485896   -0.07499994
  -10.91666667    0.04855799   -0.02516318   -0.07568659
  -10.83333333    0.04878667   -0.02547257   -0.07638403
  -10.75000000    0.04901816   -0.02578600   -0.07709251
  -10.66666667    0.04925250   -0.02610300   -0.07781228
  -10.58333333    0.04948974   -0.02642416   -0.07854365
  -10.50000000    0.04972993   -0.02675084   -0.07928687
  -10.41666667    0.04997310   -0.02708436   -0.08004223
  -10.33333333    0.05021931   -0.02742531   -0.08081005
  -10.25000000    0.05046860   -0.02777318   -0.08159063
  -10.16666667    0.05072101   -0.02812682   -0.08238428
  -10.08333333    0.05097660   -0.02848522   -0.08319135
  -10.00000000    0.05123541   -0.02884821   -0.08401216
   -9.91666667    0.05149749   -0.02921673   -0.08484707
   -9.83333333    0.05176289   -0.02959229   -0.08569646
   -9.75000000    0.05203164   -0.02997615   -0.08656069
   -9.66666667    0.05230381   -0.03036859   -0.08744014
   -9.58333333    0.05257944   -0.03076886   -0.08833524
   -9.50000000    0.05285857   -0.03117573   -0.08924638
   -9.41666667    0.05314125   -0.03158836   -0.09017400
   -9.33333333    0.05342753   -0.03200697   -0.09111855
   -9.25000000    0.05371745   -0.03243282   -0.09208049
   -9.16666667    0.05401106   -0.03286755   -0.09306029
   -9.08333333    0.05430840   -0.03331224   -0.09405845
   -9.00000000    0.05460952   -0.03376691   -0.09507548
   -8.91666667    0.05491445   -0.03423054   -0.09611190
   -8.83333333    0.05522325   -0.03470191   -0.09716828
   -8.75000000    0.05553593   -0.03518047   -0.09824516
   -8.66666667    0.05585254   -0.03566683   -0.09934314
   -8.58333333    0.05617312   -0.03616259   -0.10046283
   -8.50000000    0.05649769   -0.03666943   -0.10160485
   -8.41666667    0.05682628   -0.03718825   -0.10276986
   -8.33333333    0.05715892   -0.03771872   -0.10395855
   -8.25000000    0.05749562   -0.03825965   -0.10517158
   -8.16666667    0.05783639   -0.03880991   -0.10640970
   -8.08333333    0.05818126   -0.03936931   -0.10767367
   -8.00000000    0.05853022   -0.03993893   -0.10896423
   -7.91666667    0.05888326   -0.04052066   -0.11028221
   -7.83333333    0.05924038   -0.04111619   -0.11162842
   -7.75000000    0.05960156   -0.04172614   -0.11300373
   -7.66666667    0.05996677   -0.04234987   -0.11440903
   -7.58333333    0.06033596   -0.04298608   -0.11584521
   -7.50000000    0.06070909   -0.04363384   -0.11731325
   -7.41666667    0.06108609   -0.04429344   -0.11881410
   -7.33333333    0.06146688   -0.04496645   -0.12034876
   -7.25000000    0.06185138   -0.04565501   -0.12191827
   -7.16666667    0.06223945   -0.04636076   -0.12352370
   -7.08333333    0.06263097   -0.04708401   -0.12516612
   -7.00000000    0.06302578   -0.04782383   -0.12684665
   -6.91666667    0.06342370   -0.04857891   -0.12856644
   -6.83333333    0.06382452   -0.04934867   -0.13032663
   -6.75000000    0.06422799   -0.05013398   -0.13212843
   -6.66666667    0.06463384   -0.05093693   -0.13397301
   -6.58333333    0.06504174   -0.05175991   -0.13586156
   -6.50000000    0.06545135   -0.05260439   -0.13779533
   -6.41666667    0.06586226   -0.05347039   -0.13977549
   -6.33333333    0.06627399   -0.05435676   -0.14180322
   -6.25000000    0.06668604   -0.05526231   -0.14387970
   -6.16666667    0.06709782   -0.05618698   -0.14600605
   -6.08333333    0.06750865   -0.05713232   -0.14818331
   -6.00000000    0.06791780   -0.05810102   -0.15041248
   -5.91666667    0.06832444   -0.05909565   -0.15269442
   -5.83333333    0.06872761   -0.06011752   -0.15502986
   -5.75000000    0.06912628   -0.06116633   -0.15741939
   -5.66666667    0.06951925   -0.06224082   -0.15986335
   -5.58333333    0.06990520   -0.06334014   -0.16236178
   -5.50000000    0.07028266   -0.06446496   -0.16491446
   -5.41666667    0.07064996   -0.06561768   -0.16752071
   -5.33333333    0.07100524   -0.06680161   -0.17017935
   -5.25000000    0.07134644   -0.06801952   -0.17288864
   -5.16666667    0.07167122   -0.06927253   -0.17564605
   -5.08333333    0.07197698   -0.07056011   -0.17844820
   -5.00000000    0.07226083   -0.07188108   -0.18129066
   -4.91666667    0.07251952   -0.07323519   -0.18416773
   -4.83333333    0.07274942   -0.07462413   -0.18707217
   -4.75000000    0.07294649   -0.07605139   -0.18999502
   -4.66666667    0.07310620   -0.07752098   -0.19292514
   -4.58333333    0.07322350   -0.07903590   -0.19584890
   -4.50000000    0.07329275   -0.08059715   -0.19874978
   -4.41666667    0.07330769   -0.08220410   -0.20160781
   -4.33333333    0.07326129   -0.08385599   -0.20439905
   -4.25000000    0.07314575   -0.08555357   -0.20709507
   -4.16666667    0.07295240   -0.08729995   -0.20966222
   -4.08333333    0.07267155   -0.08910000   -0.21206106
   -4.00000000    0.07229249   -0.09095865   -0.21424577
   -3.91666667    0.07180328   -0.09287922   -0.21616357
   -3.83333333    0.07119074   -0.09486271   -0.21775446
   -3.75000000    0.07044025   -0.09690871   -0.21895106
   -3.66666667    0.06953569   -0.09901732   -0.21967906
   -3.58333333    0.06845931   -0.10119088   -0.21985817
   -3.50000000    0.06719160   -0.10343450   -0.21940392
   -3.41666667    0.06571120   -0.10575483   -0.21823056
   -3.33333333    0.06399481   -0.10815798   -0.21625508
   -3.25000000    0.06201710   -0.11064770   -0.21340271
   -3.16666667    0.05975072   -0.11322519   -0.20961361
   -3.08333333    0.05716622   -0.11589056   -0.20485066
   -3.00000000    0.05423222   -0.11864528   -0.19910773
   -2.91666667    0.05091542   -0.12149393   -0.19241734
   -2.83333333    0.04718088   -0.12444411   -0.18485676
   -2.75000000    0.04299236   -0.12750451   -0.17655111
   -2.66666667    0.03831273   -0.13068225   -0.16767210
   -2.58333333    0.03310457   -0.13398106   -0.15843196
   -2.50000000    0.02733099   -0.13740168   -0.14907271
   -2.41666667    0.02095655   -0.14094421   -0.13985130
   -2.33333333    0.01394841   -0.14461093   -0.13102306
   -2.25000000    0.00627779   -0.14840793   -0.12282554
   -2.16666667   -0.00207854   -0.15234403   -0.11546451
   -2.08333333   -0.01113649   -0.15642771   -0.10910449
   -2.00000000   -0.02090260   -0.16066360   -0.10386397
   -1.91666667   -0.03137222   -0.16505069   -0.09981543
   -1.83333333   -0.04252733   -0.16958347   -0.09698927
   -1.75000000   -0.05433478   -0.17425531   -0.09538041
   -1.66666667   -0.06674451   -0.17906171   -0.09495621
   -1.58333333   -0.07968833   -0.18400115   -0.09566457
   -1.50000000   -0.09307930   -0.18907228   -0.09744153
   -1.41666667   -0.10681169   -0.19426862   -0.10021767
   -1.33333333   -0.12076198   -0.19957358   -0.10392324
   -1.25000000   -0.13479092   -0.20495867   -0.10849211
   -1.16666667   -0.14874636   -0.21038613   -0.11386439
   -1.08333333   -0.16246740   -0.21581421   -0.11998822
   -1.00000000   -0.17578927   -0.22120160   -0.12682085
   -0.91666667   -0.18854878   -0.22650734   -0.13432907
   -0.83333333   -0.20059017   -0.23168520   -0.14248941
   -0.75000000   -0.21177081   -0.23667509   -0.15128800
   -0.66666667   -0.22196643   -0.24139680   -0.16072043
   -0.58333333   -0.23107542   -0.24575167   -0.17079147
   -0.50000000   -0.23902191   -0.24963420   -0.18151487
   -0.41666667   -0.24575757   -0.25295107   -0.19291322
   -0.33333333   -0.25126180   -0.25564015   -0.20501780
   -0.25000000   -0.25554065   -0.25768113   -0.21786861
   -0.16666667   -0.25862449   -0.25909222   -0.23151439
   -0.08333333   -0.26056476   -0.25991322   -0.24601273
    0.00000000   -0.26143013   -0.26018181   -0.26143013
    0.08333333   -0.26130239   -0.25991322   -0.27784215
    0.16666667   -0.26027232   -0.25909222   -0.29533321
    0.25000000   -0.25843584   -0.25768113   -0.31399629
    0.33333333   -0.25589061   -0.25564015   -0.33393200
    0.41666667   -0.25273309   -0.25295107   -0.35524690
    0.50000000   -0.24905624   -0.24963420   -0.37805044
    0.58333333   -0.24494782   -0.24575167   -0.40244990
    0.66666667   -0.24048911   -0.24139680   -0.42854224
    0.75000000   -0.23575422   -0.23667509   -0.45640113
    0.83333333   -0.23080974   -0.23168520   -0.48605732
    0.91666667   -0.22571468   -0.22650734   -0.51746864
    1.00000000   -0.22052072   -0.22120160   -0.55047575
    1.08333333   -0.21527253   -0.21581421   -0.58473822
    1.16666667   -0.21000831   -0.21038613   -0.61964456
    1.25000000   -0.20476030   -0.20495867   -0.65419210
    1.33333333   -0.19955539   -0.19957358   -0.68683622
    1.41666667   -0.19441573   -0.19426862   -0.71532508
    1.50000000   -0.18935923   -0.18907228   -0.73656239
    1.58333333   -0.18440016   -0.18400115   -0.74658744
    1.66666667   -0.17954962   -0.17906171   -0.74081554
    1.75000000   -0.17481598   -0.17425531   -0.71469880
    1.83333333   -0.17020531   -0.16958347   -0.66486999
    1.91666667   -0.16572175   -0.16505069   -0.59054956
    2.00000000   -0.16136775   -0.16066360   -0.49461635
    2.08333333   -0.15714448   -0.15642771   -0.38360789
    2.16666667   -0.15305192   -0.15234403   -0.26635399
    2.25000000   -0.14908921   -0.14840793   -0.15179286
    2.33333333   -0.14525470   -0.14461093   -0.04701226
    2.41666667   -0.14154619   -0.14094421    0.04370841
    2.50000000   -0.13796102   -0.13740168    0.11880197
    2.58333333   -0.13449619   -0.13398106    0.17870291
    2.66666667   -0.13114842   -0.13068225    0.22500589
    2.75000000   -0.12791429   -0.12750451    0.25978477
    2.83333333   -0.12479021   -0.12444411    0.28515337
    2.91666667   -0.12177254   -0.12149393    0.30303235
    3.00000000   -0.11885764   -0.11864528    0.31505685
    3.08333333   -0.11604183   -0.11589056    0.32256467
    3.16666667   -0.11332149   -0.11322519    0.32662275
    3.25000000   -0.11069306   -0.11064770    0.32806831
    3.33333333   -0.10815303   -0.10815798    0.32755155
    3.41666667   -0.10569799   -0.10575483    0.32557408
    3.50000000   -0.10332462   -0.10343450    0.32252130
    3.58333333   -0.10102970   -0.10119088    0.31868854
    3.66666667   -0.09881011   -0.09901732    0.31430170
    3.75000000   -0.09666285   -0.09690871    0.30953338
    3.83333333   -0.09458502   -0.09486271    0.30451517
    3.91666667   -0.09257383   -0.09287922    0.29934721
    4.00000000   -0.09062661   -0.09095865    0.29410552
    4.08333333   -0.08874079   -0.08910000    0.28884751
    4.16666667   -0.08691391   -0.08729995    0.28361630
    4.25000000   -0.08514360   -0.08555357    0.27844393
    4.33333333   -0.08342761   -0.08385599    0.27335398
    4.41666667   -0.08176378   -0.08220410    0.26836348
    4.50000000   -0.08015003   -0.08059715    0.26348430
    4.58333333   -0.07858439   -0.07903590    0.25872449
    4.66666667   -0.07706498   -0.07752098    0.25408910
    4.75000000   -0.07558998   -0.07605139    0.24958078
    4.83333333   -0.07415766   -0.07462413    0.24520049
    4.91666667   -0.07276639   -0.07323519    0.24094787
    5.00000000   -0.07141458   -0.07188108    0.23682146
    5.08333333   -0.07010073   -0.07056011    0.23281913
    5.16666667   -0.06882341   -0.06927253    0.22893821
    5.25000000   -0.06758122   -0.06801952    0.22517556
    5.33333333   -0.06637287   -0.06680161    0.22152785
    5.41666667   -0.06519711   -0.06561768    0.21799158
    5.50000000   -0.06405272   -0.06446496    0.21456307
    5.58333333   -0.06293857   -0.06334014    0.21123870
    5.66666667   -0.06185356   -0.06224082    0.20801482
    5.75000000   -0.06079664   -0.06116633    0.20488778
    5.83333333   -0.05976680   -0.06011752    0.20185404
    5.91666667   -0.05876310   -0.05909565    0.19891015
    6.00000000   -0.05778460   -0.05810102    0.19605268
    6.08333333   -0.05683044   -0.05713232    0.19327839
    6.16666667   -0.05589977   -0.05618698    0.19058413
    6.25000000   -0.05499178   -0.05526231    0.18796680
    6.33333333   -0.05410571   -0.05435676    0.18542348
    6.41666667   -0.05324083   -0.05347039    0.18295137
    6.50000000   -0.05239640   -0.05260439    0.18054772
    6.58333333   -0.05157177   -0.05175991    0.17820995
    6.66666667   -0.05076627   -0.05093693    0.17593559
    6.75000000   -0.04997929   -0.05013398    0.17372221
    6.83333333   -0.04921023   -0.04934867    0.17156756
    6.91666667   -0.04845850   -0.04857891    0.16946946
    7.00000000   -0.04772357   -0.04782383    0.16742580
    7.08333333   -0.04700489   -0.04708401    0.16543459
    7.16666667   -0.04630197   -0.04636076    0.16349393
    7.25000000   -0.04561430   -0.04565501    0.16160199
    7.33333333   -0.04494143   -0.04496645    0.15975701
    7.41666667   -0.04428290   -0.04429344    0.15795734
    7.50000000   -0.04363827   -0.04363384    0.15620137
    7.58333333   -0.04300713   -0.04298608    0.15448757
    7.66666667   -0.04238909   -0.04234987    0.15281450
    7.75000000   -0.04178373   -0.04172614    0.15118073
    7.83333333   -0.04119071   -0.04111619    0.14958494
    7.91666667   -0.04060966   -0.04052066    0.14802586
    8.00000000   -0.04004022   -0.03993893    0.14650224
    8.08333333   -0.03948209   -0.03936931    0.14501293
    8.16666667   -0.03893492   -0.03880991    0.14355677
    8.25000000   -0.03839841   -0.03825965    0.14213271
    8.33333333   -0.03787227   -0.03771872    0.14073971
    8.41666667   -0.03735621   -0.03718825    0.13937677
    8.50000000   -0.03684994   -0.03666943    0.13804295
    8.58333333   -0.03635321   -0.03616259    0.13673733
    8.66666667   -0.03586575   -0.03566683    0.13545903
    8.75000000   -0.03538732   -0.03518047    0.13420722
    8.83333333   -0.03491768   -0.03470191    0.13298109
    8.91666667   -0.03445658   -0.03423054    0.13177985
    9.00000000   -0.03400382   -0.03376691    0.13060278
    9.08333333   -0.03355916   -0.03331224    0.12944915
    9.16666667   -0.03312241   -0.03286755    0.12831825
    9.25000000   -0.03269336   -0.03243282    0.12720946
    9.33333333   -0.03227180   -0.03200697    0.12612212
    9.41666667   -0.03185756   -0.03158836    0.12505560
    9.50000000   -0.03145045   -0.03117573    0.12400933
    9.58333333   -0.03105030   -0.03076886    0.12298275
    9.66666667   -0.03065692   -0.03036859    0.12197527
    9.75000000   -0.03027016   -0.02997615    0.12098641
    9.83333333   -0.02988985   -0.02959229    0.12001564
    9.91666667   -0.02951583   -0.02921673    0.11906246
   10.00000000   -0.02914796   -0.02884821    0.11812641
   10.08333333   -0.02878609   -0.02848522    0.11720703
   10.16666667   -0.02843007   -0.02812682    0.11630387
   10.25000000   -0.02807978   -0.02777318    0.11541652
   10.33333333   -0.02773507   -0.02742531    0.11454456
   10.41666667   -0.02739582   -0.02708436    0.11368758
   10.50000000   -0.02706189   -0.02675084    0.11284523
   10.58333333   -0.02673318   -0.02642416    0.11201711
   10.66666667   -0.02640955   -0.02610300    0.11120286
   10.75000000   -0.02609091   -0.02578600    0.11040216
   10.83333333   -0.02577712   -0.02547257    0.10961466
   10.91666667   -0.02546809   -0.02516318    0.10884002
   11.00000000   -0.02516371   -0.02485896    0.10807795
   11.08333333   -0.02486389   -0.02456093    0.10732814
   11.16666667   -0.02456850   -0.02426929    0.10659028
   11.25000000   -0.02427748   -0.02398325    0.10586411
   11.33333333   -0.02399071   -0.02370144    0.10514935
   11.41666667   -0.02370811   -0.02342271    0.10444571
   11.50000000   -0.02342960   -0.02314681    0.10375295
   11.58333333   -0.02315507   -0.02287445    0.10307083
   11.66666667   -0.02288446   -0.02260681    0.10239907
   11.75000000   -0.02261767   -0.02234472    0.10173747
   11.83333333   -0.02235464   -0.02208811    0.10108579
   11.91666667   -0.02209528   -0.02183599    0.10044380
   12.00000000   -0.02183951   -0.02158702    0.09981130
   12.08333333   -0.02158727   -0.02134029    0.09918806
   12.16666667   -0.02133848   -0.02109586    0.09857389
   12.25000000   -0.02109308   -0.02085465    0.09796859
   12.33333333   -0.02085100   -0.02061779    0.09737198
   12.41666667   -0.02061216   -0.02038592    0.09678385
   12.50000000   -0.02037651   -0.02015868    0.09620404
   12.58333333   -0.02014399   -0.01993495    0.09563236
   12.66666667   -0.01991453   -0.01971346    0.09506865
   12.75000000   -0.01968808   -0.01949357    0.09451274
   12.83333333   -0.01946457   -0.01927562    0.09396447
   12.91666667   -0.01924396   -0.01906067    0.09342368
   13.00000000   -0.01902618   -0.01884978    0.09289022
   13.08333333   -0.01881118   -0.01864334    0.09236394
   13.16666667   -0.01859891   -0.01844076    0.09184470
   13.25000000   -0.01838932   -0.01824079    0.09133235
   13.33333333   -0.01818237   -0.01804232    0.09082676
   13.41666667   -0.01797799   -0.01784495    0.09032779
   13.50000000   -0.01777615   -0.01764929    0.08983532
   13.58333333   -0.01757679   -0.01745649    0.08934921
   13.66666667   -0.01737988   -0.01726749    0.08886935
   13.75000000   -0.01718536   -0.01708243    0.08839562
   13.83333333   -0.01699321   -0.01690047    0.08792789
   13.91666667   -0.01680336   -0.01672035    0.08746606
   14.00000000   -0.01661579   -0.01654107    0.08701001
   14.08333333   -0.01643045   -0.01636255    0.08655963
   14.16666667   -0.01624730   -0.01618559    0.08611482
   14.25000000   -0.01606631   -0.01601140    0.08567548
   14.33333333   -0.01588744   -0.01584076    0.08524150
   14.41666667   -0.01571065   -0.01567354    0.08481279
   14.50000000   -0.01553590   -0.01550872    0.08438925
   14.58333333   -0.01536317   -0.01534500    0.08397078
   14.66666667   -0.01519241   -0.01518159    0.08355730
   14.75000000   -0.01502360   -0.01501866    0.08314872
   14.83333333   -0.01485670   -0.01485723    0.08274496
   14.91666667   -0.01469167   -0.01469850    0.08234591
   15.00000000   -0.01452850   -0.01454307    0.08195151
   15.08333333   -0.01436714   -0.01439052    0.08156167
   15.16666667   -0.01420757   -0.01423968    0.08117631
   15.25000000   -0.01404976   -0.01408925    0.08079536
   15.33333333   -0.01389368   -0.01393866    0.08041874
   15.41666667   -0.01373929   -0.01378835    0.08004638
   15.50000000   -0.01358659   -0.01363951    0.07967820
   15.58333333   -0.01343553   -0.01349331    0.07931413
   15.66666667   -0.01328609   -0.01335013    0.07895411
   15.75000000   -0.01313825   -0.01320928    0.07859806
   15.83333333   -0.01299198   -0.01306940    0.07824593
   15.91666667   -0.01284726   -0.01292927    0.07789764
   16.00000000   -0.01270405   -0.01278854    0.07755315
   16.08333333   -0.01256235   -0.01264793    0.07721236
   16.16666667   -0.01242212   -0.01250878    0.07687525
   16.25000000   -0.01228334   -0.01237219    0.07654174
   16.33333333   -0.01214599   -0.01223829    0.07621177
   16.41666667   -0.01201006   -0.01210611    0.07588530
   16.50000000   -0.01187550   -0.01197413    0.07556225
   16.58333333   -0.01174232   -0.01184118    0.07524259
   16.66666667   -0.01161048   -0.01170716    0.07492626
   16.75000000   -0.01147996   -0.01157309    0.07461319
   16.83333333   -0.01135075   -0.01144046    0.07430335
   16.91666667   -0.01122283   -0.01131028    0.07399669
   17.00000000   -0.01109617   -0.01118240    0.07369315
   17.08333333   -0.01097077   -0.01105550    0.07339269
   17.16666667   -0.01084659   -0.01092786    0.07309527
   17.25000000   -0.01072363   -0.01079841    0.07280082
   17.33333333   -0.01060186   -0.01066731    0.07250932
   17.41666667   -0.01048128   -0.01053592    0.07222072
   17.50000000   -0.01036185   -0.01040591    0.07193496
   17.58333333   -0.01024356   -0.01027818    0.07165202
   17.66666667   -0.01012641   -0.01015220    0.07137185
   17.75000000   -0.01001037   -0.01002621    0.07109440
   17.83333333   -0.00989542   -0.00989825    0.07081964
   17.91666667   -0.00978156   -0.00976726    0.07054754
   18.00000000   -0.00966876   -0.00963376    0.07027805
   18.08333333   -0.00955702   -0.00949956    0.07001113
   18.16666667   -0.00944631   -0.00936656    0.06974675
   18.25000000   -0.00933663   -0.00923553    0.06948486
   18.33333333   -0.00922795   -0.00910541    0.06922545
   18.41666667   -0.00912027   -0.00897379    0.06896847
   18.50000000   -0.00901357   -0.00883819    0.06871387
   18.58333333   -0.00890784   -0.00869753    0.06846165
   18.66666667   -0.00880307   -0.00855280    0.06821176
   18.75000000   -0.00869923   -0.00840653    0.06796416
   18.83333333   -0.00859633   -0.00826112    0.06771883
   18.91666667   -0.00849435   -0.00811723    0.06747573
   19.00000000   -0.00839327   -0.00797295    0.06723484
   19.08333333   -0.00829308   -0.00782452    0.06699612
   19.16666667   -0.00819378   -0.00766831    0.06675956
   19.25000000   -0.00809535   -0.00750296    0.06652510
   19.33333333   -0.00799777   -0.00733042    0.06629273
   19.41666667   -0.00790105   -0.00715517    0.06606243
   19.50000000   -0.00780516   -0.00698177    0.06583415
   19.58333333   -0.00771010   -0.00681196    0.06560788
   19.66666667   -0.00761585   -0.00664290    0.06538360
   19.75000000   -0.00752241   -0.00646760    0.06516126
   19.83333333   -0.00742976   -0.00627779    0.06494085
   19.91666667   -0.00733791   -0.00606781    0.06472235
   20.00000000   -0.00724682   -0.00583790    0.06450572
