  -20.00000000    0.01722918   -0.00636380   -0.04491118
  -19.91666667    0.01725392   -0.00662267   -0.04511579
  -19.83333333    0.01727870   -0.00685916   -0.04532202
  -19.75000000    0.01730352   -0.00707305   -0.04552990
  -19.66666667    0.01732837   -0.00727043   -0.04573945
  -19.58333333    0.01735326   -0.00746000   -0.04595068
  -19.50000000    0.01737818   -0.00764876   -0.04616362
  -19.41666667    0.01740313   -0.00783930   -0.04637829
  -19.33333333    0.01742811   -0.00802969   -0.04659471
  -19.25000000    0.01745312   -0.00821556   -0.04681290
  -19.16666667    0.01747815   -0.00839319   -0.04703288
  -19.08333333    0.01750320   -0.00856165   -0.04725468
  -19.00000000    0.01752827   -0.00872308   -0.04747831
  -18.91666667    0.01755335   -0.00888122   -0.04770381
  -18.83333333    0.01757845   -0.00903920   -0.04793119
  -18.75000000    0.01760356   -0.00919799   -0.04816048
  -18.66666667    0.01762867   -0.00935623   -0.04839171
  -18.58333333    0.01765380   -0.00951154   -0.04862488
  -18.50000000    0.01767892   -0.00966218   -0.04886004
  -18.41666667    0.01770404   -0.00980823   -0.04909721
  -18.33333333    0.01772916   -0.00995150   -0.04933641
  -18.25000000    0.01775427   -0.01009438   -0.04957767
  -18.16666667    0.01777936   -0.01023850   -0.04982102
  -18.08333333    0.01780444   -0.01038383   -0.05006648
  -18.00000000    0.01782951   -0.01052898   -0.05031409
  -17.91666667    0.01785454   -0.01067224   -0.05056386
  -17.83333333    0.01787955   -0.01081276   -0.05081583
  -17.75000000    0.01790453   -0.01095109   -0.05107003
  -17.66666667    0.01792948   -0.01108886   -0.05132649
  -17.58333333    0.01795438   -0.01122772   -0.05158523
  -17.50000000    0.01797923   -0.01136843   -0.05184629
  -17.41666667    0.01800404   -0.01151045   -0.05210971
  -17.33333333    0.01802879   -0.01165246   -0.05237550
  -17.25000000    0.01805347   -0.01179324   -0.05264371
  -17.16666667    0.01807809   -0.01193253   -0.05291437
  -17.08333333    0.01810264   -0.01207118   -0.05318751
  -17.00000000    0.01812711   -0.01221060   -0.05346317
  -16.91666667    0.01815150   -0.01235194   -0.05374138
  -16.83333333    0.01817579   -0.01249536   -0.05402217
  -16.75000000    0.01819999   -0.01264005   -0.05430559
  -16.66666667    0.01822408   -0.01278483   -0.05459167
  -16.58333333    0.01824806   -0.01292894   -0.05488044
  -16.50000000    0.01827192   -0.01307254   -0.05517195
  -16.41666667    0.01829565   -0.01321664   -0.05546624
  -16.33333333    0.01831925   -0.01336244   -0.05576334
  -16.25000000    0.01834271   -0.01351061   -0.05606331
  -16.16666667    0.01836602   -0.01366093   -0.05636617
  -16.08333333    0.01838916   -0.01381245   -0.05667196
  -16.00000000    0.01841214   -0.01396422   -0.05698075
  -15.91666667    0.01843493   -0.01411587   -0.05729256
  -15.83333333    0.01845754   -0.01426789   -0.05760745
  -15.75000000    0.01847995   -0.01442132   -0.05792545
  -15.66666667    0.01850215   -0.01457713   -0.05824662
  -15.58333333    0.01852413   -0.01473558   -0.05857100
  -15.50000000    0.01854588   -0.01489616   -0.05889865
  -15.41666667    0.01856739   -0.01505794   -0.05922960
  -15.33333333    0.01858864   -0.01522021   -0.05956392
  -15.25000000    0.01860962   -0.01538296   -0.05990165
  -15.16666667    0.01863032   -0.01554691   -0.06024285
  -15.08333333    0.01865072   -0.01571306   -0.06058757
  -15.00000000    0.01867082   -0.01588208   -0.06093586
  -14.91666667    0.01869059   -0.01605392   -0.06128779
  -14.83333333    0.01871002   -0.01622787   -0.06164340
  -14.75000000    0.01872910   -0.01640310   -0.06200277
  -14.66666667    0.01874781   -0.01657918   -0.06236593
  -14.58333333    0.01876612   -0.01675642   -0.06273298
  -14.50000000    0.01878403   -0.01693567   -0.06310394
  -14.41666667    0.01880152   -0.01711781   -0.06347891
  -14.33333333    0.01881857   -0.01730321   -0.06385793
  -14.25000000    0.01883515   -0.01749155   -0.06424108
  -14.16666667    0.01885125   -0.01768204   -0.06462843
  -14.08333333    0.01886684   -0.01787400   -0.06502004
  -14.00000000    0.01888191   -0.01806732   -0.06541598
  -13.91666667    0.01889643   -0.01826256   -0.06581633
  -13.83333333    0.01891037   -0.01846060   -0.06622117
  -13.75000000    0.01892372   -0.01866215   -0.06663056
  -13.66666667    0.01893644   -0.01886729   -0.06704459
  -13.58333333    0.01894851   -0.01907548   -0.06746334
  -13.50000000    0.01895991   -0.01928597   -0.06788688
  -13.41666667    0.01897060   -0.01949828   -0.06831530
  -13.33333333    0.01898055   -0.01971260   -0.06874869
  -13.25000000    0.01898973   -0.01992967   -0.06918713
  -13.16666667    0.01899812   -0.02015033   -0.06963071
  -13.08333333    0.01900567   -0.02037507   -0.07007953
  -13.00000000    0.01901235   -0.02060371   -0.07053367
  -12.91666667    0.01901813   -0.02083558   -0.07099324
  -12.83333333    0.01902296   -0.02107002   -0.07145833
  -12.75000000    0.01902682   -0.02130682   -0.07192904
  -12.66666667    0.01902965   -0.02154642   -0.07240547
  -12.58333333    0.01903141   -0.02178967   -0.07288774
  -12.50000000    0.01903207   -0.02203732   -0.07337594
  -12.41666667    0.01903157   -0.02228960   -0.07387019
  -12.33333333    0.01902987   -0.02254610   -0.07437061
  -12.25000000    0.01902692   -0.02280613   -0.07487730
  -12.16666667    0.01902266   -0.02306917   -0.07539039
  -12.08333333    0.01901705   -0.02333531   -0.07591001
  -12.00000000    0.01901002   -0.02360520   -0.07643627
  -11.91666667    0.01900151   -0.02387973   -0.07696931
  -11.83333333    0.01899147   -0.02415948   -0.07750926
  -11.75000000    0.01897984   -0.02444442   -0.07805624
  -11.66666667    0.01896654   -0.02473399   -0.07861041
  -11.58333333    0.01895150   -0.02502754   -0.07917192
  -11.50000000    0.01893466   -0.02532478   -0.07974089
  -11.41666667    0.01891594   -0.02562607   -0.08031748
  -11.33333333    0.01889526   -0.02593222   -0.08090186
  -11.25000000    0.01887254   -0.02624409   -0.08149417
  -11.16666667    0.01884769   -0.02656204   -0.08209458
  -11.08333333    0.01882063   -0.02688583   -0.08270326
  -11.00000000    0.01879126   -0.02721480   -0.08332038
  -10.91666667    0.01875948   -0.02754841   -0.08394612
  -10.83333333    0.01872520   -0.02788665   -0.08458067
  -10.75000000    0.01868831   -0.02823014   -0.08522420
  -10.66666667    0.01864869   -0.02857980   -0.08587691
  -10.58333333    0.01860624   -0.02893635   -0.08653900
  -10.50000000    0.01856083   -0.02929995   -0.08721068
  -10.41666667    0.01851233   -0.02967015   -0.08789214
  -10.33333333    0.01846062   -0.03004630   -0.08858362
  -10.25000000    0.01840556   -0.03042805   -0.08928533
  -10.16666667    0.01834699   -0.03081568   -0.08999750
  -10.08333333    0.01828478   -0.03121004   -0.09072037
  -10.00000000    0.01821876   -0.03161208   -0.09145418
   -9.91666667    0.01814877   -0.03202236   -0.09219917
   -9.83333333    0.01807463   -0.03244079   -0.09295562
   -9.75000000    0.01799617   -0.03286682   -0.09372378
   -9.66666667    0.01791319   -0.03329986   -0.09450392
   -9.58333333    0.01782550   -0.03373983   -0.09529634
   -9.50000000    0.01773288   -0.03418733   -0.09610131
   -9.41666667    0.01763513   -0.03464335   -0.09691915
   -9.33333333    0.01753200   -0.03510883   -0.09775016
   -9.25000000    0.01742327   -0.03558411   -0.09859465
   -9.16666667    0.01730867   -0.03606891   -0.09945296
   -9.08333333    0.01718795   -0.03656260   -0.10032544
   -9.00000000    0.01706083   -0.03706480   -0.10121242
   -8.91666667    0.01692701   -0.03757574   -0.10211428
   -8.83333333    0.01678619   -0.03809630   -0.10303139
   -8.75000000    0.01663805   -0.03862761   -0.10396412
   -8.66666667    0.01648226   -0.03917047   -0.10491288
   -8.58333333    0.01631845   -0.03972503   -0.10587810
   -8.50000000    0.01614626   -0.04029084   -0.10686018
   -8.41666667    0.01596529   -0.04086734   -0.10785956
   -8.33333333    0.01577514   -0.04145439   -0.10887673
   -8.25000000    0.01557536   -0.04205259   -0.10991211
   -8.16666667    0.01536550   -0.04266309   -0.11096622
   -8.08333333    0.01514508   -0.04328707   -0.11203956
   -8.00000000    0.01491360   -0.04392518   -0.11313263
   -7.91666667    0.01467052   -0.04457737   -0.11424598
   -7.83333333    0.01441528   -0.04524311   -0.11538015
   -7.75000000    0.01414729   -0.04592198   -0.11653573
   -7.66666667    0.01386592   -0.04661423   -0.11771331
   -7.58333333    0.01357052   -0.04732083   -0.11891349
   -7.50000000    0.01326039   -0.04804316   -0.12013692
   -7.41666667    0.01293480   -0.04878240   -0.12138424
   -7.33333333    0.01259298   -0.04953903   -0.12265612
   -7.25000000    0.01223411   -0.05031281   -0.12395328
   -7.16666667    0.01185733   -0.05110326   -0.12527641
   -7.08333333    0.01146173   -0.05191026   -0.12662627
   -7.00000000    0.01104634   -0.05273448   -0.12800363
   -6.91666667    0.01061016   -0.05357732   -0.12940926
   -6.83333333    0.01015211   -0.05444035   -0.13084398
   -6.75000000    0.00967105   -0.05532468   -0.13230864
   -6.66666667    0.00916577   -0.05623064   -0.13380409
   -6.58333333    0.00863502   -0.05715790   -0.13533120
   -6.50000000    0.00807744   -0.05810616   -0.13689089
   -6.41666667    0.00749161   -0.05907573   -0.13848408
   -6.33333333    0.00687603   -0.06006781   -0.14011170
   -6.25000000    0.00622909   -0.06108423   -0.14177474
   -6.16666667    0.00554911   -0.06212673   -0.14347416
   -6.08333333    0.00483430   -0.06319636   -0.14521095
   -6.00000000    0.00408277   -0.06429330   -0.14698611
   -5.91666667    0.00329251   -0.06541731   -0.14880063
   -5.83333333    0.00246139   -0.06656841   -0.15065551
   -5.75000000    0.00158716   -0.06774755   -0.15255173
   -5.66666667    0.00066743   -0.06895656   -0.15449026
   -5.58333333   -0.00030032   -0.07019772   -0.15647199
   -5.50000000   -0.00131878   -0.07147293   -0.15849784
   -5.41666667   -0.00239079   -0.07278319   -0.16056860
   -5.33333333   -0.00351934   -0.07412868   -0.16268496
   -5.25000000   -0.00470762   -0.07550942   -0.16484757
   -5.16666667   -0.00595900   -0.07692605   -0.16705686
   -5.08333333   -0.00727705   -0.07838030   -0.16931308
   -5.00000000   -0.00866554   -0.07987482   -0.17161630
   -4.91666667   -0.01012845   -0.08141238   -0.17396623
   -4.83333333   -0.01167001   -0.08299506   -0.17636225
   -4.75000000   -0.01329466   -0.08462393   -0.17880330
   -4.66666667   -0.01500712   -0.08629937   -0.18128777
   -4.58333333   -0.01681231   -0.08802196   -0.18381333
   -4.50000000   -0.01871548   -0.08979327   -0.18637690
   -4.41666667   -0.02072211   -0.09161614   -0.18897435
   -4.33333333   -0.02283796   -0.09349414   -0.19160032
   -4.25000000   -0.02506910   -0.09543068   -0.19424802
   -4.16666667   -0.02742185   -0.09742814   -0.19690877
   -4.08333333   -0.02990283   -0.09948783   -0.19957175
   -4.00000000   -0.03251897   -0.10161066   -0.20222348
   -3.91666667   -0.03527743   -0.10379817   -0.20484728
   -3.83333333   -0.03818567   -0.10605327   -0.20742259
   -3.75000000   -0.04125138   -0.10838024   -0.20992425
   -3.66666667   -0.04448247   -0.11078384   -0.21232158
   -3.58333333   -0.04788708   -0.11326819   -0.21457738
   -3.50000000   -0.05147347   -0.11583614   -0.21664674
   -3.41666667   -0.05525002   -0.11848946   -0.21847587
   -3.33333333   -0.05922519   -0.12122994   -0.22000083
   -3.25000000   -0.06340737   -0.12406049   -0.22114631
   -3.16666667   -0.06780488   -0.12698576   -0.22182477
   -3.08333333   -0.07242584   -0.13001168   -0.22193604
   -3.00000000   -0.07727803   -0.13314417   -0.22136801
   -2.91666667   -0.08236879   -0.13638794   -0.21999873
   -2.83333333   -0.08770486   -0.13974602   -0.21770094
   -2.75000000   -0.09329217   -0.14322044   -0.21434969
   -2.66666667   -0.09913570   -0.14681360   -0.20983382
   -2.58333333   -0.10523921   -0.15052951   -0.20407183
   -2.50000000   -0.11160498   -0.15437398   -0.19703185
   -2.41666667   -0.11823357   -0.15835351   -0.18875371
   -2.33333333   -0.12512348   -0.16247359   -0.17936979
   -2.25000000   -0.13227071   -0.16673727   -0.16911957
   -2.16666667   -0.13966852   -0.17114503   -0.15835102
   -2.08333333   -0.14730686   -0.17569592   -0.14750462
   -2.00000000   -0.15517188   -0.18038930   -0.13707839
   -1.91666667   -0.16324550   -0.18522582   -0.12757798
   -1.83333333   -0.17150473   -0.19020686   -0.11946211
   -1.75000000   -0.17992125   -0.19533246   -0.11309497
   -1.66666667   -0.18846072   -0.20059874   -0.10871622
   -1.58333333   -0.19708239   -0.20599629   -0.10643285
   -1.50000000   -0.20573882   -0.21151040   -0.10623146
   -1.41666667   -0.21437560   -0.21712286   -0.10800414
   -1.33333333   -0.22293163   -0.22281404   -0.11158009
   -1.25000000   -0.23133956   -0.22856339   -0.11675615
   -1.16666667   -0.23952672   -0.23434777   -0.12332175
   -1.08333333   -0.24741646   -0.24013781   -0.13107696
   -1.00000000   -0.25492998   -0.24589450   -0.13984364
   -0.91666667   -0.26198850   -0.25156798   -0.14947098
   -0.83333333   -0.26851570   -0.25709963   -0.15983715
   -0.75000000   -0.27444029   -0.26242676   -0.17084836
   -0.66666667   -0.27969860   -0.26748726   -0.18243648
   -0.58333333   -0.28423677   -0.27222149   -0.19455621
   -0.50000000   -0.28801273   -0.27657001   -0.20718193
   -0.41666667   -0.29099749   -0.28046815   -0.22030507
   -0.33333333   -0.29317590   -0.28384087   -0.23393155
   -0.25000000   -0.29454674   -0.28660210   -0.24807981
   -0.16666667   -0.29512213   -0.28866112   -0.26277916
   -0.08333333   -0.29492655   -0.28993560   -0.27806849
    0.00000000   -0.29399523   -0.29036744   -0.29399523
    0.08333333   -0.29237248   -0.28993560   -0.31061460
    0.16666667   -0.29010963   -0.28866112   -0.32798887
    0.25000000   -0.28726311   -0.28660210   -0.34618675
    0.33333333   -0.28389252   -0.28384087   -0.36528259
    0.41666667   -0.28005889   -0.28046815   -0.38535540
    0.50000000   -0.27582310   -0.27657001   -0.40648740
    0.58333333   -0.27124464   -0.27222149   -0.42876178
    0.66666667   -0.26638052   -0.26748726   -0.45225938
    0.75000000   -0.26128451   -0.26242676   -0.47705360
    0.83333333   -0.25600658   -0.25709963   -0.50320295
    0.91666667   -0.25059252   -0.25156798   -0.53073990
    1.00000000   -0.24508383   -0.24589450   -0.55965456
    1.08333333   -0.23951764   -0.24013781   -0.58987129
    1.16666667   -0.23392681   -0.23434777   -0.62121504
    1.25000000   -0.22834008   -0.22856339   -0.65336457
    1.33333333   -0.22278237   -0.22281404   -0.68578769
    1.41666667   -0.21727497   -0.21712286   -0.71765581
    1.50000000   -0.21183588   -0.21151040   -0.74773594
    1.58333333   -0.20648011   -0.20599629   -0.77426478
    1.66666667   -0.20122000   -0.20059874   -0.79482411
    1.75000000   -0.19606547   -0.19533246   -0.80625938
    1.83333333   -0.19102433   -0.19020686   -0.80471908
    1.91666667   -0.18610255   -0.18522582   -0.78592852
    2.00000000   -0.18130447   -0.18038930   -0.74581521
    2.08333333   -0.17663307   -0.17569592   -0.68152071
    2.16666667   -0.17209008   -0.17114503   -0.59261690
    2.25000000   -0.16767631   -0.16673727   -0.48206010
    2.33333333   -0.16339162   -0.16247359   -0.35627660
    2.41666667   -0.15923520   -0.15835351   -0.22406805
    2.50000000   -0.15520567   -0.15437398   -0.09466605
    2.58333333   -0.15130111   -0.15052951    0.02422043
    2.66666667   -0.14751923   -0.14681360    0.12757704
    2.75000000   -0.14385747   -0.14322044    0.21324362
    2.83333333   -0.14031298   -0.13974602    0.28134920
    2.91666667   -0.13688272   -0.13638794    0.33347647
    3.00000000   -0.13356356   -0.13314417    0.37190217
    3.08333333   -0.13035227   -0.13001168    0.39905960
    3.16666667   -0.12724553   -0.12698576    0.41722470
    3.25000000   -0.12424005   -0.12406049    0.42837201
    3.33333333   -0.12133251   -0.12122994    0.43413663
    3.41666667   -0.11851960   -0.11848946    0.43583175
    3.50000000   -0.11579809   -0.11583614    0.43449088
    3.58333333   -0.11316478   -0.11326819    0.43091628
    3.66666667   -0.11061651   -0.11078384    0.42572478
    3.75000000   -0.10815025   -0.10838024    0.41938748
    3.83333333   -0.10576299   -0.10605327    0.41226221
    3.91666667   -0.10345184   -0.10379817    0.40461964
    4.00000000   -0.10121399   -0.10161066    0.39666364
    4.08333333   -0.09904671   -0.09948783    0.38854692
    4.16666667   -0.09694738   -0.09742814    0.38038337
    4.25000000   -0.09491343   -0.09543068    0.37225697
    4.33333333   -0.09294242   -0.09349414    0.36422926
    4.41666667   -0.09103200   -0.09161614    0.35634453
    4.50000000   -0.08917987   -0.08979327    0.34863383
    4.58333333   -0.08738386   -0.08802196    0.34111840
    4.66666667   -0.08564187   -0.08629937    0.33381195
    4.75000000   -0.08395186   -0.08462393    0.32672232
    4.83333333   -0.08231189   -0.08299506    0.31985321
    4.91666667   -0.08072013   -0.08141238    0.31320512
    5.00000000   -0.07917474   -0.07987482    0.30677604
    5.08333333   -0.07767404   -0.07838030    0.30056235
    5.16666667   -0.07621639   -0.07692605    0.29455918
    5.25000000   -0.07480018   -0.07550942    0.28876068
    5.33333333   -0.07342391   -0.07412868    0.28316054
    5.41666667   -0.07208614   -0.07278319    0.27775207
    5.50000000   -0.07078546   -0.07147293    0.27252830
    5.58333333   -0.06952055   -0.07019772    0.26748230
    5.66666667   -0.06829013   -0.06895656    0.26260713
    5.75000000   -0.06709296   -0.06774755    0.25789590
    5.83333333   -0.06592787   -0.06656841    0.25334192
    5.91666667   -0.06479375   -0.06541731    0.24893871
    6.00000000   -0.06368950   -0.06429330    0.24467991
    6.08333333   -0.06261408   -0.06319636    0.24055946
    6.16666667   -0.06156651   -0.06212673    0.23657153
    6.25000000   -0.06054582   -0.06108423    0.23271047
    6.33333333   -0.05955110   -0.06006781    0.22897094
    6.41666667   -0.05858148   -0.05907573    0.22534782
    6.50000000   -0.05763611   -0.05810616    0.22183618
    6.58333333   -0.05671417   -0.05715790    0.21843136
    6.66666667   -0.05581491   -0.05623064    0.21512892
    6.75000000   -0.05493756   -0.05532468    0.21192459
    6.83333333   -0.05408140   -0.05444035    0.20881435
    6.91666667   -0.05324577   -0.05357732    0.20579437
    7.00000000   -0.05242997   -0.05273448    0.20286094
    7.08333333   -0.05163340   -0.05191026    0.20001062
    7.16666667   -0.05085543   -0.05110326    0.19724008
    7.25000000   -0.05009547   -0.05031281    0.19454616
    7.33333333   -0.04935296   -0.04953903    0.19192586
    7.41666667   -0.04862737   -0.04878240    0.18937634
    7.50000000   -0.04791815   -0.04804316    0.18689483
    7.58333333   -0.04722482   -0.04732083    0.18447877
    7.66666667   -0.04654689   -0.04661423    0.18212570
    7.75000000   -0.04588389   -0.04592198    0.17983324
    7.83333333   -0.04523536   -0.04524311    0.17759914
    7.91666667   -0.04460090   -0.04457737    0.17542130
    8.00000000   -0.04398006   -0.04392518    0.17329763
    8.08333333   -0.04337246   -0.04328707    0.17122621
    8.16666667   -0.04277770   -0.04266309    0.16920516
    8.25000000   -0.04219542   -0.04205259    0.16723274
    8.33333333   -0.04162526   -0.04145439    0.16530723
    8.41666667   -0.04106686   -0.04086734    0.16342698
    8.50000000   -0.04051989   -0.04029084    0.16159051
    8.58333333   -0.03998404   -0.03972503    0.15979629
    8.66666667   -0.03945899   -0.03917047    0.15804289
    8.75000000   -0.03894444   -0.03862761    0.15632900
    8.83333333   -0.03844009   -0.03809630    0.15465329
    8.91666667   -0.03794568   -0.03757574    0.15301451
    9.00000000   -0.03746093   -0.03706480    0.15141151
    9.08333333   -0.03698557   -0.03656260    0.14984311
    9.16666667   -0.03651936   -0.03606891    0.14830821
    9.25000000   -0.03606205   -0.03558411    0.14680579
    9.33333333   -0.03561341   -0.03510883    0.14533483
    9.41666667   -0.03517320   -0.03464335    0.14389435
    9.50000000   -0.03474122   -0.03418733    0.14248344
    9.58333333   -0.03431723   -0.03373983    0.14110121
    9.66666667   -0.03390104   -0.03329986    0.13974677
    9.75000000   -0.03349246   -0.03286682    0.13841933
    9.83333333   -0.03309127   -0.03244079    0.13711810
    9.91666667   -0.03269730   -0.03202236    0.13584229
   10.00000000   -0.03231037   -0.03161208    0.13459119
   10.08333333   -0.03193030   -0.03121004    0.13336409
   10.16666667   -0.03155692   -0.03081568    0.13216030
   10.25000000   -0.03119006   -0.03042805    0.13097918
   10.33333333   -0.03082958   -0.03004630    0.12982011
   10.41666667   -0.03047530   -0.02967015    0.12868244
   10.50000000   -0.03012708   -0.02929995    0.12756563
   10.58333333   -0.02978478   -0.02893635    0.12646910
   10.66666667   -0.02944826   -0.02857980    0.12539229
   10.75000000   -0.02911737   -0.02823014    0.12433470
   10.83333333   -0.02879199   -0.02788665    0.12329581
   10.91666667   -0.02847199   -0.02754841    0.12227512
   11.00000000   -0.02815724   -0.02721480    0.12127218
   11.08333333   -0.02784762   -0.02688583    0.12028653
   11.16666667   -0.02754301   -0.02656204    0.11931770
   11.25000000   -0.02724330   -0.02624409    0.11836531
   11.33333333   -0.02694838   -0.02593222    0.11742891
   11.41666667   -0.02665814   -0.02562607    0.11650811
   11.50000000   -0.02637248   -0.02532478    0.11560253
   11.58333333   -0.02609129   -0.02502754    0.11471181
   11.66666667   -0.02581447   -0.02473399    0.11383555
   11.75000000   -0.02554194   -0.02444442    0.11297345
   11.83333333   -0.02527359   -0.02415948    0.11212513
   11.91666667   -0.02500933   -0.02387973    0.11129028
   12.00000000   -0.02474908   -0.02360520    0.11046859
   12.08333333   -0.02449275   -0.02333531    0.10965974
   12.16666667   -0.02424025   -0.02306917    0.10886343
   12.25000000   -0.02399152   -0.02280613    0.10807939
   12.33333333   -0.02374646   -0.02254610    0.10730732
   12.41666667   -0.02350499   -0.02228960    0.10654694
   12.50000000   -0.02326706   -0.02203732    0.10579802
   12.58333333   -0.02303257   -0.02178967    0.10506028
   12.66666667   -0.02280146   -0.02154642    0.10433347
   12.75000000   -0.02257367   -0.02130682    0.10361736
   12.83333333   -0.02234912   -0.02107002    0.10291171
   12.91666667   -0.02212774   -0.02083558    0.10221629
   13.00000000   -0.02190948   -0.02060371    0.10153089
   13.08333333   -0.02169428   -0.02037507    0.10085529
   13.16666667   -0.02148206   -0.02015033    0.10018927
   13.25000000   -0.02127278   -0.01992967    0.09953265
   13.33333333   -0.02106637   -0.01971260    0.09888522
   13.41666667   -0.02086278   -0.01949828    0.09824677
   13.50000000   -0.02066195   -0.01928597    0.09761715
   13.58333333   -0.02046384   -0.01907548    0.09699617
   13.66666667   -0.02026838   -0.01886729    0.09638363
   13.75000000   -0.02007553   -0.01866215    0.09577938
   13.83333333   -0.01988524   -0.01846060    0.09518325
   13.91666667   -0.01969745   -0.01826256    0.09459506
   14.00000000   -0.01951213   -0.01806732    0.09401468
   14.08333333   -0.01932922   -0.01787400    0.09344195
   14.16666667   -0.01914869   -0.01768204    0.09287669
   14.25000000   -0.01897048   -0.01749155    0.09231880
   14.33333333   -0.01879456   -0.01730321    0.09176810
   14.41666667   -0.01862088   -0.01711781    0.09122447
   14.50000000   -0.01844940   -0.01693567    0.09068778
   14.58333333   -0.01828008   -0.01675642    0.09015788
   14.66666667   -0.01811288   -0.01657918    0.08963465
   14.75000000   -0.01794777   -0.01640310    0.08911796
   14.83333333   -0.01778471   -0.01622787    0.08860771
   14.91666667   -0.01762365   -0.01605392    0.08810375
   15.00000000   -0.01746458   -0.01588208    0.08760598
   15.08333333   -0.01730744   -0.01571306    0.08711429
   15.16666667   -0.01715221   -0.01554691    0.08662856
   15.25000000   -0.01699886   -0.01538296    0.08614869
   15.33333333   -0.01684734   -0.01522021    0.08567457
   15.41666667   -0.01669764   -0.01505794    0.08520610
   15.50000000   -0.01654971   -0.01489616    0.08474318
   15.58333333   -0.01640353   -0.01473558    0.08428570
   15.66666667   -0.01625907   -0.01457713    0.08383358
   15.75000000   -0.01611630   -0.01442132    0.08338672
   15.83333333   -0.01597520   -0.01426789    0.08294504
   15.91666667   -0.01583572   -0.01411587    0.08250842
   16.00000000   -0.01569785   -0.01396422    0.08207681
   16.08333333   -0.01556156   -0.01381245    0.08165010
   16.16666667   -0.01542683   -0.01366093    0.08122822
   16.25000000   -0.01529362   -0.01351061    0.08081107
   16.33333333   -0.01516192   -0.01336244    0.08039859
   16.41666667   -0.01503169   -0.01321664    0.07999071
   16.50000000   -0.01490292   -0.01307254    0.07958732
   16.58333333   -0.01477558   -0.01292894    0.07918837
   16.66666667   -0.01464966   -0.01278483    0.07879379
   16.75000000   -0.01452511   -0.01264005    0.07840350
   16.83333333   -0.01440193   -0.01249536    0.07801742
   16.91666667   -0.01428010   -0.01235194    0.07763551
   17.00000000   -0.01415958   -0.01221060    0.07725768
   17.08333333   -0.01404037   -0.01207118    0.07688386
   17.16666667   -0.01392244   -0.01193253    0.07651401
   17.25000000   -0.01380576   -0.01179324    0.07614805
   17.33333333   -0.01369033   -0.01165246    0.07578593
   17.41666667   -0.01357612   -0.01151045    0.07542758
   17.50000000   -0.01346312   -0.01136843    0.07507294
   17.58333333   -0.01335130   -0.01122772    0.07472196
   17.66666667   -0.01324065   -0.01108886    0.07437459
   17.75000000   -0.01313115   -0.01095109    0.07403075
   17.83333333   -0.01302278   -0.01081276    0.07369041
   17.91666667   -0.01291553   -0.01067224    0.07335352
   18.00000000   -0.01280937   -0.01052898    0.07302000
   18.08333333   -0.01270430   -0.01038383    0.07268982
   18.16666667   -0.01260030   -0.01023850    0.07236293
   18.25000000   -0.01249734   -0.01009438    0.07203928
   18.33333333   -0.01239543   -0.00995150    0.07171881
   18.41666667   -0.01229453   -0.00980823    0.07140149
   18.50000000   -0.01219464   -0.00966218    0.07108726
   18.58333333   -0.01209574   -0.00951154    0.07077609
   18.66666667   -0.01199782   -0.00935623    0.07046792
   18.75000000   -0.01190086   -0.00919799    0.07016272
   18.83333333   -0.01180485   -0.00903920    0.06986043
   18.91666667   -0.01170978   -0.00888122    0.06956103
   19.00000000   -0.01161563   -0.00872308    0.06926447
   19.08333333   -0.01152239   -0.00856165    0.06897070
   19.16666667   -0.01143005   -0.00839319    0.06867970
   19.25000000   -0.01133859   -0.00821556    0.06839141
   19.33333333   -0.01124801   -0.00802969    0.06810580
   19.41666667   -0.01115828   -0.00783930    0.06782284
   19.50000000   -0.01106941   -0.00764876    0.06754249
   19.58333333   -0.01098137   -0.00746000    0.06726470
   19.66666667   -0.01089416   -0.00727043    0.06698946
   19.75000000   -0.01080776   -0.00707305    0.06671672
   19.83333333   -0.01072216   -0.00685916    0.06644644
   19.91666667   -0.01063736   -0.00662267    0.06617861
   20.00000000   -0.01055333   -0.00636380    0.06591317
