  -20.00000000    0.04144265   -0.00433605   -0.02674845
  -19.91666667    0.04154776   -0.00467264   -0.02694584
  -19.83333333    0.04165381   -0.00490644   -0.02714499
  -19.75000000    0.04176080   -0.00504230   -0.02734594
  -19.66666667    0.04186874   -0.00511562   -0.02754871
  -19.58333333    0.04197765   -0.00517370   -0.02775333
  -19.50000000    0.04208754   -0.00525428   -0.02795982
  -19.41666667    0.04219843   -0.00537149   -0.02816822
  -19.33333333    0.04231032   -0.00551486   -0.02837853
  -19.25000000    0.04242323   -0.00566021   -0.02859080
  -19.16666667    0.04253718   -0.00578533   -0.02880505
  -19.08333333    0.04265218   -0.00588193   -0.02902130
  -19.00000000    0.04276823   -0.00595814   -0.02923960
  -18.91666667    0.04288537   -0.00603158   -0.02945996
  -18.83333333    0.04300360   -0.00611807   -0.02968241
  -18.75000000    0.04312293   -0.00622284   -0.02990700
  -18.66666667    0.04324339   -0.00633879   -0.03013374
  -18.58333333    0.04336499   -0.00645221   -0.03036266
  -18.50000000    0.04348774   -0.00655164   -0.03059381
  -18.41666667    0.04361166   -0.00663454   -0.03082721
  -18.33333333    0.04373677   -0.00670806   -0.03106289
  -18.25000000    0.04386309   -0.00678392   -0.03130090
  -18.16666667    0.04399062   -0.00687106   -0.03154126
  -18.08333333    0.04411940   -0.00697051   -0.03178401
  -18.00000000    0.04424943   -0.00707548   -0.03202920
  -17.91666667    0.04438074   -0.00717607   -0.03227684
  -17.83333333    0.04451333   -0.00726562   -0.03252699
  -17.75000000    0.04464725   -0.00734456   -0.03277967
  -17.66666667    0.04478249   -0.00741974   -0.03303494
  -17.58333333    0.04491909   -0.00749987   -0.03329283
  -17.50000000    0.04505706   -0.00759008   -0.03355337
  -17.41666667    0.04519642   -0.00768906   -0.03381663
  -17.33333333    0.04533719   -0.00779023   -0.03408262
  -17.25000000    0.04547939   -0.00788615   -0.03435140
  -17.16666667    0.04562306   -0.00797317   -0.03462302
  -17.08333333    0.04576819   -0.00805352   -0.03489751
  -17.00000000    0.04591483   -0.00813366   -0.03517494
  -16.91666667    0.04606300   -0.00822012   -0.03545533
  -16.83333333    0.04621270   -0.00831547   -0.03573875
  -16.75000000    0.04636398   -0.00841692   -0.03602524
  -16.66666667    0.04651686   -0.00851837   -0.03631485
  -16.58333333    0.04667135   -0.00861428   -0.03660763
  -16.50000000    0.04682749   -0.00870321   -0.03690364
  -16.41666667    0.04698530   -0.00878849   -0.03720293
  -16.33333333    0.04714480   -0.00887602   -0.03750556
  -16.25000000    0.04730603   -0.00897052   -0.03781158
  -16.16666667    0.04746901   -0.00907262   -0.03812105
  -16.08333333    0.04763377   -0.00917870   -0.03843403
  -16.00000000    0.04780034   -0.00928326   -0.03875059
  -15.91666667    0.04796875   -0.00938250   -0.03907078
  -15.83333333    0.04813903   -0.00947660   -0.03939467
  -15.75000000    0.04831120   -0.00956953   -0.03972231
  -15.66666667    0.04848530   -0.00966647   -0.04005379
  -15.58333333    0.04866137   -0.00977050   -0.04038917
  -15.50000000    0.04883942   -0.00988083   -0.04072851
  -15.41666667    0.04901951   -0.00999337   -0.04107189
  -15.33333333    0.04920165   -0.01010347   -0.04141939
  -15.25000000    0.04938589   -0.01020882   -0.04177108
  -15.16666667    0.04957226   -0.01031088   -0.04212702
  -15.08333333    0.04976080   -0.01041387   -0.04248732
  -15.00000000    0.04995154   -0.01052205   -0.04285204
  -14.91666667    0.05014453   -0.01063711   -0.04322126
  -14.83333333    0.05033980   -0.01075714   -0.04359509
  -14.75000000    0.05053738   -0.01087801   -0.04397359
  -14.66666667    0.05073733   -0.01099599   -0.04435686
  -14.58333333    0.05093968   -0.01111012   -0.04474500
  -14.50000000    0.05114447   -0.01122278   -0.04513809
  -14.41666667    0.05135175   -0.01133811   -0.04553623
  -14.33333333    0.05156156   -0.01145941   -0.04593953
  -14.25000000    0.05177395   -0.01158710   -0.04634808
  -14.16666667    0.05198896   -0.01171852   -0.04676199
  -14.08333333    0.05220665   -0.01184975   -0.04718138
  -14.00000000    0.05242705   -0.01197808   -0.04760633
  -13.91666667    0.05265022   -0.01210373   -0.04803698
  -13.83333333    0.05287622   -0.01222968   -0.04847344
  -13.75000000    0.05310508   -0.01235974   -0.04891582
  -13.66666667    0.05333687   -0.01249618   -0.04936425
  -13.58333333    0.05357163   -0.01263834   -0.04981887
  -13.50000000    0.05380943   -0.01278315   -0.05027979
  -13.41666667    0.05405033   -0.01292710   -0.05074715
  -13.33333333    0.05429437   -0.01306856   -0.05122110
  -13.25000000    0.05454163   -0.01320870   -0.05170176
  -13.16666667    0.05479215   -0.01335082   -0.05218929
  -13.08333333    0.05504601   -0.01349820   -0.05268385
  -13.00000000    0.05530327   -0.01365208   -0.05318557
  -12.91666667    0.05556399   -0.01381094   -0.05369462
  -12.83333333    0.05582825   -0.01397155   -0.05421118
  -12.75000000    0.05609610   -0.01413106   -0.05473539
  -12.66666667    0.05636763   -0.01428882   -0.05526745
  -12.58333333    0.05664291   -0.01444678   -0.05580753
  -12.50000000    0.05692200   -0.01460829   -0.05635581
  -12.41666667    0.05720498   -0.01477592   -0.05691249
  -12.33333333    0.05749195   -0.01494996   -0.05747776
  -12.25000000    0.05778296   -0.01512826   -0.05805183
  -12.16666667    0.05807811   -0.01530770   -0.05863490
  -12.08333333    0.05837749   -0.01548617   -0.05922720
  -12.00000000    0.05868116   -0.01566396   -0.05982894
  -11.91666667    0.05898924   -0.01584358   -0.06044035
  -11.83333333    0.05930180   -0.01602814   -0.06106169
  -11.75000000    0.05961894   -0.01621948   -0.06169319
  -11.66666667    0.05994076   -0.01641700   -0.06233510
  -11.58333333    0.06026735   -0.01661818   -0.06298770
  -11.50000000    0.06059882   -0.01682020   -0.06365124
  -11.41666667    0.06093526   -0.01702179   -0.06432602
  -11.33333333    0.06127679   -0.01722406   -0.06501234
  -11.25000000    0.06162351   -0.01742981   -0.06571047
  -11.16666667    0.06197554   -0.01764179   -0.06642075
  -11.08333333    0.06233298   -0.01786099   -0.06714349
  -11.00000000    0.06269596   -0.01808612   -0.06787903
  -10.91666667    0.06306460   -0.01831450   -0.06862772
  -10.83333333    0.06343902   -0.01854380   -0.06938992
  -10.75000000    0.06381935   -0.01877362   -0.07016599
  -10.66666667    0.06420571   -0.01900572   -0.07095633
  -10.58333333    0.06459825   -0.01924297   -0.07176135
  -10.50000000    0.06499710   -0.01948760   -0.07258144
  -10.41666667    0.06540239   -0.01973979   -0.07341705
  -10.33333333    0.06581429   -0.01999773   -0.07426864
  -10.25000000    0.06623292   -0.02025880   -0.07513666
  -10.16666667    0.06665845   -0.02052132   -0.07602159
  -10.08333333    0.06709104   -0.02078568   -0.07692396
  -10.00000000    0.06753083   -0.02105415   -0.07784427
   -9.91666667    0.06797800   -0.02132946   -0.07878307
   -9.83333333    0.06843271   -0.02161319   -0.07974095
   -9.75000000    0.06889514   -0.02190483   -0.08071847
   -9.66666667    0.06936547   -0.02220221   -0.08171625
   -9.58333333    0.06984388   -0.02250299   -0.08273495
   -9.50000000    0.07033054   -0.02280622   -0.08377522
   -9.41666667    0.07082566   -0.02311303   -0.08483776
   -9.33333333    0.07132944   -0.02342597   -0.08592332
   -9.25000000    0.07184206   -0.02374748   -0.08703261
   -9.16666667    0.07236374   -0.02407844   -0.08816645
   -9.08333333    0.07289469   -0.02441775   -0.08932567
   -9.00000000    0.07343511   -0.02476312   -0.09051110
   -8.91666667    0.07398523   -0.02511266   -0.09172366
   -8.83333333    0.07454529   -0.02546620   -0.09296431
   -8.75000000    0.07511550   -0.02582546   -0.09423399
   -8.66666667    0.07569609   -0.02619309   -0.09553374
   -8.58333333    0.07628733   -0.02657111   -0.09686466
   -8.50000000    0.07688943   -0.02695972   -0.09822783
   -8.41666667    0.07750266   -0.02735738   -0.09962445
   -8.33333333    0.07812727   -0.02776189   -0.10105575
   -8.25000000    0.07876350   -0.02817198   -0.10252301
   -8.16666667    0.07941164   -0.02858820   -0.10402757
   -8.08333333    0.08007195   -0.02901277   -0.10557087
   -8.00000000    0.08074468   -0.02944825   -0.10715435
   -7.91666667    0.08143012   -0.02989612   -0.10877958
   -7.83333333    0.08212854   -0.03035601   -0.11044818
   -7.75000000    0.08284022   -0.03082611   -0.11216185
   -7.66666667    0.08356545   -0.03130453   -0.11392237
   -7.58333333    0.08430448   -0.03179069   -0.11573160
   -7.50000000    0.08505762   -0.03228588   -0.11759151
   -7.41666667    0.08582515   -0.03279259   -0.11950413
   -7.33333333    0.08660732   -0.03331319   -0.12147160
   -7.25000000    0.08740444   -0.03384859   -0.12349617
   -7.16666667    0.08821675   -0.03439794   -0.12558018
   -7.08333333    0.08904454   -0.03495941   -0.12772606
   -7.00000000    0.08988805   -0.03553162   -0.12993639
   -6.91666667    0.09074754   -0.03611476   -0.13221382
   -6.83333333    0.09162323   -0.03671071   -0.13456110
   -6.75000000    0.09251535   -0.03732216   -0.13698112
   -6.66666667    0.09342410   -0.03795114   -0.13947686
   -6.58333333    0.09434967   -0.03859805   -0.14205138
   -6.50000000    0.09529220   -0.03926176   -0.14470787
   -6.41666667    0.09625183   -0.03994066   -0.14744955
   -6.33333333    0.09722865   -0.04063403   -0.15027972
   -6.25000000    0.09822272   -0.04134287   -0.15320174
   -6.16666667    0.09923404   -0.04206961   -0.15621896
   -6.08333333    0.10026256   -0.04281698   -0.15933467
   -6.00000000    0.10130819   -0.04358664   -0.16255215
   -5.91666667    0.10237076   -0.04437864   -0.16587447
   -5.83333333    0.10345000   -0.04519180   -0.16930447
   -5.75000000    0.10454560   -0.04602499   -0.17284474
   -5.66666667    0.10565709   -0.04687834   -0.17649733
   -5.58333333    0.10678392   -0.04775370   -0.18026365
   -5.50000000    0.10792542   -0.04865396   -0.18414437
   -5.41666667    0.10908073   -0.04958185   -0.18813899
   -5.33333333    0.11024886   -0.05053878   -0.19224563
   -5.25000000    0.11142861   -0.05152462   -0.19646067
   -5.16666667    0.11261858   -0.05253853   -0.20077818
   -5.08333333    0.11381712   -0.05358017   -0.20518934
   -5.00000000    0.11502231   -0.05465074   -0.20968188
   -4.91666667    0.11623193   -0.05575299   -0.21423903
   -4.83333333    0.11744341   -0.05689031   -0.21883855
   -4.75000000    0.11865380   -0.05806550   -0.22345167
   -4.66666667    0.11985970   -0.05927998   -0.22804143
   -4.58333333    0.12105725   -0.06053390   -0.23256122
   -4.50000000    0.12224203   -0.06182721   -0.23695304
   -4.41666667    0.12340900   -0.06316085   -0.24114541
   -4.33333333    0.12455244   -0.06453738   -0.24505152
   -4.25000000    0.12566587   -0.06596069   -0.24856753
   -4.16666667    0.12674196   -0.06743489   -0.25157106
   -4.08333333    0.12777238   -0.06896327   -0.25392079
   -4.00000000    0.12874777   -0.07054780   -0.25545738
   -3.91666667    0.12965755   -0.07218970   -0.25600631
   -3.83333333    0.13048980   -0.07389054   -0.25538374
   -3.75000000    0.13123113   -0.07565329   -0.25340576
   -3.66666667    0.13186646   -0.07748255   -0.24990167
   -3.58333333    0.13237889   -0.07938398   -0.24473108
   -3.50000000    0.13274945   -0.08136316   -0.23780386
   -3.41666667    0.13295688   -0.08342483   -0.22910068
   -3.33333333    0.13297740   -0.08557285   -0.21869082
   -3.25000000    0.13278441   -0.08781101   -0.20674336
   -3.16666667    0.13234821   -0.09014409   -0.19352749
   -3.08333333    0.13163567   -0.09257865   -0.17940028
   -3.00000000    0.13060990   -0.09512284   -0.16478198
   -2.91666667    0.12922985   -0.09778571   -0.15012193
   -2.83333333    0.12744992   -0.10057626   -0.13586125
   -2.75000000    0.12521962   -0.10350309   -0.12239865
   -2.66666667    0.12248310   -0.10657476   -0.11006414
   -2.58333333    0.11917878   -0.10980073   -0.09910438
   -2.50000000    0.11523905   -0.11319227   -0.08967954
   -2.41666667    0.11058994   -0.11676270   -0.08186931
   -2.33333333    0.10515100   -0.12052703   -0.07568560
   -2.25000000    0.09883541   -0.12450124   -0.07108809
   -2.16666667    0.09155025   -0.12870178   -0.06799998
   -2.08333333    0.08319728   -0.13314567   -0.06632238
   -2.00000000    0.07367444   -0.13785113   -0.06594605
   -1.91666667    0.06287780   -0.14283820   -0.06676042
   -1.83333333    0.05070490   -0.14812882   -0.06866002
   -1.75000000    0.03705916   -0.15374632   -0.07154874
   -1.66666667    0.02185609   -0.15971457   -0.07534229
   -1.58333333    0.00503119   -0.16605715   -0.07996956
   -1.50000000   -0.01345014   -0.17279698   -0.08537305
   -1.41666667   -0.03358057   -0.17995605   -0.09150877
   -1.33333333   -0.05529754   -0.18755435   -0.09834592
   -1.25000000   -0.07846934   -0.19560759   -0.10586643
   -1.16666667   -0.10288207   -0.20412350   -0.11406449
   -1.08333333   -0.12823007   -0.21309751   -0.12294622
   -1.00000000   -0.15411251   -0.22250885   -0.13252952
   -0.91666667   -0.18003873   -0.23231764   -0.14284404
   -0.83333333   -0.20544533   -0.24246223   -0.15393147
   -0.75000000   -0.22972512   -0.25285468   -0.16584600
   -0.66666667   -0.25226703   -0.26337248   -0.17865512
   -0.58333333   -0.27250216   -0.27384626   -0.19244065
   -0.50000000   -0.28994992   -0.28404631   -0.20730008
   -0.41666667   -0.30425680   -0.29367429   -0.22334821
   -0.33333333   -0.31522120   -0.30236769   -0.24071903
   -0.25000000   -0.32280089   -0.30972287   -0.25956777
   -0.16666667   -0.32710293   -0.31533721   -0.28007303
   -0.08333333   -0.32835934   -0.31886394   -0.30243854
    0.00000000   -0.32689413   -0.32006739   -0.32689413
    0.08333333   -0.32308744   -0.31886394   -0.35369481
    0.16666667   -0.31734208   -0.31533721   -0.38311619
    0.25000000   -0.31005583   -0.30972287   -0.41544317
    0.33333333   -0.30160093   -0.30236769   -0.45094664
    0.41666667   -0.29231108   -0.29367429   -0.48983939
    0.50000000   -0.28247473   -0.28404631   -0.53219691
    0.58333333   -0.27233340   -0.27384626   -0.57782044
    0.66666667   -0.26208349   -0.26337248   -0.62600976
    0.75000000   -0.25188028   -0.25285468   -0.67520443
    0.83333333   -0.24184293   -0.24246223   -0.72246292
    0.91666667   -0.23205995   -0.23231764   -0.76281089
    1.00000000   -0.22259445   -0.22250885   -0.78867742
    1.08333333   -0.21348894   -0.21309751   -0.79000217
    1.16666667   -0.20476961   -0.20412350   -0.75598888
    1.25000000   -0.19644990   -0.19560759   -0.67921127
    1.33333333   -0.18853356   -0.18755435   -0.56087645
    1.41666667   -0.18101706   -0.17995605   -0.41333249
    1.50000000   -0.17389156   -0.17279698   -0.25636839
    1.58333333   -0.16714453   -0.16605715   -0.10923658
    1.66666667   -0.16076092   -0.15971457    0.01563430
    1.75000000   -0.15472408   -0.15374632    0.11387818
    1.83333333   -0.14901653   -0.14812882    0.18685164
    1.91666667   -0.14362049   -0.14283820    0.23862021
    2.00000000   -0.13851822   -0.13785113    0.27383712
    2.08333333   -0.13369236   -0.13314567    0.29668926
    2.16666667   -0.12912609   -0.12870178    0.31055240
    2.25000000   -0.12480332   -0.12450124    0.31799436
    2.33333333   -0.12070870   -0.12052703    0.32090679
    2.41666667   -0.11682768   -0.11676270    0.32065872
    2.50000000   -0.11314660   -0.11319227    0.31823170
    2.58333333   -0.10965260   -0.10980073    0.31432625
    2.66666667   -0.10633364   -0.10657476    0.30944124
    2.75000000   -0.10317849   -0.10350309    0.30393156
    2.83333333   -0.10017664   -0.10057626    0.29804934
    2.91666667   -0.09731832   -0.09778571    0.29197331
    3.00000000   -0.09459445   -0.09512284    0.28582971
    3.08333333   -0.09199657   -0.09257865    0.27970698
    3.16666667   -0.08951680   -0.09014409    0.27366642
    3.25000000   -0.08714786   -0.08781101    0.26774981
    3.33333333   -0.08488296   -0.08557285    0.26198471
    3.41666667   -0.08271578   -0.08342483    0.25638847
    3.50000000   -0.08064048   -0.08136316    0.25097114
    3.58333333   -0.07865161   -0.07938398    0.24573740
    3.66666667   -0.07674410   -0.07748255    0.24068818
    3.75000000   -0.07491325   -0.07565329    0.23582177
    3.83333333   -0.07315468   -0.07389054    0.23113456
    3.91666667   -0.07146431   -0.07218970    0.22662169
    4.00000000   -0.06983836   -0.07054780    0.22227750
    4.08333333   -0.06827326   -0.06896327    0.21809579
    4.16666667   -0.06676574   -0.06743489    0.21407014
    4.25000000   -0.06531269   -0.06596069    0.21019396
    4.33333333   -0.06391126   -0.06453738    0.20646075
    4.41666667   -0.06255877   -0.06316085    0.20286409
    4.50000000   -0.06125268   -0.06182721    0.19939771
    4.58333333   -0.05999066   -0.06053390    0.19605556
    4.66666667   -0.05877052   -0.05927998    0.19283186
    4.75000000   -0.05759018   -0.05806550    0.18972101
    4.83333333   -0.05644772   -0.05689031    0.18671770
    4.91666667   -0.05534132   -0.05575299    0.18381690
    5.00000000   -0.05426928   -0.05465074    0.18101377
    5.08333333   -0.05323000   -0.05358017    0.17830377
    5.16666667   -0.05222199   -0.05253853    0.17568259
    5.25000000   -0.05124382   -0.05152462    0.17314610
    5.33333333   -0.05029416   -0.05053878    0.17069046
    5.41666667   -0.04937177   -0.04958185    0.16831200
    5.50000000   -0.04847544   -0.04865396    0.16600725
    5.58333333   -0.04760407   -0.04775370    0.16377292
    5.66666667   -0.04675662   -0.04687834    0.16160593
    5.75000000   -0.04593206   -0.04602499    0.15950333
    5.83333333   -0.04512947   -0.04519180    0.15746234
    5.91666667   -0.04434797   -0.04437864    0.15548036
    6.00000000   -0.04358669   -0.04358664    0.15355488
    6.08333333   -0.04284484   -0.04281698    0.15168354
    6.16666667   -0.04212168   -0.04206961    0.14986413
    6.25000000   -0.04141646   -0.04134287    0.14809452
    6.33333333   -0.04072853   -0.04063403    0.14637270
    6.41666667   -0.04005722   -0.03994066    0.14469678
    6.50000000   -0.03940192   -0.03926176    0.14306494
    6.58333333   -0.03876205   -0.03859805    0.14147547
    6.66666667   -0.03813705   -0.03795114    0.13992676
    6.75000000   -0.03752639   -0.03732216    0.13841723
    6.83333333   -0.03692957   -0.03671071    0.13694543
    6.91666667   -0.03634610   -0.03611476    0.13550995
    7.00000000   -0.03577553   -0.03553162    0.13410946
    7.08333333   -0.03521741   -0.03495941    0.13274269
    7.16666667   -0.03467133   -0.03439794    0.13140843
    7.25000000   -0.03413690   -0.03384859    0.13010552
    7.33333333   -0.03361372   -0.03331319    0.12883287
    7.41666667   -0.03310144   -0.03279259    0.12758943
    7.50000000   -0.03259971   -0.03228588    0.12637419
    7.58333333   -0.03210818   -0.03179069    0.12518620
    7.66666667   -0.03162656   -0.03130453    0.12402454
    7.75000000   -0.03115451   -0.03082611    0.12288835
    7.83333333   -0.03069176   -0.03035601    0.12177677
    7.91666667   -0.03023803   -0.02989612    0.12068903
    8.00000000   -0.02979303   -0.02944825    0.11962433
    8.08333333   -0.02935652   -0.02901277    0.11858197
    8.16666667   -0.02892825   -0.02858820    0.11756122
    8.25000000   -0.02850797   -0.02817198    0.11656144
    8.33333333   -0.02809546   -0.02776189    0.11558195
    8.41666667   -0.02769049   -0.02735738    0.11462214
    8.50000000   -0.02729286   -0.02695972    0.11368143
    8.58333333   -0.02690236   -0.02657111    0.11275924
    8.66666667   -0.02651879   -0.02619309    0.11185500
    8.75000000   -0.02614197   -0.02582546    0.11096823
    8.83333333   -0.02577172   -0.02546620    0.11009839
    8.91666667   -0.02540784   -0.02511266    0.10924499
    9.00000000   -0.02505019   -0.02476312    0.10840759
    9.08333333   -0.02469860   -0.02441775    0.10758572
    9.16666667   -0.02435289   -0.02407844    0.10677894
    9.25000000   -0.02401294   -0.02374748    0.10598685
    9.33333333   -0.02367859   -0.02342597    0.10520904
    9.41666667   -0.02334970   -0.02311303    0.10444511
    9.50000000   -0.02302613   -0.02280622    0.10369471
    9.58333333   -0.02270775   -0.02250299    0.10295746
    9.66666667   -0.02239443   -0.02220221    0.10223302
    9.75000000   -0.02208605   -0.02190483    0.10152106
    9.83333333   -0.02178250   -0.02161319    0.10082125
    9.91666667   -0.02148364   -0.02132946    0.10013327
   10.00000000   -0.02118938   -0.02105415    0.09945684
   10.08333333   -0.02089961   -0.02078568    0.09879165
   10.16666667   -0.02061422   -0.02052132    0.09813742
   10.25000000   -0.02033310   -0.02025880    0.09749388
   10.33333333   -0.02005617   -0.01999773    0.09686077
   10.41666667   -0.01978333   -0.01973979    0.09623783
   10.50000000   -0.01951448   -0.01948760    0.09562482
   10.58333333   -0.01924953   -0.01924297    0.09502150
   10.66666667   -0.01898841   -0.01900572    0.09442763
   10.75000000   -0.01873102   -0.01877362    0.09384300
   10.83333333   -0.01847728   -0.01854380    0.09326739
   10.91666667   -0.01822711   -0.01831450    0.09270058
   11.00000000   -0.01798045   -0.01808612    0.09214238
   11.08333333   -0.01773720   -0.01786099    0.09159258
   11.16666667   -0.01749731   -0.01764179    0.09105100
   11.25000000   -0.01726070   -0.01742981    0.09051745
   11.33333333   -0.01702729   -0.01722406    0.08999176
   11.41666667   -0.01679704   -0.01702179    0.08947373
   11.50000000   -0.01656986   -0.01682020    0.08896322
   11.58333333   -0.01634570   -0.01661818    0.08846006
   11.66666667   -0.01612450   -0.01641700    0.08796407
   11.75000000   -0.01590620   -0.01621948    0.08747512
   11.83333333   -0.01569074   -0.01602814    0.08699305
   11.91666667   -0.01547806   -0.01584358    0.08651771
   12.00000000   -0.01526811   -0.01566396    0.08604896
   12.08333333   -0.01506083   -0.01548617    0.08558667
   12.16666667   -0.01485618   -0.01530770    0.08513070
   12.25000000   -0.01465410   -0.01512826    0.08468092
   12.33333333   -0.01445455   -0.01494996    0.08423720
   12.41666667   -0.01425747   -0.01477592    0.08379942
   12.50000000   -0.01406283   -0.01460829    0.08336746
   12.58333333   -0.01387057   -0.01444678    0.08294121
   12.66666667   -0.01368064   -0.01428882    0.08252054
   12.75000000   -0.01349302   -0.01413106    0.08210536
   12.83333333   -0.01330765   -0.01397155    0.08169554
   12.91666667   -0.01312449   -0.01381094    0.08129099
   13.00000000   -0.01294350   -0.01365208    0.08089161
   13.08333333   -0.01276465   -0.01349820    0.08049730
   13.16666667   -0.01258790   -0.01335082    0.08010795
   13.25000000   -0.01241320   -0.01320870    0.07972348
   13.33333333   -0.01224053   -0.01306856    0.07934379
   13.41666667   -0.01206985   -0.01292710    0.07896878
   13.50000000   -0.01190111   -0.01278315    0.07859839
   13.58333333   -0.01173430   -0.01263834    0.07823252
   13.66666667   -0.01156937   -0.01249618    0.07787108
   13.75000000   -0.01140630   -0.01235974    0.07751400
   13.83333333   -0.01124504   -0.01222968    0.07716120
   13.91666667   -0.01108558   -0.01210373    0.07681259
   14.00000000   -0.01092788   -0.01197808    0.07646811
   14.08333333   -0.01077191   -0.01184975    0.07612769
   14.16666667   -0.01061764   -0.01171852    0.07579123
   14.25000000   -0.01046505   -0.01158710    0.07545869
   14.33333333   -0.01031410   -0.01145941    0.07512999
   14.41666667   -0.01016477   -0.01133811    0.07480506
   14.50000000   -0.01001704   -0.01122278    0.07448384
   14.58333333   -0.00987088   -0.01111012    0.07416627
   14.66666667   -0.00972626   -0.01099599    0.07385227
   14.75000000   -0.00958315   -0.01087801    0.07354180
   14.83333333   -0.00944155   -0.01075714    0.07323479
   14.91666667   -0.00930141   -0.01063711    0.07293118
   15.00000000   -0.00916272   -0.01052205    0.07263092
   15.08333333   -0.00902545   -0.01041387    0.07233396
   15.16666667   -0.00888959   -0.01031088    0.07204022
   15.25000000   -0.00875511   -0.01020882    0.07174968
   15.33333333   -0.00862199   -0.01010347    0.07146226
   15.41666667   -0.00849021   -0.00999337    0.07117792
   15.50000000   -0.00835975   -0.00988083    0.07089662
   15.58333333   -0.00823058   -0.00977050    0.07061830
   15.66666667   -0.00810270   -0.00966647    0.07034291
   15.75000000   -0.00797608   -0.00956953    0.07007041
   15.83333333   -0.00785070   -0.00947660    0.06980076
   15.91666667   -0.00772654   -0.00938250    0.06953390
   16.00000000   -0.00760358   -0.00928326    0.06926980
   16.08333333   -0.00748182   -0.00917870    0.06900840
   16.16666667   -0.00736123   -0.00907262    0.06874968
   16.25000000   -0.00724178   -0.00897052    0.06849359
   16.33333333   -0.00712348   -0.00887602    0.06824008
   16.41666667   -0.00700630   -0.00878849    0.06798913
   16.50000000   -0.00689021   -0.00870321    0.06774068
   16.58333333   -0.00677522   -0.00861428    0.06749470
   16.66666667   -0.00666131   -0.00851837    0.06725117
   16.75000000   -0.00654845   -0.00841692    0.06701003
   16.83333333   -0.00643663   -0.00831547    0.06677125
   16.91666667   -0.00632584   -0.00822012    0.06653481
   17.00000000   -0.00621607   -0.00813366    0.06630065
   17.08333333   -0.00610730   -0.00805352    0.06606876
   17.16666667   -0.00599951   -0.00797317    0.06583910
   17.25000000   -0.00589270   -0.00788615    0.06561163
   17.33333333   -0.00578685   -0.00779023    0.06538633
   17.41666667   -0.00568195   -0.00768906    0.06516316
   17.50000000   -0.00557798   -0.00759008    0.06494209
   17.58333333   -0.00547493   -0.00749987    0.06472310
   17.66666667   -0.00537279   -0.00741974    0.06450615
   17.75000000   -0.00527155   -0.00734456    0.06429122
   17.83333333   -0.00517120   -0.00726562    0.06407827
   17.91666667   -0.00507172   -0.00717607    0.06386728
   18.00000000   -0.00497310   -0.00707548    0.06365822
   18.08333333   -0.00487533   -0.00697051    0.06345107
   18.16666667   -0.00477840   -0.00687106    0.06324580
   18.25000000   -0.00468231   -0.00678392    0.06304239
   18.33333333   -0.00458703   -0.00670806    0.06284080
   18.41666667   -0.00449256   -0.00663454    0.06264101
   18.50000000   -0.00439888   -0.00655164    0.06244301
   18.58333333   -0.00430600   -0.00645221    0.06224676
   18.66666667   -0.00421389   -0.00633879    0.06205224
   18.75000000   -0.00412255   -0.00622284    0.06185943
   18.83333333   -0.00403197   -0.00611807    0.06166831
   18.91666667   -0.00394214   -0.00603158    0.06147886
   19.00000000   -0.00385304   -0.00595814    0.06129104
   19.08333333   -0.00376468   -0.00588193    0.06110485
   19.16666667   -0.00367704   -0.00578533    0.06092026
   19.25000000   -0.00359011   -0.00566021    0.06073724
   19.33333333   -0.00350389   -0.00551486    0.06055579
   19.41666667   -0.00341836   -0.00537149    0.06037588
   19.50000000   -0.00333352   -0.00525428    0.06019748
   19.58333333   -0.00324935   -0.00517370    0.06002059
   19.66666667   -0.00316586   -0.00511562    0.05984518
   19.75000000   -0.00308303   -0.00504230    0.05967123
   19.83333333   -0.00300085   -0.00490644    0.05949872
   19.91666667   -0.00291932   -0.00467264    0.05932764
   20.00000000   -0.00283843   -0.00433605    0.05915797
