  -20.00000000   -0.05038840   -0.00061627   -0.08394053
  -19.91666667   -0.05054197   -0.00055878   -0.08417917
  -19.83333333   -0.05069711   -0.00050483   -0.08441968
  -19.75000000   -0.05085387   -0.00045755   -0.08466210
  -19.66666667   -0.05101226   -0.00042013   -0.08490645
  -19.58333333   -0.05117230   -0.00039465   -0.08515273
  -19.50000000   -0.05133402   -0.00038123   -0.08540098
  -19.41666667   -0.05149745   -0.00037779   -0.08565124
  -19.33333333   -0.05166260   -0.00038090   -0.08590350
  -19.25000000   -0.05182952   -0.00038705   -0.08615781
  -19.16666667   -0.05199821   -0.00039393   -0.08641419
  -19.08333333   -0.05216872   -0.00040090   -0.08667266
  -19.00000000   -0.05234107   -0.00040876   -0.08693326
  -18.91666667   -0.05251529   -0.00041868   -0.08719600
  -18.83333333   -0.05269140   -0.00043131   -0.08746091
  -18.75000000   -0.05286944   -0.00044623   -0.08772803
  -18.66666667   -0.05304944   -0.00046219   -0.08799738
  -18.58333333   -0.05323142   -0.00047785   -0.08826898
  -18.50000000   -0.05341542   -0.00049246   -0.08854287
  -18.41666667   -0.05360148   -0.00050620   -0.08881908
  -18.33333333   -0.05378961   -0.00051994   -0.08909763
  -18.25000000   -0.05397987   -0.00053457   -0.08937857
  -18.16666667   -0.05417227   -0.00055041   -0.08966191
  -18.08333333   -0.05436686   -0.00056704   -0.08994769
  -18.00000000   -0.05456367   -0.00058357   -0.09023595
  -17.91666667   -0.05476273   -0.00059922   -0.09052671
  -17.83333333   -0.05496409   -0.00061379   -0.09082000
  -17.75000000   -0.05516779   -0.00062771   -0.09111588
  -17.66666667   -0.05537385   -0.00064177   -0.09141436
  -17.58333333   -0.05558232   -0.00065657   -0.09171547
  -17.50000000   -0.05579324   -0.00067213   -0.09201928
  -17.41666667   -0.05600665   -0.00068792   -0.09232579
  -17.33333333   -0.05622259   -0.00070322   -0.09263506
  -17.25000000   -0.05644111   -0.00071757   -0.09294712
  -17.16666667   -0.05666225   -0.00073107   -0.09326201
  -17.08333333   -0.05688604   -0.00074429   -0.09357976
  -17.00000000   -0.05711255   -0.00075787   -0.09390042
  -16.91666667   -0.05734182   -0.00077215   -0.09422404
  -16.83333333   -0.05757388   -0.00078692   -0.09455064
  -16.75000000   -0.05780880   -0.00080160   -0.09488028
  -16.66666667   -0.05804662   -0.00081561   -0.09521300
  -16.58333333   -0.05828739   -0.00082875   -0.09554884
  -16.50000000   -0.05853116   -0.00084133   -0.09588785
  -16.41666667   -0.05877799   -0.00085394   -0.09623007
  -16.33333333   -0.05902793   -0.00086710   -0.09657554
  -16.25000000   -0.05928104   -0.00088088   -0.09692433
  -16.16666667   -0.05953737   -0.00089492   -0.09727647
  -16.08333333   -0.05979698   -0.00090862   -0.09763201
  -16.00000000   -0.06005993   -0.00092159   -0.09799102
  -15.91666667   -0.06032628   -0.00093384   -0.09835353
  -15.83333333   -0.06059610   -0.00094582   -0.09871961
  -15.75000000   -0.06086944   -0.00095810   -0.09908930
  -15.66666667   -0.06114636   -0.00097100   -0.09946266
  -15.58333333   -0.06142695   -0.00098440   -0.09983975
  -15.50000000   -0.06171127   -0.00099784   -0.10022062
  -15.41666667   -0.06199937   -0.00101076   -0.10060533
  -15.33333333   -0.06229135   -0.00102295   -0.10099395
  -15.25000000   -0.06258726   -0.00103462   -0.10138653
  -15.16666667   -0.06288719   -0.00104628   -0.10178314
  -15.08333333   -0.06319120   -0.00105843   -0.10218384
  -15.00000000   -0.06349938   -0.00107122   -0.10258869
  -14.91666667   -0.06381181   -0.00108434   -0.10299777
  -14.83333333   -0.06412858   -0.00109726   -0.10341114
  -14.75000000   -0.06444975   -0.00110956   -0.10382886
  -14.66666667   -0.06477542   -0.00112118   -0.10425102
  -14.58333333   -0.06510568   -0.00113250   -0.10467769
  -14.50000000   -0.06544061   -0.00114406   -0.10510893
  -14.41666667   -0.06578032   -0.00115623   -0.10554482
  -14.33333333   -0.06612489   -0.00116895   -0.10598546
  -14.25000000   -0.06647442   -0.00118181   -0.10643090
  -14.16666667   -0.06682901   -0.00119427   -0.10688123
  -14.08333333   -0.06718876   -0.00120604   -0.10733655
  -14.00000000   -0.06755378   -0.00121725   -0.10779692
  -13.91666667   -0.06792417   -0.00122838   -0.10826244
  -13.83333333   -0.06830004   -0.00123995   -0.10873321
  -13.75000000   -0.06868151   -0.00125216   -0.10920931
  -13.66666667   -0.06906869   -0.00126480   -0.10969083
  -13.58333333   -0.06946170   -0.00127734   -0.11017787
  -13.50000000   -0.06986065   -0.00128931   -0.11067053
  -13.41666667   -0.07026568   -0.00130059   -0.11116891
  -13.33333333   -0.07067691   -0.00131146   -0.11167312
  -13.25000000   -0.07109447   -0.00132248   -0.11218326
  -13.16666667   -0.07151849   -0.00133407   -0.11269943
  -13.08333333   -0.07194913   -0.00134626   -0.11322176
  -13.00000000   -0.07238649   -0.00135868   -0.11375035
  -12.91666667   -0.07283075   -0.00137077   -0.11428532
  -12.83333333   -0.07328205   -0.00138216   -0.11482679
  -12.75000000   -0.07374053   -0.00139290   -0.11537489
  -12.66666667   -0.07420636   -0.00140342   -0.11592973
  -12.58333333   -0.07467969   -0.00141427   -0.11649147
  -12.50000000   -0.07516070   -0.00142576   -0.11706021
  -12.41666667   -0.07564953   -0.00143773   -0.11763610
  -12.33333333   -0.07614639   -0.00144969   -0.11821929
  -12.25000000   -0.07665143   -0.00146109   -0.11880991
  -12.16666667   -0.07716484   -0.00147171   -0.11940812
  -12.08333333   -0.07768682   -0.00148176   -0.12001407
  -12.00000000   -0.07821755   -0.00149178   -0.12062791
  -11.91666667   -0.07875722   -0.00150228   -0.12124980
  -11.83333333   -0.07930605   -0.00151338   -0.12187992
  -11.75000000   -0.07986424   -0.00152478   -0.12251843
  -11.66666667   -0.08043201   -0.00153588   -0.12316550
  -11.58333333   -0.08100957   -0.00154621   -0.12382133
  -11.50000000   -0.08159715   -0.00155571   -0.12448608
  -11.41666667   -0.08219499   -0.00156477   -0.12515996
  -11.33333333   -0.08280332   -0.00157397   -0.12584317
  -11.25000000   -0.08342237   -0.00158370   -0.12653589
  -11.16666667   -0.08405242   -0.00159393   -0.12723835
  -11.08333333   -0.08469371   -0.00160417   -0.12795076
  -11.00000000   -0.08534650   -0.00161381   -0.12867334
  -10.91666667   -0.08601108   -0.00162248   -0.12940632
  -10.83333333   -0.08668772   -0.00163032   -0.13014994
  -10.75000000   -0.08737669   -0.00163783   -0.13090443
  -10.66666667   -0.08807831   -0.00164560   -0.13167005
  -10.58333333   -0.08879287   -0.00165388   -0.13244706
  -10.50000000   -0.08952068   -0.00166243   -0.13323573
  -10.41666667   -0.09026206   -0.00167063   -0.13403633
  -10.33333333   -0.09101734   -0.00167789   -0.13484916
  -10.25000000   -0.09178685   -0.00168401   -0.13567450
  -10.16666667   -0.09257093   -0.00168929   -0.13651266
  -10.08333333   -0.09336995   -0.00169434   -0.13736396
  -10.00000000   -0.09418425   -0.00169969   -0.13822872
   -9.91666667   -0.09501421   -0.00170538   -0.13910727
   -9.83333333   -0.09586023   -0.00171098   -0.13999999
   -9.75000000   -0.09672267   -0.00171579   -0.14090721
   -9.66666667   -0.09760195   -0.00171929   -0.14182931
   -9.58333333   -0.09849848   -0.00172146   -0.14276670
   -9.50000000   -0.09941266   -0.00172278   -0.14371976
   -9.41666667   -0.10034494   -0.00172390   -0.14468892
   -9.33333333   -0.10129577   -0.00172520   -0.14567462
   -9.25000000   -0.10226558   -0.00172651   -0.14667728
   -9.16666667   -0.10325484   -0.00172722   -0.14769739
   -9.08333333   -0.10426403   -0.00172658   -0.14873545
   -9.00000000   -0.10529361   -0.00172421   -0.14979192
   -8.91666667   -0.10634409   -0.00172028   -0.15086735
   -8.83333333   -0.10741599   -0.00171541   -0.15196230
   -8.75000000   -0.10850978   -0.00171021   -0.15307730
   -8.66666667   -0.10962602   -0.00170488   -0.15421296
   -8.58333333   -0.11076524   -0.00169900   -0.15536990
   -8.50000000   -0.11192796   -0.00169180   -0.15654874
   -8.41666667   -0.11311474   -0.00168254   -0.15775015
   -8.33333333   -0.11432617   -0.00167103   -0.15897485
   -8.25000000   -0.11556277   -0.00165761   -0.16022352
   -8.16666667   -0.11682515   -0.00164299   -0.16149695
   -8.08333333   -0.11811390   -0.00162767   -0.16279593
   -8.00000000   -0.11942958   -0.00161159   -0.16412125
   -7.91666667   -0.12077280   -0.00159409   -0.16547381
   -7.83333333   -0.12214416   -0.00157426   -0.16685449
   -7.75000000   -0.12354426   -0.00155144   -0.16826425
   -7.66666667   -0.12497370   -0.00152561   -0.16970407
   -7.58333333   -0.12643307   -0.00149730   -0.17117497
   -7.50000000   -0.12792300   -0.00146721   -0.17267806
   -7.41666667   -0.12944406   -0.00143564   -0.17421447
   -7.33333333   -0.13099683   -0.00140223   -0.17578538
   -7.25000000   -0.13258192   -0.00136603   -0.17739207
   -7.16666667   -0.13419988   -0.00132607   -0.17903584
   -7.08333333   -0.13585125   -0.00128178   -0.18071808
   -7.00000000   -0.13753658   -0.00123335   -0.18244027
   -6.91666667   -0.13925637   -0.00118140   -0.18420392
   -6.83333333   -0.14101108   -0.00112653   -0.18601066
   -6.75000000   -0.14280119   -0.00106874   -0.18786221
   -6.66666667   -0.14462709   -0.00100728   -0.18976037
   -6.58333333   -0.14648913   -0.00094094   -0.19170703
   -6.50000000   -0.14838763   -0.00086868   -0.19370423
   -6.41666667   -0.15032284   -0.00079008   -0.19575408
   -6.33333333   -0.15229493   -0.00070545   -0.19785885
   -6.25000000   -0.15430402   -0.00061544   -0.20002094
   -6.16666667   -0.15635011   -0.00052039   -0.20224288
   -6.08333333   -0.15843311   -0.00041985   -0.20452734
   -6.00000000   -0.16055285   -0.00031263   -0.20687723
   -5.91666667   -0.16270898   -0.00019722   -0.20929558
   -5.83333333   -0.16490103   -0.00007252   -0.21178560
   -5.75000000   -0.16712842    0.00006180   -0.21435079
   -5.66666667   -0.16939034    0.00020536   -0.21699481
   -5.58333333   -0.17168579    0.00035769   -0.21972159
   -5.50000000   -0.17401360    0.00051891   -0.22253536
   -5.41666667   -0.17637232    0.00069008   -0.22544060
   -5.33333333   -0.17876024    0.00087298   -0.22844212
   -5.25000000   -0.18117541    0.00106948   -0.23154511
   -5.16666667   -0.18361552    0.00128081   -0.23475509
   -5.08333333   -0.18607791    0.00150729   -0.23807800
   -5.00000000   -0.18855958    0.00174870   -0.24152027
   -4.91666667   -0.19105707    0.00200503   -0.24508877
   -4.83333333   -0.19356647    0.00227717   -0.24879090
   -4.75000000   -0.19608343    0.00256707   -0.25263470
   -4.66666667   -0.19860299    0.00287733   -0.25662877
   -4.58333333   -0.20111962    0.00321033   -0.26078240
   -4.50000000   -0.20362719    0.00356759   -0.26510571
   -4.41666667   -0.20611885    0.00394973   -0.26960956
   -4.33333333   -0.20858698    0.00435706   -0.27430568
   -4.25000000   -0.21102321    0.00479048   -0.27920684
   -4.16666667   -0.21341826    0.00525214   -0.28432675
   -4.08333333   -0.21576191    0.00574538   -0.28968023
   -4.00000000   -0.21804298    0.00627397   -0.29528334
   -3.91666667   -0.22024916    0.00684118   -0.30115324
   -3.83333333   -0.22236701    0.00744924   -0.30730841
   -3.75000000   -0.22438186    0.00809954   -0.31376851
   -3.66666667   -0.22627770    0.00879356   -0.32055438
   -3.58333333   -0.22803715    0.00953392   -0.32768788
   -3.50000000   -0.22964129    0.01032482   -0.33519151
   -3.41666667   -0.23106966    0.01117169   -0.34308797
   -3.33333333   -0.23230010    0.01208015   -0.35139928
   -3.25000000   -0.23330867    0.01305494   -0.36014534
   -3.16666667   -0.23406956    0.01409962   -0.36934195
   -3.08333333   -0.23455502    0.01521717   -0.37899746
   -3.00000000   -0.23473519    0.01641117   -0.38910760
   -2.91666667   -0.23457809    0.01768694   -0.39964787
   -2.83333333   -0.23404952    0.01905173   -0.41056129
   -2.75000000   -0.23311297    0.02051387   -0.42173951
   -2.66666667   -0.23172960    0.02208136   -0.43299337
   -2.58333333   -0.22985822    0.02376082   -0.44400619
   -2.50000000   -0.22745534    0.02555737   -0.45425943
   -2.41666667   -0.22447526    0.02747576   -0.46291427
   -2.33333333   -0.22087024    0.02952184   -0.46862153
   -2.25000000   -0.21659087    0.03170354   -0.46921992
   -2.16666667   -0.21158644    0.03403057   -0.46126850
   -2.08333333   -0.20580566    0.03651275   -0.43936596
   -2.00000000   -0.19919764    0.03915809   -0.39530611
   -1.91666667   -0.19171297    0.04197152   -0.31748695
   -1.83333333   -0.18330555    0.04495515   -0.19197905
   -1.75000000   -0.17393454    0.04810979   -0.00826981
   -1.66666667   -0.16356709    0.05143662    0.22763196
   -1.58333333   -0.15218149    0.05493754    0.47951776
   -1.50000000   -0.13977092    0.05861366    0.68896742
   -1.41666667   -0.12634783    0.06246220    0.81203920
   -1.33333333   -0.11194855    0.06647340    0.84566452
   -1.25000000   -0.09663799    0.07062898    0.81584206
   -1.16666667   -0.08051420    0.07490294    0.75255556
   -1.08333333   -0.06371190    0.07926407    0.67707034
   -1.00000000   -0.04640433    0.08367801    0.60116074
   -0.91666667   -0.02880309    0.08810709    0.53023170
   -0.83333333   -0.01115458    0.09250711    0.46619545
   -0.75000000    0.00626689    0.09682231    0.40927323
   -0.66666667    0.02316972    0.10098153    0.35896073
   -0.58333333    0.03925880    0.10489865    0.31450344
   -0.50000000    0.05425144    0.10847900    0.27511456
   -0.41666667    0.06789391    0.11163049    0.24006549
   -0.33333333    0.07997658    0.11427573    0.20871665
   -0.25000000    0.09034594    0.11636070    0.18052106
   -0.16666667    0.09891185    0.11785641    0.15501700
   -0.08333333    0.10564954    0.11875336    0.13181693
    0.00000000    0.11059616    0.11905192    0.11059616
    0.08333333    0.11384292    0.11875336    0.09108248
    0.16666667    0.11552409    0.11785641    0.07304722
    0.25000000    0.11580447    0.11636070    0.05629784
    0.33333333    0.11486688    0.11427573    0.04067175
    0.41666667    0.11290075    0.11163049    0.02603138
    0.50000000    0.11009258    0.10847900    0.01226004
    0.58333333    0.10661876    0.10489865   -0.00074124
    0.66666667    0.10264061    0.10098153   -0.01305643
    0.75000000    0.09830144    0.09682231   -0.02475652
    0.83333333    0.09372534    0.09250711   -0.03590122
    0.91666667    0.08901726    0.08810709   -0.04654029
    1.00000000    0.08426395    0.08367801   -0.05671448
    1.08333333    0.07953550    0.07926407   -0.06645635
    1.16666667    0.07488723    0.07490294   -0.07579071
    1.25000000    0.07036154    0.07062898   -0.08473503
    1.33333333    0.06598995    0.06647340   -0.09329949
    1.41666667    0.06179480    0.06246220   -0.10148699
    1.50000000    0.05779091    0.05861366   -0.10929303
    1.58333333    0.05398701    0.05493754   -0.11670521
    1.66666667    0.05038703    0.05143662   -0.12370286
    1.75000000    0.04699105    0.04810979   -0.13025637
    1.83333333    0.04379628    0.04495515   -0.13632640
    1.91666667    0.04079774    0.04197152   -0.14186296
    2.00000000    0.03798883    0.03915809   -0.14680446
    2.08333333    0.03536188    0.03651275   -0.15107657
    2.16666667    0.03290845    0.03403057   -0.15459117
    2.25000000    0.03061972    0.03170354   -0.15724528
    2.33333333    0.02848663    0.02952184   -0.15892021
    2.41666667    0.02650012    0.02747576   -0.15948107
    2.50000000    0.02465127    0.02555737   -0.15877670
    2.58333333    0.02293138    0.02376082   -0.15664053
    2.66666667    0.02133203    0.02208136   -0.15289251
    2.75000000    0.01984517    0.02051387   -0.14734260
    2.83333333    0.01846312    0.01905173   -0.13979614
    2.91666667    0.01717859    0.01768694   -0.13006155
    3.00000000    0.01598472    0.01641117   -0.11796087
    3.08333333    0.01487504    0.01521717   -0.10334264
    3.16666667    0.01384348    0.01409962   -0.08609755
    3.25000000    0.01288435    0.01305494   -0.06617599
    3.33333333    0.01199237    0.01208015   -0.04360539
    3.41666667    0.01116257    0.01117169   -0.01850647
    3.50000000    0.01039037    0.01032482    0.00889466
    3.58333333    0.00967148    0.00953392    0.03826184
    3.66666667    0.00900192    0.00879356    0.06915290
    3.75000000    0.00837801    0.00809954    0.10103425
    3.83333333    0.00779633    0.00744924    0.13330666
    3.91666667    0.00725371    0.00684118    0.16533871
    4.00000000    0.00674721    0.00627397    0.19650488
    4.08333333    0.00627414    0.00574538    0.22622436
    4.16666667    0.00583196    0.00525214    0.25399357
    4.25000000    0.00541836    0.00479048    0.27941151
    4.33333333    0.00503119    0.00435706    0.30219220
    4.41666667    0.00466846    0.00394973    0.32216753
    4.50000000    0.00432833    0.00356759    0.33928009
    4.58333333    0.00400912    0.00321033    0.35356800
    4.66666667    0.00370925    0.00287733    0.36514667
    4.75000000    0.00342727    0.00256707    0.37418891
    4.83333333    0.00316184    0.00227717    0.38090537
    4.91666667    0.00291173    0.00200503    0.38552785
    5.00000000    0.00267579    0.00174870    0.38829549
    5.08333333    0.00245296    0.00150729    0.38944396
    5.16666667    0.00224227    0.00128081    0.38919802
    5.25000000    0.00204281    0.00106948    0.38776653
    5.33333333    0.00185376    0.00087298    0.38533962
    5.41666667    0.00167433    0.00069008    0.38208761
    5.50000000    0.00150382    0.00051891    0.37816085
    5.58333333    0.00134157    0.00035769    0.37369070
    5.66666667    0.00118696    0.00020536    0.36879074
    5.75000000    0.00103944    0.00006180    0.36355829
    5.83333333    0.00089848   -0.00007252    0.35807621
    5.91666667    0.00076361   -0.00019722    0.35241455
    6.00000000    0.00063437   -0.00031263    0.34663200
    6.08333333    0.00051035   -0.00041985    0.34077763
    6.16666667    0.00039118   -0.00052039    0.33489209
    6.25000000    0.00027649   -0.00061544    0.32900878
    6.33333333    0.00016597   -0.00070545    0.32315505
    6.41666667    0.00005931   -0.00079008    0.31735309
    6.50000000   -0.00004377   -0.00086868    0.31162060
    6.58333333   -0.00014352   -0.00094094    0.30597169
    6.66666667   -0.00024019   -0.00100728    0.30041738
    6.75000000   -0.00033400   -0.00106874    0.29496600
    6.83333333   -0.00042515   -0.00112653    0.28962383
    6.91666667   -0.00051383   -0.00118140    0.28439536
    7.00000000   -0.00060022   -0.00123335    0.27928352
    7.08333333   -0.00068447   -0.00128178    0.27429008
    7.16666667   -0.00076675   -0.00132607    0.26941583
    7.25000000   -0.00084719   -0.00136603    0.26466067
    7.33333333   -0.00092591   -0.00140223    0.26002390
    7.41666667   -0.00100305   -0.00143564    0.25550430
    7.50000000   -0.00107870   -0.00146721    0.25110014
    7.58333333   -0.00115297   -0.00149730    0.24680944
    7.66666667   -0.00122595   -0.00152561    0.24262998
    7.75000000   -0.00129773   -0.00155144    0.23855923
    7.83333333   -0.00136840   -0.00157426    0.23459463
    7.91666667   -0.00143802   -0.00159409    0.23073350
    8.00000000   -0.00150667   -0.00161159    0.22697305
    8.08333333   -0.00157442   -0.00162767    0.22331050
    8.16666667   -0.00164131   -0.00164299    0.21974301
    8.25000000   -0.00170740   -0.00165761    0.21626785
    8.33333333   -0.00177275   -0.00167103    0.21288220
    8.41666667   -0.00183740   -0.00168254    0.20958331
    8.50000000   -0.00190139   -0.00169180    0.20636855
    8.58333333   -0.00196477   -0.00169900    0.20323525
    8.66666667   -0.00202758   -0.00170488    0.20018081
    8.75000000   -0.00208983   -0.00171021    0.19720279
    8.83333333   -0.00215157   -0.00171541    0.19429870
    8.91666667   -0.00221283   -0.00172028    0.19146616
    9.00000000   -0.00227363   -0.00172421    0.18870292
    9.08333333   -0.00233400   -0.00172658    0.18600672
    9.16666667   -0.00239396   -0.00172722    0.18337539
    9.25000000   -0.00245353   -0.00172651    0.18080689
    9.33333333   -0.00251273   -0.00172520    0.17829919
    9.41666667   -0.00257157   -0.00172390    0.17585030
    9.50000000   -0.00263008   -0.00172278    0.17345842
    9.58333333   -0.00268827   -0.00172146    0.17112169
    9.66666667   -0.00274615   -0.00171929    0.16883835
    9.75000000   -0.00280373   -0.00171579    0.16660677
    9.83333333   -0.00286103   -0.00171098    0.16442530
    9.91666667   -0.00291806   -0.00170538    0.16229235
   10.00000000   -0.00297482   -0.00169969    0.16020646
   10.08333333   -0.00303133   -0.00169434    0.15816616
   10.16666667   -0.00308759   -0.00168929    0.15617003
   10.25000000   -0.00314362   -0.00168401    0.15421675
   10.33333333   -0.00319941   -0.00167789    0.15230502
   10.41666667   -0.00325498   -0.00167063    0.15043356
   10.50000000   -0.00331032   -0.00166243    0.14860121
   10.58333333   -0.00336545   -0.00165388    0.14680679
   10.66666667   -0.00342037   -0.00164560    0.14504915
   10.75000000   -0.00347508   -0.00163783    0.14332726
   10.83333333   -0.00352958   -0.00163032    0.14164005
   10.91666667   -0.00358389   -0.00162248    0.13998652
   11.00000000   -0.00363800   -0.00161381    0.13836572
   11.08333333   -0.00369192   -0.00160417    0.13677672
   11.16666667   -0.00374565   -0.00159393    0.13521858
   11.25000000   -0.00379918   -0.00158370    0.13369049
   11.33333333   -0.00385253   -0.00157397    0.13219158
   11.41666667   -0.00390569   -0.00156477    0.13072103
   11.50000000   -0.00395867   -0.00155571    0.12927811
   11.58333333   -0.00401146   -0.00154621    0.12786203
   11.66666667   -0.00406408   -0.00153588    0.12647206
   11.75000000   -0.00411651   -0.00152478    0.12510753
   11.83333333   -0.00416876   -0.00151338    0.12376775
   11.91666667   -0.00422083   -0.00150228    0.12245204
   12.00000000   -0.00427273   -0.00149178    0.12115980
   12.08333333   -0.00432444   -0.00148176    0.11989042
   12.16666667   -0.00437598   -0.00147171    0.11864327
   12.25000000   -0.00442734   -0.00146109    0.11741783
   12.33333333   -0.00447852   -0.00144969    0.11621352
   12.41666667   -0.00452953   -0.00143773    0.11502980
   12.50000000   -0.00458036   -0.00142576    0.11386618
   12.58333333   -0.00463101   -0.00141427    0.11272214
   12.66666667   -0.00468149   -0.00140342    0.11159718
   12.75000000   -0.00473179   -0.00139290    0.11049087
   12.83333333   -0.00478191   -0.00138216    0.10940273
   12.91666667   -0.00483186   -0.00137077    0.10833232
   13.00000000   -0.00488163   -0.00135868    0.10727924
   13.08333333   -0.00493122   -0.00134626    0.10624305
   13.16666667   -0.00498064   -0.00133407    0.10522335
   13.25000000   -0.00502988   -0.00132248    0.10421977
   13.33333333   -0.00507894   -0.00131146    0.10323193
   13.41666667   -0.00512782   -0.00130059    0.10225945
   13.50000000   -0.00517653   -0.00128931    0.10130200
   13.58333333   -0.00522506   -0.00127734    0.10035922
   13.66666667   -0.00527341   -0.00126480    0.09943078
   13.75000000   -0.00532158   -0.00125216    0.09851636
   13.83333333   -0.00536958   -0.00123995    0.09761565
   13.91666667   -0.00541740   -0.00122838    0.09672834
   14.00000000   -0.00546504   -0.00121725    0.09585414
   14.08333333   -0.00551250   -0.00120604    0.09499276
   14.16666667   -0.00555978   -0.00119427    0.09414391
   14.25000000   -0.00560688   -0.00118181    0.09330735
   14.33333333   -0.00565380   -0.00116895    0.09248279
   14.41666667   -0.00570055   -0.00115623    0.09166997
   14.50000000   -0.00574712   -0.00114406    0.09086867
   14.58333333   -0.00579350   -0.00113250    0.09007862
   14.66666667   -0.00583971   -0.00112118    0.08929960
   14.75000000   -0.00588574   -0.00110956    0.08853138
   14.83333333   -0.00593159   -0.00109726    0.08777374
   14.91666667   -0.00597726   -0.00108434    0.08702644
   15.00000000   -0.00602275   -0.00107122    0.08628931
   15.08333333   -0.00606807   -0.00105843    0.08556212
   15.16666667   -0.00611320   -0.00104628    0.08484466
   15.25000000   -0.00615816   -0.00103462    0.08413676
   15.33333333   -0.00620293   -0.00102295    0.08343822
   15.41666667   -0.00624753   -0.00101076    0.08274885
   15.50000000   -0.00629195   -0.00099784    0.08206848
   15.58333333   -0.00633619   -0.00098440    0.08139694
   15.66666667   -0.00638026   -0.00097100    0.08073404
   15.75000000   -0.00642414   -0.00095810    0.08007963
   15.83333333   -0.00646785   -0.00094582    0.07943355
   15.91666667   -0.00651138   -0.00093384    0.07879562
   16.00000000   -0.00655474   -0.00092159    0.07816572
   16.08333333   -0.00659791   -0.00090862    0.07754367
   16.16666667   -0.00664091   -0.00089492    0.07692935
   16.25000000   -0.00668373   -0.00088088    0.07632258
   16.33333333   -0.00672638   -0.00086710    0.07572325
   16.41666667   -0.00676885   -0.00085394    0.07513124
   16.50000000   -0.00681114   -0.00084133    0.07454637
   16.58333333   -0.00685326   -0.00082875    0.07396854
   16.66666667   -0.00689521   -0.00081561    0.07339763
   16.75000000   -0.00693698   -0.00080160    0.07283350
   16.83333333   -0.00697857   -0.00078692    0.07227603
   16.91666667   -0.00701999   -0.00077215    0.07172512
   17.00000000   -0.00706124   -0.00075787    0.07118063
   17.08333333   -0.00710232   -0.00074429    0.07064247
   17.16666667   -0.00714322   -0.00073107    0.07011052
   17.25000000   -0.00718395   -0.00071757    0.06958467
   17.33333333   -0.00722451   -0.00070322    0.06906482
   17.41666667   -0.00726489   -0.00068792    0.06855088
   17.50000000   -0.00730511   -0.00067213    0.06804272
   17.58333333   -0.00734515   -0.00065657    0.06754027
   17.66666667   -0.00738503   -0.00064177    0.06704342
   17.75000000   -0.00742473   -0.00062771    0.06655208
   17.83333333   -0.00746427   -0.00061379    0.06606616
   17.91666667   -0.00750364   -0.00059922    0.06558558
   18.00000000   -0.00754284   -0.00058357    0.06511023
   18.08333333   -0.00758187   -0.00056704    0.06464004
   18.16666667   -0.00762074   -0.00055041    0.06417493
   18.25000000   -0.00765944   -0.00053457    0.06371480
   18.33333333   -0.00769797   -0.00051994    0.06325958
   18.41666667   -0.00773634   -0.00050620    0.06280921
   18.50000000   -0.00777455   -0.00049246    0.06236358
   18.58333333   -0.00781259   -0.00047785    0.06192263
   18.66666667   -0.00785046   -0.00046219    0.06148630
   18.75000000   -0.00788818   -0.00044623    0.06105450
   18.83333333   -0.00792573   -0.00043131    0.06062716
   18.91666667   -0.00796312   -0.00041868    0.06020423
   19.00000000   -0.00800035   -0.00040876    0.05978561
   19.08333333   -0.00803742   -0.00040090    0.05937126
   19.16666667   -0.00807432   -0.00039393    0.05896111
   19.25000000   -0.00811107   -0.00038705    0.05855509
   19.33333333   -0.00814766   -0.00038090    0.05815314
   19.41666667   -0.00818409   -0.00037779    0.05775520
   19.50000000   -0.00822037   -0.00038123    0.05736121
   19.58333333   -0.00825649   -0.00039465    0.05697111
   19.66666667   -0.00829245   -0.00042013    0.05658485
   19.75000000   -0.00832825   -0.00045755    0.05620236
   19.83333333   -0.00836390   -0.00050483    0.05582359
   19.91666667   -0.00839940   -0.00055878    0.05544850
   20.00000000   -0.00843474   -0.00061627    0.05507701
