  -20.00000000    0.02804776   -0.00462554   -0.04184636
  -19.91666667    0.02812203   -0.00488239   -0.04206728
  -19.83333333    0.02819694   -0.00507908   -0.04229007
  -19.75000000    0.02827251   -0.00521820   -0.04251475
  -19.66666667    0.02834873   -0.00532030   -0.04274135
  -19.58333333    0.02842562   -0.00541303   -0.04296988
  -19.50000000    0.02850318   -0.00551858   -0.04320039
  -19.41666667    0.02858143   -0.00564533   -0.04343288
  -19.33333333    0.02866037   -0.00578717   -0.04366738
  -19.25000000    0.02874001   -0.00592980   -0.04390393
  -19.16666667    0.02882037   -0.00605990   -0.04414254
  -19.08333333    0.02890144   -0.00617226   -0.04438325
  -19.00000000    0.02898325   -0.00627143   -0.04462609
  -18.91666667    0.02906580   -0.00636775   -0.04487108
  -18.83333333    0.02914910   -0.00647074   -0.04511824
  -18.75000000    0.02923316   -0.00658382   -0.04536762
  -18.66666667    0.02931800   -0.00670310   -0.04561923
  -18.58333333    0.02940361   -0.00682061   -0.04587311
  -18.50000000    0.02949003   -0.00692947   -0.04612930
  -18.41666667    0.02957724   -0.00702797   -0.04638782
  -18.33333333    0.02966528   -0.00712013   -0.04664869
  -18.25000000    0.02975414   -0.00721291   -0.04691197
  -18.16666667    0.02984384   -0.00731181   -0.04717768
  -18.08333333    0.02993439   -0.00741779   -0.04744584
  -18.00000000    0.03002581   -0.00752707   -0.04771651
  -17.91666667    0.03011811   -0.00763386   -0.04798970
  -17.83333333    0.03021129   -0.00773403   -0.04826547
  -17.75000000    0.03030538   -0.00782759   -0.04854384
  -17.66666667    0.03040039   -0.00791845   -0.04882485
  -17.58333333    0.03049632   -0.00801182   -0.04910853
  -17.50000000    0.03059319   -0.00811101   -0.04939494
  -17.41666667    0.03069103   -0.00821556   -0.04968410
  -17.33333333    0.03078983   -0.00832177   -0.04997606
  -17.25000000    0.03088962   -0.00842518   -0.05027086
  -17.16666667    0.03099041   -0.00852340   -0.05056853
  -17.08333333    0.03109222   -0.00861749   -0.05086912
  -17.00000000    0.03119506   -0.00871119   -0.05117268
  -16.91666667    0.03129894   -0.00880849   -0.05147925
  -16.83333333    0.03140389   -0.00891121   -0.05178887
  -16.75000000    0.03150992   -0.00901801   -0.05210158
  -16.66666667    0.03161705   -0.00912537   -0.05241745
  -16.58333333    0.03172529   -0.00922989   -0.05273650
  -16.50000000    0.03183466   -0.00933042   -0.05305879
  -16.41666667    0.03194519   -0.00942872   -0.05338438
  -16.33333333    0.03205688   -0.00952824   -0.05371330
  -16.25000000    0.03216976   -0.00963200   -0.05404563
  -16.16666667    0.03228384   -0.00974069   -0.05438139
  -16.08333333    0.03239915   -0.00985242   -0.05472065
  -16.00000000    0.03251571   -0.00996395   -0.05506347
  -15.91666667    0.03263353   -0.01007282   -0.05540989
  -15.83333333    0.03275264   -0.01017884   -0.05575999
  -15.75000000    0.03287305   -0.01028419   -0.05611380
  -15.66666667    0.03299480   -0.01039196   -0.05647140
  -15.58333333    0.03311789   -0.01050429   -0.05683285
  -15.50000000    0.03324237   -0.01062102   -0.05719820
  -15.41666667    0.03336824   -0.01073992   -0.05756752
  -15.33333333    0.03349553   -0.01085817   -0.05794089
  -15.25000000    0.03362427   -0.01097412   -0.05831835
  -15.16666667    0.03375448   -0.01108835   -0.05869998
  -15.08333333    0.03388619   -0.01120324   -0.05908585
  -15.00000000    0.03401942   -0.01132147   -0.05947603
  -14.91666667    0.03415419   -0.01144435   -0.05987059
  -14.83333333    0.03429055   -0.01157109   -0.06026961
  -14.75000000    0.03442851   -0.01169932   -0.06067315
  -14.66666667    0.03456811   -0.01182669   -0.06108131
  -14.58333333    0.03470936   -0.01195231   -0.06149416
  -14.50000000    0.03485231   -0.01207733   -0.06191177
  -14.41666667    0.03499699   -0.01220419   -0.06233423
  -14.33333333    0.03514342   -0.01233505   -0.06276163
  -14.25000000    0.03529163   -0.01247054   -0.06319404
  -14.16666667    0.03544167   -0.01260935   -0.06363157
  -14.08333333    0.03559356   -0.01274917   -0.06407430
  -14.00000000    0.03574735   -0.01288816   -0.06452232
  -13.91666667    0.03590305   -0.01302612   -0.06497573
  -13.83333333    0.03606072   -0.01316460   -0.06543463
  -13.75000000    0.03622039   -0.01330593   -0.06589911
  -13.66666667    0.03638209   -0.01345177   -0.06636928
  -13.58333333    0.03654587   -0.01360211   -0.06684524
  -13.50000000    0.03671177   -0.01375532   -0.06732709
  -13.41666667    0.03687983   -0.01390925   -0.06781496
  -13.33333333    0.03705009   -0.01406261   -0.06830894
  -13.25000000    0.03722260   -0.01421580   -0.06880916
  -13.16666667    0.03739739   -0.01437062   -0.06931572
  -13.08333333    0.03757452   -0.01452920   -0.06982877
  -13.00000000    0.03775404   -0.01469265   -0.07034841
  -12.91666667    0.03793599   -0.01486043   -0.07087476
  -12.83333333    0.03812042   -0.01503073   -0.07140798
  -12.75000000    0.03830738   -0.01520170   -0.07194818
  -12.66666667    0.03849693   -0.01537258   -0.07249550
  -12.58333333    0.03868913   -0.01554427   -0.07305009
  -12.50000000    0.03888401   -0.01571869   -0.07361208
  -12.41666667    0.03908165   -0.01589767   -0.07418163
  -12.33333333    0.03928211   -0.01608179   -0.07475889
  -12.25000000    0.03948544   -0.01627009   -0.07534401
  -12.16666667    0.03969170   -0.01646073   -0.07593715
  -12.08333333    0.03990097   -0.01665220   -0.07653848
  -12.00000000    0.04011330   -0.01684429   -0.07714816
  -11.91666667    0.04032877   -0.01703826   -0.07776636
  -11.83333333    0.04054744   -0.01723607   -0.07839328
  -11.75000000    0.04076939   -0.01743915   -0.07902907
  -11.66666667    0.04099468   -0.01764761   -0.07967394
  -11.58333333    0.04122341   -0.01786016   -0.08032809
  -11.50000000    0.04145565   -0.01807507   -0.08099169
  -11.41666667    0.04169147   -0.01829121   -0.08166496
  -11.33333333    0.04193096   -0.01850891   -0.08234811
  -11.25000000    0.04217421   -0.01872967   -0.08304135
  -11.16666667    0.04242131   -0.01895535   -0.08374490
  -11.08333333    0.04267235   -0.01918699   -0.08445900
  -11.00000000    0.04292743   -0.01942424   -0.08518386
  -10.91666667    0.04318663   -0.01966565   -0.08591974
  -10.83333333    0.04345007   -0.01990965   -0.08666689
  -10.75000000    0.04371785   -0.02015559   -0.08742554
  -10.66666667    0.04399008   -0.02040420   -0.08819597
  -10.58333333    0.04426686   -0.02065718   -0.08897846
  -10.50000000    0.04454831   -0.02091617   -0.08977326
  -10.41666667    0.04483456   -0.02118182   -0.09058068
  -10.33333333    0.04512572   -0.02145339   -0.09140100
  -10.25000000    0.04542192   -0.02172938   -0.09223453
  -10.16666667    0.04572330   -0.02200849   -0.09308157
  -10.08333333    0.04602998   -0.02229051   -0.09394246
  -10.00000000    0.04634211   -0.02257657   -0.09481751
   -9.91666667    0.04665984   -0.02286841   -0.09570707
   -9.83333333    0.04698332   -0.02316743   -0.09661151
   -9.75000000    0.04731269   -0.02347385   -0.09753116
   -9.66666667    0.04764813   -0.02378669   -0.09846640
   -9.58333333    0.04798979   -0.02410446   -0.09941764
   -9.50000000    0.04833786   -0.02442621   -0.10038524
   -9.41666667    0.04869252   -0.02475221   -0.10136962
   -9.33333333    0.04905394   -0.02508383   -0.10237122
   -9.25000000    0.04942232   -0.02542282   -0.10339044
   -9.16666667    0.04979786   -0.02577026   -0.10442775
   -9.08333333    0.05018078   -0.02612602   -0.10548360
   -9.00000000    0.05057128   -0.02648893   -0.10655847
   -8.91666667    0.05096958   -0.02685767   -0.10765283
   -8.83333333    0.05137592   -0.02723166   -0.10876722
   -8.75000000    0.05179054   -0.02761158   -0.10990212
   -8.66666667    0.05221369   -0.02799904   -0.11105807
   -8.58333333    0.05264563   -0.02839567   -0.11223565
   -8.50000000    0.05308663   -0.02880225   -0.11343539
   -8.41666667    0.05353695   -0.02921833   -0.11465788
   -8.33333333    0.05399691   -0.02964269   -0.11590375
   -8.25000000    0.05446680   -0.03007421   -0.11717357
   -8.16666667    0.05494692   -0.03051278   -0.11846800
   -8.08333333    0.05543762   -0.03095944   -0.11978770
   -8.00000000    0.05593921   -0.03141593   -0.12113331
   -7.91666667    0.05645207   -0.03188375   -0.12250555
   -7.83333333    0.05697654   -0.03236336   -0.12390510
   -7.75000000    0.05751302   -0.03285410   -0.12533269
   -7.66666667    0.05806190   -0.03335477   -0.12678907
   -7.58333333    0.05862358   -0.03386460   -0.12827498
   -7.50000000    0.05919849   -0.03438388   -0.12979120
   -7.41666667    0.05978709   -0.03491404   -0.13133852
   -7.33333333    0.06038981   -0.03545687   -0.13291773
   -7.25000000    0.06100715   -0.03601371   -0.13452966
   -7.16666667    0.06163960   -0.03658475   -0.13617513
   -7.08333333    0.06228767   -0.03716921   -0.13785496
   -7.00000000    0.06295190   -0.03776605   -0.13957002
   -6.91666667    0.06363285   -0.03837488   -0.14132113
   -6.83333333    0.06433107   -0.03899646   -0.14310914
   -6.75000000    0.06504717   -0.03963252   -0.14493489
   -6.66666667    0.06578176   -0.04028493   -0.14679921
   -6.58333333    0.06653547   -0.04095482   -0.14870289
   -6.50000000    0.06730897   -0.04164223   -0.15064674
   -6.41666667    0.06810291   -0.04234638   -0.15263151
   -6.33333333    0.06891799   -0.04306649   -0.15465787
   -6.25000000    0.06975493   -0.04380264   -0.15672651
   -6.16666667    0.07061444   -0.04455610   -0.15883799
   -6.08333333    0.07149727   -0.04532888   -0.16099278
   -6.00000000    0.07240418   -0.04612290   -0.16319129
   -5.91666667    0.07333593   -0.04693923   -0.16543373
   -5.83333333    0.07429327   -0.04777782   -0.16772017
   -5.75000000    0.07527700   -0.04863804   -0.17005052
   -5.66666667    0.07628787   -0.04951954   -0.17242441
   -5.58333333    0.07732662   -0.05042298   -0.17484119
   -5.50000000    0.07839400   -0.05135016   -0.17729993
   -5.41666667    0.07949072   -0.05230346   -0.17979924
   -5.33333333    0.08061741   -0.05328494   -0.18233728
   -5.25000000    0.08177469   -0.05429569   -0.18491170
   -5.16666667    0.08296307   -0.05533581   -0.18751945
   -5.08333333    0.08418298   -0.05640502   -0.19015672
   -5.00000000    0.08543472   -0.05750361   -0.19281885
   -4.91666667    0.08671844   -0.05863296   -0.19550008
   -4.83333333    0.08803407   -0.05979559   -0.19819342
   -4.75000000    0.08938134   -0.06099438   -0.20089048
   -4.66666667    0.09075968   -0.06223175   -0.20358118
   -4.58333333    0.09216816   -0.06350910   -0.20625347
   -4.50000000    0.09360547   -0.06482696   -0.20889309
   -4.41666667    0.09506975   -0.06618579   -0.21148314
   -4.33333333    0.09655856   -0.06758680   -0.21400374
   -4.25000000    0.09806875   -0.06903248   -0.21643158
   -4.16666667    0.09959633   -0.07052637   -0.21873943
   -4.08333333    0.10113626   -0.07207227   -0.22089562
   -4.00000000    0.10268236   -0.07367339   -0.22286358
   -3.91666667    0.10422703   -0.07533199   -0.22460120
   -3.83333333    0.10576103   -0.07704964   -0.22606040
   -3.75000000    0.10727320   -0.07882811   -0.22718666
   -3.66666667    0.10875014   -0.08067023   -0.22791876
   -3.58333333    0.11017586   -0.08258027   -0.22818872
   -3.50000000    0.11153137   -0.08456356   -0.22792207
   -3.41666667    0.11279423   -0.08662569   -0.22703865
   -3.33333333    0.11393803   -0.08877167   -0.22545405
   -3.25000000    0.11493189   -0.09100564   -0.22308199
   -3.16666667    0.11573983   -0.09333138   -0.21983760
   -3.08333333    0.11632019   -0.09575321   -0.21564210
   -3.00000000    0.11662497   -0.09827687   -0.21042873
   -2.91666667    0.11659924   -0.10090986   -0.20414986
   -2.83333333    0.11618053   -0.10366093   -0.19678520
   -2.75000000    0.11529835   -0.10653922   -0.18835049
   -2.66666667    0.11387381   -0.10955343   -0.17890540
   -2.58333333    0.11181942   -0.11271164   -0.16856014
   -2.50000000    0.10903930   -0.11602182   -0.15747894
   -2.41666667    0.10542963   -0.11949294   -0.14587901
   -2.33333333    0.10087967   -0.12313584   -0.13402455
   -2.25000000    0.09527351   -0.12696349   -0.12221536
   -2.16666667    0.08849241   -0.13099041   -0.11077062
   -2.08333333    0.08041822   -0.13523155   -0.10000995
   -2.00000000    0.07093785   -0.13970125   -0.09023405
   -1.91666667    0.05994868   -0.14441278   -0.08170708
   -1.83333333    0.04736549   -0.14937881   -0.07464367
   -1.75000000    0.03312809   -0.15461225   -0.06920126
   -1.66666667    0.01721032   -0.16012695   -0.06547863
   -1.58333333   -0.00037072   -0.16593756   -0.06351955
   -1.50000000   -0.01954541   -0.17205810   -0.06332045
   -1.41666667   -0.04018316   -0.17849957   -0.06484056
   -1.33333333   -0.06208603   -0.18526722   -0.06801275
   -1.25000000   -0.08498584   -0.19235824   -0.07275411
   -1.16666667   -0.10854562   -0.19976034   -0.07897529
   -1.08333333   -0.13236702   -0.20745103   -0.08658817
   -1.00000000   -0.15600429   -0.21539691   -0.09551187
   -0.91666667   -0.17898409   -0.22355182   -0.10567706
   -0.83333333   -0.20083076   -0.23185315   -0.11702899
   -0.75000000   -0.22109405   -0.24021624   -0.12952925
   -0.66666667   -0.23937675   -0.24852779   -0.14315698
   -0.58333333   -0.25535867   -0.25664041   -0.15790928
   -0.50000000   -0.26881387   -0.26437049   -0.17380132
   -0.41666667   -0.27961953   -0.27150192   -0.19086629
   -0.33333333   -0.28775546   -0.27779678   -0.20915500
   -0.25000000   -0.29329538   -0.28301281   -0.22873543
   -0.16666667   -0.29639171   -0.28692580   -0.24969183
   -0.08333333   -0.29725667   -0.28935342   -0.27212341
    0.00000000   -0.29614203   -0.29017645   -0.29614203
    0.08333333   -0.29332009   -0.28935342   -0.32186853
    0.16666667   -0.28906713   -0.28692580   -0.34942649
    0.25000000   -0.28365037   -0.28301281   -0.37893235
    0.33333333   -0.27731862   -0.27779678   -0.41047958
    0.41666667   -0.27029639   -0.27150192   -0.44411400
    0.50000000   -0.26278080   -0.26437049   -0.47979590
    0.58333333   -0.25494088   -0.25664041   -0.51734302
    0.66666667   -0.24691842   -0.24852779   -0.55634717
    0.75000000   -0.23882995   -0.24021624   -0.59605614
    0.83333333   -0.23076927   -0.23185315   -0.63521586
    0.91666667   -0.22281027   -0.22355182   -0.67187666
    1.00000000   -0.21500977   -0.21539691   -0.70319226
    1.08333333   -0.20741022   -0.20745103   -0.72528655
    1.16666667   -0.20004218   -0.19976034   -0.73333028
    1.25000000   -0.19292645   -0.19235824   -0.72203097
    1.33333333   -0.18607602   -0.18526722   -0.68670542
    1.41666667   -0.17949769   -0.17849957   -0.62486073
    1.50000000   -0.17319332   -0.17205810   -0.53774373
    1.58333333   -0.16716110   -0.16593756   -0.43094779
    1.66666667   -0.16139635   -0.16012695   -0.31341111
    1.75000000   -0.15589230   -0.15461225   -0.19509729
    1.83333333   -0.15064072   -0.14937881   -0.08453113
    1.91666667   -0.14563234   -0.14441278    0.01268627
    2.00000000   -0.14085724   -0.13970125    0.09406716
    2.08333333   -0.13630518   -0.13523155    0.15955311
    2.16666667   -0.13196575   -0.13099041    0.21056751
    2.25000000   -0.12782862   -0.12696349    0.24920143
    2.33333333   -0.12388361   -0.12313584    0.27767278
    2.41666667   -0.12012080   -0.11949294    0.29803144
    2.50000000   -0.11653062   -0.11602182    0.31203593
    2.58333333   -0.11310385   -0.11271164    0.32112958
    2.66666667   -0.10983166   -0.10955343    0.32646460
    2.75000000   -0.10670568   -0.10653922    0.32894502
    2.83333333   -0.10371793   -0.10366093    0.32927256
    2.91666667   -0.10086083   -0.10090986    0.32798833
    3.00000000   -0.09812726   -0.09827687    0.32550799
    3.08333333   -0.09551046   -0.09575321    0.32215016
    3.16666667   -0.09300408   -0.09333138    0.31815876
    3.25000000   -0.09060213   -0.09100564    0.31372045
    3.33333333   -0.08829897   -0.08877167    0.30897791
    3.41666667   -0.08608929   -0.08662569    0.30404010
    3.50000000   -0.08396813   -0.08456356    0.29899013
    3.58333333   -0.08193079   -0.08258027    0.29389115
    3.66666667   -0.07997286   -0.08067023    0.28879096
    3.75000000   -0.07809024   -0.07882811    0.28372556
    3.83333333   -0.07627901   -0.07704964    0.27872176
    3.91666667   -0.07453554   -0.07533199    0.27379927
    4.00000000   -0.07285639   -0.07367339    0.26897236
    4.08333333   -0.07123833   -0.07207227    0.26425101
    4.16666667   -0.06967834   -0.07052637    0.25964196
    4.25000000   -0.06817355   -0.06903248    0.25514933
    4.33333333   -0.06672129   -0.06758680    0.25077537
    4.41666667   -0.06531903   -0.06618579    0.24652079
    4.50000000   -0.06396438   -0.06482696    0.24238512
    4.58333333   -0.06265510   -0.06350910    0.23836708
    4.66666667   -0.06138909   -0.06223175    0.23446474
    4.75000000   -0.06016434   -0.06099438    0.23067563
    4.83333333   -0.05897897   -0.05979559    0.22699700
    4.91666667   -0.05783122   -0.05863296    0.22342586
    5.00000000   -0.05671940   -0.05750361    0.21995903
    5.08333333   -0.05564193   -0.05640502    0.21659328
    5.16666667   -0.05459732   -0.05533581    0.21332533
    5.25000000   -0.05358415   -0.05429569    0.21015186
    5.33333333   -0.05260107   -0.05328494    0.20706964
    5.41666667   -0.05164683   -0.05230346    0.20407547
    5.50000000   -0.05072021   -0.05135016    0.20116618
    5.58333333   -0.04982007   -0.05042298    0.19833872
    5.66666667   -0.04894536   -0.04951954    0.19559014
    5.75000000   -0.04809502   -0.04863804    0.19291753
    5.83333333   -0.04726810   -0.04777782    0.19031812
    5.91666667   -0.04646367   -0.04693923    0.18778924
    6.00000000   -0.04568085   -0.04612290    0.18532829
    6.08333333   -0.04491880   -0.04532888    0.18293278
    6.16666667   -0.04417675   -0.04455610    0.18060035
    6.25000000   -0.04345392   -0.04380264    0.17832868
    6.33333333   -0.04274960   -0.04306649    0.17611559
    6.41666667   -0.04206312   -0.04234638    0.17395897
    6.50000000   -0.04139380   -0.04164223    0.17185680
    6.58333333   -0.04074105   -0.04095482    0.16980713
    6.66666667   -0.04010425   -0.04028493    0.16780813
    6.75000000   -0.03948285   -0.03963252    0.16585801
    6.83333333   -0.03887630   -0.03899646    0.16395506
    6.91666667   -0.03828410   -0.03837488    0.16209768
    7.00000000   -0.03770574   -0.03776605    0.16028427
    7.08333333   -0.03714076   -0.03716921    0.15851336
    7.16666667   -0.03658870   -0.03658475    0.15678352
    7.25000000   -0.03604914   -0.03601371    0.15509335
    7.33333333   -0.03552166   -0.03545687    0.15344156
    7.41666667   -0.03500588   -0.03491404    0.15182689
    7.50000000   -0.03450139   -0.03438388    0.15024811
    7.58333333   -0.03400786   -0.03386460    0.14870408
    7.66666667   -0.03352493   -0.03335477    0.14719368
    7.75000000   -0.03305226   -0.03285410    0.14571584
    7.83333333   -0.03258955   -0.03236336    0.14426953
    7.91666667   -0.03213647   -0.03188375    0.14285379
    8.00000000   -0.03169274   -0.03141593    0.14146766
    8.08333333   -0.03125807   -0.03095944    0.14011023
    8.16666667   -0.03083219   -0.03051278    0.13878062
    8.25000000   -0.03041485   -0.03007421    0.13747803
    8.33333333   -0.03000578   -0.02964269    0.13620163
    8.41666667   -0.02960475   -0.02921833    0.13495063
    8.50000000   -0.02921154   -0.02880225    0.13372431
    8.58333333   -0.02882590   -0.02839567    0.13252196
    8.66666667   -0.02844762   -0.02799904    0.13134286
    8.75000000   -0.02807651   -0.02761158    0.13018637
    8.83333333   -0.02771236   -0.02723166    0.12905185
    8.91666667   -0.02735498   -0.02685767    0.12793867
    9.00000000   -0.02700418   -0.02648893    0.12684626
    9.08333333   -0.02665979   -0.02612602    0.12577402
    9.16666667   -0.02632162   -0.02577026    0.12472141
    9.25000000   -0.02598952   -0.02542282    0.12368792
    9.33333333   -0.02566332   -0.02508383    0.12267301
    9.41666667   -0.02534287   -0.02475221    0.12167618
    9.50000000   -0.02502803   -0.02442621    0.12069698
    9.58333333   -0.02471864   -0.02410446    0.11973494
    9.66666667   -0.02441456   -0.02378669    0.11878959
    9.75000000   -0.02411566   -0.02347385    0.11786053
    9.83333333   -0.02382181   -0.02316743    0.11694734
    9.91666667   -0.02353289   -0.02286841    0.11604960
   10.00000000   -0.02324876   -0.02257657    0.11516694
   10.08333333   -0.02296932   -0.02229051    0.11429897
   10.16666667   -0.02269445   -0.02200849    0.11344533
   10.25000000   -0.02242404   -0.02172938    0.11260569
   10.33333333   -0.02215798   -0.02145339    0.11177968
   10.41666667   -0.02189616   -0.02118182    0.11096698
   10.50000000   -0.02163849   -0.02091617    0.11016728
   10.58333333   -0.02138487   -0.02065718    0.10938026
   10.66666667   -0.02113520   -0.02040420    0.10860562
   10.75000000   -0.02088940   -0.02015559    0.10784309
   10.83333333   -0.02064738   -0.01990965    0.10709237
   10.91666667   -0.02040904   -0.01966565    0.10635318
   11.00000000   -0.02017431   -0.01942424    0.10562528
   11.08333333   -0.01994310   -0.01918699    0.10490841
   11.16666667   -0.01971533   -0.01895535    0.10420229
   11.25000000   -0.01949094   -0.01872967    0.10350672
   11.33333333   -0.01926984   -0.01850891    0.10282145
   11.41666667   -0.01905197   -0.01829121    0.10214624
   11.50000000   -0.01883725   -0.01807507    0.10148088
   11.58333333   -0.01862561   -0.01786016    0.10082517
   11.66666667   -0.01841699   -0.01764761    0.10017887
   11.75000000   -0.01821134   -0.01743915    0.09954181
   11.83333333   -0.01800857   -0.01723607    0.09891378
   11.91666667   -0.01780863   -0.01703826    0.09829459
   12.00000000   -0.01761148   -0.01684429    0.09768405
   12.08333333   -0.01741703   -0.01665220    0.09708199
   12.16666667   -0.01722525   -0.01646073    0.09648821
   12.25000000   -0.01703608   -0.01627009    0.09590258
   12.33333333   -0.01684946   -0.01608179    0.09532490
   12.41666667   -0.01666534   -0.01589767    0.09475502
   12.50000000   -0.01648367   -0.01571869    0.09419279
   12.58333333   -0.01630441   -0.01554427    0.09363804
   12.66666667   -0.01612751   -0.01537258    0.09309064
   12.75000000   -0.01595292   -0.01520170    0.09255043
   12.83333333   -0.01578059   -0.01503073    0.09201728
   12.91666667   -0.01561048   -0.01486043    0.09149105
   13.00000000   -0.01544256   -0.01469265    0.09097160
   13.08333333   -0.01527677   -0.01452920    0.09045880
   13.16666667   -0.01511307   -0.01437062    0.08995253
   13.25000000   -0.01495144   -0.01421580    0.08945266
   13.33333333   -0.01479183   -0.01406261    0.08895908
   13.41666667   -0.01463419   -0.01390925    0.08847165
   13.50000000   -0.01447850   -0.01375532    0.08799027
   13.58333333   -0.01432472   -0.01360211    0.08751484
   13.66666667   -0.01417282   -0.01345177    0.08704522
   13.75000000   -0.01402275   -0.01330593    0.08658133
   13.83333333   -0.01387449   -0.01316460    0.08612306
   13.91666667   -0.01372801   -0.01302612    0.08567029
   14.00000000   -0.01358327   -0.01288816    0.08522295
   14.08333333   -0.01344024   -0.01274917    0.08478093
   14.16666667   -0.01329889   -0.01260935    0.08434412
   14.25000000   -0.01315919   -0.01247054    0.08391245
   14.33333333   -0.01302112   -0.01233505    0.08348583
   14.41666667   -0.01288464   -0.01220419    0.08306415
   14.50000000   -0.01274973   -0.01207733    0.08264735
   14.58333333   -0.01261636   -0.01195231    0.08223533
   14.66666667   -0.01248451   -0.01182669    0.08182801
   14.75000000   -0.01235414   -0.01169932    0.08142531
   14.83333333   -0.01222524   -0.01157109    0.08102716
   14.91666667   -0.01209778   -0.01144435    0.08063347
   15.00000000   -0.01197173   -0.01132147    0.08024418
   15.08333333   -0.01184707   -0.01120324    0.07985920
   15.16666667   -0.01172378   -0.01108835    0.07947847
   15.25000000   -0.01160184   -0.01097412    0.07910192
   15.33333333   -0.01148123   -0.01085817    0.07872948
   15.41666667   -0.01136191   -0.01073992    0.07836108
   15.50000000   -0.01124388   -0.01062102    0.07799666
   15.58333333   -0.01112711   -0.01050429    0.07763615
   15.66666667   -0.01101158   -0.01039196    0.07727948
   15.75000000   -0.01089728   -0.01028419    0.07692661
   15.83333333   -0.01078417   -0.01017884    0.07657747
   15.91666667   -0.01067225   -0.01007282    0.07623199
   16.00000000   -0.01056149   -0.00996395    0.07589012
   16.08333333   -0.01045188   -0.00985242    0.07555181
   16.16666667   -0.01034340   -0.00974069    0.07521700
   16.25000000   -0.01023603   -0.00963200    0.07488563
   16.33333333   -0.01012976   -0.00952824    0.07455765
   16.41666667   -0.01002456   -0.00942872    0.07423303
   16.50000000   -0.00992042   -0.00933042    0.07391168
   16.58333333   -0.00981733   -0.00922989    0.07359357
   16.66666667   -0.00971528   -0.00912537    0.07327866
   16.75000000   -0.00961423   -0.00901801    0.07296689
   16.83333333   -0.00951418   -0.00891121    0.07265822
   16.91666667   -0.00941512   -0.00880849    0.07235260
   17.00000000   -0.00931703   -0.00871119    0.07204998
   17.08333333   -0.00921990   -0.00861749    0.07175032
   17.16666667   -0.00912371   -0.00852340    0.07145358
   17.25000000   -0.00902844   -0.00842518    0.07115971
   17.33333333   -0.00893409   -0.00832177    0.07086868
   17.41666667   -0.00884065   -0.00821556    0.07058045
   17.50000000   -0.00874809   -0.00811101    0.07029496
   17.58333333   -0.00865641   -0.00801182    0.07001218
   17.66666667   -0.00856559   -0.00791845    0.06973209
   17.75000000   -0.00847562   -0.00782759    0.06945463
   17.83333333   -0.00838650   -0.00773403    0.06917976
   17.91666667   -0.00829820   -0.00763386    0.06890747
   18.00000000   -0.00821072   -0.00752707    0.06863770
   18.08333333   -0.00812404   -0.00741779    0.06837042
   18.16666667   -0.00803816   -0.00731181    0.06810560
   18.25000000   -0.00795306   -0.00721291    0.06784321
   18.33333333   -0.00786874   -0.00712013    0.06758320
   18.41666667   -0.00778517   -0.00702797    0.06732556
   18.50000000   -0.00770236   -0.00692947    0.06707024
   18.58333333   -0.00762029   -0.00682061    0.06681721
   18.66666667   -0.00753896   -0.00670310    0.06656645
   18.75000000   -0.00745834   -0.00658382    0.06631793
   18.83333333   -0.00737844   -0.00647074    0.06607160
   18.91666667   -0.00729924   -0.00636775    0.06582746
   19.00000000   -0.00722073   -0.00627143    0.06558546
   19.08333333   -0.00714291   -0.00617226    0.06534557
   19.16666667   -0.00706576   -0.00605990    0.06510778
   19.25000000   -0.00698929   -0.00592980    0.06487205
   19.33333333   -0.00691346   -0.00578717    0.06463835
   19.41666667   -0.00683830   -0.00564533    0.06440667
   19.50000000   -0.00676377   -0.00551858    0.06417697
   19.58333333   -0.00668987   -0.00541303    0.06394923
   19.66666667   -0.00661660   -0.00532030    0.06372343
   19.75000000   -0.00654395   -0.00521820    0.06349953
   19.83333333   -0.00647191   -0.00507908    0.06327751
   19.91666667   -0.00640047   -0.00488239    0.06305736
   20.00000000   -0.00632962   -0.00462554    0.06283905
