  -20.00000000   -0.03500081   -0.00215558   -0.07566761
  -19.91666667   -0.03514159   -0.00212250   -0.07590583
  -19.83333333   -0.03528396   -0.00211931   -0.07614588
  -19.75000000   -0.03542797   -0.00214688   -0.07638779
  -19.66666667   -0.03557362   -0.00219787   -0.07663156
  -19.58333333   -0.03572095   -0.00226061   -0.07687722
  -19.50000000   -0.03586999   -0.00232419   -0.07712480
  -19.41666667   -0.03602076   -0.00238227   -0.07737432
  -19.33333333   -0.03617329   -0.00243443   -0.07762579
  -19.25000000   -0.03632761   -0.00248452   -0.07787925
  -19.16666667   -0.03648375   -0.00253743   -0.07813472
  -19.08333333   -0.03664174   -0.00259595   -0.07839222
  -19.00000000   -0.03680161   -0.00265937   -0.07865178
  -18.91666667   -0.03696339   -0.00272416   -0.07891342
  -18.83333333   -0.03712711   -0.00278624   -0.07917716
  -18.75000000   -0.03729281   -0.00284324   -0.07944304
  -18.66666667   -0.03746052   -0.00289565   -0.07971108
  -18.58333333   -0.03763028   -0.00294624   -0.07998130
  -18.50000000   -0.03780211   -0.00299825   -0.08025374
  -18.41666667   -0.03797605   -0.00305350   -0.08052843
  -18.33333333   -0.03815215   -0.00311141   -0.08080537
  -18.25000000   -0.03833043   -0.00316960   -0.08108462
  -18.16666667   -0.03851094   -0.00322535   -0.08136620
  -18.08333333   -0.03869370   -0.00327731   -0.08165012
  -18.00000000   -0.03887878   -0.00332618   -0.08193644
  -17.91666667   -0.03906619   -0.00337422   -0.08222518
  -17.83333333   -0.03925599   -0.00342387   -0.08251637
  -17.75000000   -0.03944822   -0.00347625   -0.08281003
  -17.66666667   -0.03964292   -0.00353064   -0.08310622
  -17.58333333   -0.03984013   -0.00358497   -0.08340494
  -17.50000000   -0.04003990   -0.00363716   -0.08370625
  -17.41666667   -0.04024228   -0.00368637   -0.08401017
  -17.33333333   -0.04044731   -0.00373350   -0.08431673
  -17.25000000   -0.04065504   -0.00378059   -0.08462599
  -17.16666667   -0.04086553   -0.00382955   -0.08493796
  -17.08333333   -0.04107881   -0.00388107   -0.08525268
  -17.00000000   -0.04129494   -0.00393422   -0.08557021
  -16.91666667   -0.04151399   -0.00398707   -0.08589057
  -16.83333333   -0.04173598   -0.00403793   -0.08621379
  -16.75000000   -0.04196100   -0.00408639   -0.08653993
  -16.66666667   -0.04218909   -0.00413351   -0.08686901
  -16.58333333   -0.04242030   -0.00418121   -0.08720109
  -16.50000000   -0.04265470   -0.00423106   -0.08753620
  -16.41666667   -0.04289236   -0.00428334   -0.08787439
  -16.33333333   -0.04313332   -0.00433691   -0.08821569
  -16.25000000   -0.04337766   -0.00438996   -0.08856016
  -16.16666667   -0.04362545   -0.00444112   -0.08890783
  -16.08333333   -0.04387673   -0.00449033   -0.08925876
  -16.00000000   -0.04413160   -0.00453884   -0.08961299
  -15.91666667   -0.04439011   -0.00458846   -0.08997057
  -15.83333333   -0.04465234   -0.00464045   -0.09033155
  -15.75000000   -0.04491836   -0.00469474   -0.09069597
  -15.66666667   -0.04518824   -0.00475000   -0.09106389
  -15.58333333   -0.04546207   -0.00480451   -0.09143536
  -15.50000000   -0.04573992   -0.00485721   -0.09181043
  -15.41666667   -0.04602188   -0.00490837   -0.09218916
  -15.33333333   -0.04630802   -0.00495943   -0.09257160
  -15.25000000   -0.04659843   -0.00501210   -0.09295780
  -15.16666667   -0.04689321   -0.00506729   -0.09334783
  -15.08333333   -0.04719243   -0.00512460   -0.09374175
  -15.00000000   -0.04749620   -0.00518256   -0.09413960
  -14.91666667   -0.04780459   -0.00523955   -0.09454145
  -14.83333333   -0.04811773   -0.00529484   -0.09494737
  -14.75000000   -0.04843569   -0.00534902   -0.09535742
  -14.66666667   -0.04875858   -0.00540369   -0.09577166
  -14.58333333   -0.04908651   -0.00546039   -0.09619016
  -14.50000000   -0.04941959   -0.00551973   -0.09661298
  -14.41666667   -0.04975791   -0.00558097   -0.09704020
  -14.33333333   -0.05010161   -0.00564250   -0.09747189
  -14.25000000   -0.05045078   -0.00570288   -0.09790812
  -14.16666667   -0.05080556   -0.00576171   -0.09834896
  -14.08333333   -0.05116606   -0.00581993   -0.09879449
  -14.00000000   -0.05153241   -0.00587920   -0.09924478
  -13.91666667   -0.05190473   -0.00594090   -0.09969991
  -13.83333333   -0.05228316   -0.00600527   -0.10015998
  -13.75000000   -0.05266784   -0.00607125   -0.10062504
  -13.66666667   -0.05305889   -0.00613719   -0.10109520
  -13.58333333   -0.05345648   -0.00620183   -0.10157054
  -13.50000000   -0.05386073   -0.00626516   -0.10205114
  -13.41666667   -0.05427181   -0.00632841   -0.10253710
  -13.33333333   -0.05468987   -0.00639329   -0.10302852
  -13.25000000   -0.05511506   -0.00646093   -0.10352547
  -13.16666667   -0.05554756   -0.00653119   -0.10402807
  -13.08333333   -0.05598753   -0.00660273   -0.10453641
  -13.00000000   -0.05643513   -0.00667388   -0.10505059
  -12.91666667   -0.05689056   -0.00674368   -0.10557072
  -12.83333333   -0.05735400   -0.00681250   -0.10609691
  -12.75000000   -0.05782562   -0.00688183   -0.10662926
  -12.66666667   -0.05830563   -0.00695334   -0.10716788
  -12.58333333   -0.05879422   -0.00702787   -0.10771290
  -12.50000000   -0.05929160   -0.00710487   -0.10826443
  -12.41666667   -0.05979798   -0.00718279   -0.10882259
  -12.33333333   -0.06031357   -0.00726001   -0.10938752
  -12.25000000   -0.06083860   -0.00733591   -0.10995932
  -12.16666667   -0.06137329   -0.00741126   -0.11053813
  -12.08333333   -0.06191789   -0.00748776   -0.11112410
  -12.00000000   -0.06247262   -0.00756697   -0.11171735
  -11.91666667   -0.06303775   -0.00764936   -0.11231804
  -11.83333333   -0.06361354   -0.00773399   -0.11292630
  -11.75000000   -0.06420022   -0.00781913   -0.11354228
  -11.66666667   -0.06479810   -0.00790332   -0.11416614
  -11.58333333   -0.06540744   -0.00798634   -0.11479804
  -11.50000000   -0.06602853   -0.00806934   -0.11543814
  -11.41666667   -0.06666167   -0.00815416   -0.11608660
  -11.33333333   -0.06730716   -0.00824217   -0.11674360
  -11.25000000   -0.06796532   -0.00833340   -0.11740931
  -11.16666667   -0.06863647   -0.00842656   -0.11808391
  -11.08333333   -0.06932094   -0.00851980   -0.11876761
  -11.00000000   -0.07001908   -0.00861192   -0.11946057
  -10.91666667   -0.07073123   -0.00870313   -0.12016300
  -10.83333333   -0.07145777   -0.00879496   -0.12087512
  -10.75000000   -0.07219906   -0.00888929   -0.12159712
  -10.66666667   -0.07295548   -0.00898719   -0.12232922
  -10.58333333   -0.07372745   -0.00908825   -0.12307165
  -10.50000000   -0.07451536   -0.00919081   -0.12382464
  -10.41666667   -0.07531963   -0.00929305   -0.12458842
  -10.33333333   -0.07614070   -0.00939409   -0.12536324
  -10.25000000   -0.07697900   -0.00949463   -0.12614935
  -10.16666667   -0.07783500   -0.00959648   -0.12694701
  -10.08333333   -0.07870918   -0.00970149   -0.12775650
  -10.00000000   -0.07960200   -0.00981034   -0.12857808
   -9.91666667   -0.08051397   -0.00992213   -0.12941205
   -9.83333333   -0.08144562   -0.01003493   -0.13025871
   -9.75000000   -0.08239745   -0.01014702   -0.13111835
   -9.66666667   -0.08337002   -0.01025794   -0.13199130
   -9.58333333   -0.08436390   -0.01036887   -0.13287789
   -9.50000000   -0.08537963   -0.01048188   -0.13377844
   -9.41666667   -0.08641782   -0.01059861   -0.13469333
   -9.33333333   -0.08747909   -0.01071930   -0.13562291
   -9.25000000   -0.08856404   -0.01084256   -0.13656754
   -9.16666667   -0.08967331   -0.01096625   -0.13752764
   -9.08333333   -0.09080758   -0.01108886   -0.13850361
   -9.00000000   -0.09196750   -0.01121045   -0.13949584
   -8.91666667   -0.09315377   -0.01133266   -0.14050480
   -8.83333333   -0.09436712   -0.01145769   -0.14153094
   -8.75000000   -0.09560824   -0.01158689   -0.14257470
   -8.66666667   -0.09687789   -0.01171995   -0.14363659
   -8.58333333   -0.09817685   -0.01185500   -0.14471712
   -8.50000000   -0.09950588   -0.01198981   -0.14581680
   -8.41666667   -0.10086577   -0.01212321   -0.14693619
   -8.33333333   -0.10225738   -0.01225581   -0.14807587
   -8.25000000   -0.10368148   -0.01238967   -0.14923640
   -8.16666667   -0.10513895   -0.01252699   -0.15041842
   -8.08333333   -0.10663068   -0.01266873   -0.15162260
   -8.00000000   -0.10815750   -0.01281392   -0.15284956
   -7.91666667   -0.10972033   -0.01296028   -0.15410003
   -7.83333333   -0.11132007   -0.01310559   -0.15537473
   -7.75000000   -0.11295766   -0.01324912   -0.15667444
   -7.66666667   -0.11463400   -0.01339209   -0.15799994
   -7.58333333   -0.11635005   -0.01353691   -0.15935207
   -7.50000000   -0.11810675   -0.01368562   -0.16073172
   -7.41666667   -0.11990505   -0.01383860   -0.16213978
   -7.33333333   -0.12174591   -0.01399421   -0.16357720
   -7.25000000   -0.12363028   -0.01414979   -0.16504501
   -7.16666667   -0.12555912   -0.01430329   -0.16654425
   -7.08333333   -0.12753335   -0.01445451   -0.16807601
   -7.00000000   -0.12955393   -0.01460528   -0.16964147
   -6.91666667   -0.13162177   -0.01475821   -0.17124183
   -6.83333333   -0.13373775   -0.01491502   -0.17287838
   -6.75000000   -0.13590277   -0.01507533   -0.17455246
   -6.66666667   -0.13811764   -0.01523682   -0.17626550
   -6.58333333   -0.14038315   -0.01539650   -0.17801898
   -6.50000000   -0.14270009   -0.01555261   -0.17981450
   -6.41666667   -0.14506911   -0.01570558   -0.18165371
   -6.33333333   -0.14749085   -0.01585776   -0.18353836
   -6.25000000   -0.14996586   -0.01601181   -0.18547034
   -6.16666667   -0.15249461   -0.01616887   -0.18745160
   -6.08333333   -0.15507742   -0.01632766   -0.18948422
   -6.00000000   -0.15771458   -0.01648507   -0.19157043
   -5.91666667   -0.16040618   -0.01663791   -0.19371258
   -5.83333333   -0.16315217   -0.01678477   -0.19591314
   -5.75000000   -0.16595238   -0.01692676   -0.19817480
   -5.66666667   -0.16880640   -0.01706662   -0.20050037
   -5.58333333   -0.17171362   -0.01720677   -0.20289284
   -5.50000000   -0.17467325   -0.01734748   -0.20535547
   -5.41666667   -0.17768420   -0.01748632   -0.20789167
   -5.33333333   -0.18074507   -0.01761932   -0.21050509
   -5.25000000   -0.18385423   -0.01774311   -0.21319971
   -5.16666667   -0.18700964   -0.01785671   -0.21597972
   -5.08333333   -0.19020890   -0.01796180   -0.21884963
   -5.00000000   -0.19344922   -0.01806125   -0.22181433
   -4.91666667   -0.19672734   -0.01815686   -0.22487905
   -4.83333333   -0.20003951   -0.01824753   -0.22804940
   -4.75000000   -0.20338148   -0.01832936   -0.23133151
   -4.66666667   -0.20674839   -0.01839733   -0.23473194
   -4.58333333   -0.21013476   -0.01844782   -0.23825778
   -4.50000000   -0.21353449   -0.01848017   -0.24191678
   -4.41666667   -0.21694071   -0.01849636   -0.24571729
   -4.33333333   -0.22034579   -0.01849892   -0.24966838
   -4.25000000   -0.22374131   -0.01848828   -0.25377999
   -4.16666667   -0.22711792   -0.01846131   -0.25806288
   -4.08333333   -0.23046535   -0.01841197   -0.26252877
   -4.00000000   -0.23377236   -0.01833379   -0.26719058
   -3.91666667   -0.23702661   -0.01822253   -0.27206232
   -3.83333333   -0.24021466   -0.01807746   -0.27715939
   -3.75000000   -0.24332186   -0.01790022   -0.28249863
   -3.66666667   -0.24633234   -0.01769198   -0.28809852
   -3.58333333   -0.24922886   -0.01745060   -0.29397932
   -3.50000000   -0.25199280   -0.01716958   -0.30016320
   -3.41666667   -0.25460406   -0.01683963   -0.30667445
   -3.33333333   -0.25704096   -0.01645178   -0.31353960
   -3.25000000   -0.25928015   -0.01600030   -0.32078745
   -3.16666667   -0.26129654   -0.01548332   -0.32844922
   -3.08333333   -0.26306316   -0.01490072   -0.33655832
   -3.00000000   -0.26455103   -0.01425046   -0.34515000
   -2.91666667   -0.26572901   -0.01352558   -0.35426073
   -2.83333333   -0.26656371   -0.01271390   -0.36392673
   -2.75000000   -0.26701922   -0.01180060   -0.37418159
   -2.66666667   -0.26705697   -0.01077234   -0.38505231
   -2.58333333   -0.26663550   -0.00962011   -0.39655252
   -2.50000000   -0.26571025   -0.00833901   -0.40867101
   -2.41666667   -0.26423327   -0.00692484   -0.42135321
   -2.33333333   -0.26215302   -0.00536945   -0.43446954
   -2.25000000   -0.25941417   -0.00365782   -0.44776213
   -2.16666667   -0.25595737   -0.00176891   -0.46075451
   -2.08333333   -0.25171923    0.00032006   -0.47259569
   -2.00000000   -0.24663243    0.00262828   -0.48179013
   -1.91666667   -0.24062597    0.00516837   -0.48573095
   -1.83333333   -0.23362595    0.00794766   -0.47990546
   -1.75000000   -0.22555667    0.01097331   -0.45662190
   -1.66666667   -0.21634262    0.01425774   -0.40328505
   -1.58333333   -0.20591120    0.01782081   -0.30124107
   -1.50000000   -0.19419673    0.02168645   -0.12928016
   -1.41666667   -0.18114581    0.02587484    0.11965915
   -1.33333333   -0.16672437    0.03039409    0.40837324
   -1.25000000   -0.15092627    0.03523612    0.65210204
   -1.16666667   -0.13378371    0.04037875    0.78178706
   -1.08333333   -0.11537852    0.04579248    0.79812262
   -1.00000000   -0.09585345    0.05144667    0.74482162
   -0.91666667   -0.07542219    0.05730939    0.66299987
   -0.83333333   -0.05437528    0.06333842    0.57641806
   -0.75000000   -0.03307986    0.06946591    0.49549482
   -0.66666667   -0.01197048    0.07558407    0.42359314
   -0.58333333    0.00847041    0.08154043    0.36097879
   -0.50000000    0.02774216    0.08714790    0.30676654
   -0.41666667    0.04536336    0.09220826    0.25976799
   -0.33333333    0.06091180    0.09654119    0.21882625
   -0.25000000    0.07406085    0.10000794    0.18292745
   -0.16666667    0.08460563    0.10252101    0.15122189
   -0.08333333    0.09247476    0.10403786    0.12301128
    0.00000000    0.09772628    0.10454430    0.09772628
    0.08333333    0.10052978    0.10403786    0.07490348
    0.16666667    0.10113923    0.10252101    0.05416508
    0.25000000    0.09986203    0.10000794    0.03520209
    0.33333333    0.09702912    0.09654119    0.01776084
    0.41666667    0.09296978    0.09220826    0.00163225
    0.50000000    0.08799283    0.08714790   -0.01335659
    0.58333333    0.08237453    0.08154043   -0.02734902
    0.66666667    0.07635234    0.07558407   -0.04046404
    0.75000000    0.07012336    0.06946591   -0.05280034
    0.83333333    0.06384588    0.06333842   -0.06443950
    0.91666667    0.05764303    0.05730939   -0.07544851
    1.00000000    0.05160730    0.05144667   -0.08588167
    1.08333333    0.04580537    0.04579248   -0.09578212
    1.16666667    0.04028284    0.04037875   -0.10518291
    1.25000000    0.03506837    0.03523612   -0.11410794
    1.33333333    0.03017748    0.03039409   -0.12257245
    1.41666667    0.02561554    0.02587484   -0.13058342
    1.50000000    0.02138042    0.02168645   -0.13813984
    1.58333333    0.01746447    0.01782081   -0.14523268
    1.66666667    0.01385625    0.01425774   -0.15184488
    1.75000000    0.01054169    0.01097331   -0.15795116
    1.83333333    0.00750516    0.00794766   -0.16351779
    1.91666667    0.00473016    0.00516837   -0.16850225
    2.00000000    0.00219992    0.00262828   -0.17285303
    2.08333333   -0.00010227    0.00032006   -0.17650923
    2.16666667   -0.00219269   -0.00176891   -0.17940050
    2.25000000   -0.00408704   -0.00365782   -0.18144690
    2.33333333   -0.00580030   -0.00536945   -0.18255918
    2.41666667   -0.00734667   -0.00692484   -0.18263926
    2.50000000   -0.00873947   -0.00833901   -0.18158124
    2.58333333   -0.00999119   -0.00962011   -0.17927295
    2.66666667   -0.01111347   -0.01077234   -0.17559820
    2.75000000   -0.01211711   -0.01180060   -0.17043990
    2.83333333   -0.01301214   -0.01271390   -0.16368405
    2.91666667   -0.01380782   -0.01352558   -0.15522479
    3.00000000   -0.01451269   -0.01425046   -0.14497046
    3.08333333   -0.01513462   -0.01490072   -0.13285033
    3.16666667   -0.01568085   -0.01548332   -0.11882209
    3.25000000   -0.01615804   -0.01600030   -0.10287954
    3.33333333   -0.01657231   -0.01645178   -0.08505950
    3.41666667   -0.01692928   -0.01683963   -0.06544780
    3.50000000   -0.01723407   -0.01716958   -0.04418348
    3.58333333   -0.01749142   -0.01745060   -0.02145952
    3.66666667   -0.01770565   -0.01769198    0.00247916
    3.75000000   -0.01788072   -0.01790022    0.02734152
    3.83333333   -0.01802025   -0.01807746    0.05280038
    3.91666667   -0.01812756   -0.01822253    0.07850490
    4.00000000   -0.01820569   -0.01833379    0.10409524
    4.08333333   -0.01825742   -0.01841197    0.12921863
    4.16666667   -0.01828530   -0.01846131    0.15354378
    4.25000000   -0.01829165   -0.01848828    0.17677485
    4.33333333   -0.01827859   -0.01849892    0.19866067
    4.41666667   -0.01824809   -0.01849636    0.21900175
    4.50000000   -0.01820191   -0.01848017    0.23765339
    4.58333333   -0.01814168   -0.01844782    0.25452432
    4.66666667   -0.01806890   -0.01839733    0.26957357
    4.75000000   -0.01798491   -0.01832936    0.28280494
    4.83333333   -0.01789096   -0.01824753    0.29425955
    4.91666667   -0.01778819   -0.01815686    0.30400854
    5.00000000   -0.01767763   -0.01806125    0.31214578
    5.08333333   -0.01756022   -0.01796180    0.31878052
    5.16666667   -0.01743684   -0.01785671    0.32403152
    5.25000000   -0.01730825   -0.01774311    0.32802195
    5.33333333   -0.01717519   -0.01761932    0.33087505
    5.41666667   -0.01703831   -0.01748632    0.33271112
    5.50000000   -0.01689820   -0.01734748    0.33364516
    5.58333333   -0.01675541   -0.01720677    0.33378528
    5.66666667   -0.01661043   -0.01706662    0.33323179
    5.75000000   -0.01646371   -0.01692676    0.33207667
    5.83333333   -0.01631565   -0.01678477    0.33040348
    5.91666667   -0.01616663   -0.01663791    0.32828754
    6.00000000   -0.01601698   -0.01648507    0.32579624
    6.08333333   -0.01586701   -0.01632766    0.32298952
    6.16666667   -0.01571699   -0.01616887    0.31992045
    6.25000000   -0.01556717   -0.01601181    0.31663571
    6.33333333   -0.01541778   -0.01585776    0.31317629
    6.41666667   -0.01526901   -0.01570558    0.30957797
    6.50000000   -0.01512104   -0.01555261    0.30587187
    6.58333333   -0.01497405   -0.01539650    0.30208500
    6.66666667   -0.01482817   -0.01523682    0.29824073
    6.75000000   -0.01468353   -0.01507533    0.29435912
    6.83333333   -0.01454025   -0.01491502    0.29045743
    6.91666667   -0.01439844   -0.01475821    0.28655044
    7.00000000   -0.01425817   -0.01460528    0.28265066
    7.08333333   -0.01411954   -0.01445451    0.27876875
    7.16666667   -0.01398260   -0.01430329    0.27491370
    7.25000000   -0.01384742   -0.01414979    0.27109298
    7.33333333   -0.01371405   -0.01399421    0.26731288
    7.41666667   -0.01358253   -0.01383860    0.26357856
    7.50000000   -0.01345291   -0.01368562    0.25989421
    7.58333333   -0.01332520   -0.01353691    0.25626322
    7.66666667   -0.01319943   -0.01339209    0.25268831
    7.75000000   -0.01307563   -0.01324912    0.24917149
    7.83333333   -0.01295380   -0.01310559    0.24571435
    7.91666667   -0.01283396   -0.01296028    0.24231800
    8.00000000   -0.01271611   -0.01281392    0.23898311
    8.08333333   -0.01260025   -0.01266873    0.23571010
    8.16666667   -0.01248638   -0.01252699    0.23249903
    8.25000000   -0.01237450   -0.01238967    0.22934983
    8.33333333   -0.01226460   -0.01225581    0.22626214
    8.41666667   -0.01215667   -0.01212321    0.22323542
    8.50000000   -0.01205070   -0.01198981    0.22026910
    8.58333333   -0.01194667   -0.01185500    0.21736239
    8.66666667   -0.01184457   -0.01171995    0.21451440
    8.75000000   -0.01174439   -0.01158689    0.21172427
    8.83333333   -0.01164610   -0.01145769    0.20899098
    8.91666667   -0.01154969   -0.01133266    0.20631345
    9.00000000   -0.01145513   -0.01121045    0.20369067
    9.08333333   -0.01136241   -0.01108886    0.20112150
    9.16666667   -0.01127150   -0.01096625    0.19860479
    9.25000000   -0.01118237   -0.01084256    0.19613948
    9.33333333   -0.01109501   -0.01071930    0.19372438
    9.41666667   -0.01100939   -0.01059861    0.19135833
    9.50000000   -0.01092549   -0.01048188    0.18904025
    9.58333333   -0.01084327   -0.01036887    0.18676898
    9.66666667   -0.01076272   -0.01025794    0.18454340
    9.75000000   -0.01068382   -0.01014702    0.18236243
    9.83333333   -0.01060652   -0.01003493    0.18022498
    9.91666667   -0.01053082   -0.00992213    0.17812995
   10.00000000   -0.01045668   -0.00981034    0.17607635
   10.08333333   -0.01038407   -0.00970149    0.17406311
   10.16666667   -0.01031298   -0.00959648    0.17208921
   10.25000000   -0.01024338   -0.00949463    0.17015371
   10.33333333   -0.01017524   -0.00939409    0.16825563
   10.41666667   -0.01010853   -0.00929305    0.16639400
   10.50000000   -0.01004323   -0.00919081    0.16456794
   10.58333333   -0.00997932   -0.00908825    0.16277655
   10.66666667   -0.00991677   -0.00898719    0.16101893
   10.75000000   -0.00985556   -0.00888929    0.15929427
   10.83333333   -0.00979565   -0.00879496    0.15760173
   10.91666667   -0.00973704   -0.00870313    0.15594048
   11.00000000   -0.00967969   -0.00861192    0.15430977
   11.08333333   -0.00962358   -0.00851980    0.15270883
   11.16666667   -0.00956869   -0.00842656    0.15113690
   11.25000000   -0.00951499   -0.00833340    0.14959329
   11.33333333   -0.00946247   -0.00824217    0.14807729
   11.41666667   -0.00941109   -0.00815416    0.14658819
   11.50000000   -0.00936085   -0.00806934    0.14512538
   11.58333333   -0.00931171   -0.00798634    0.14368819
   11.66666667   -0.00926365   -0.00790332    0.14227599
   11.75000000   -0.00921666   -0.00781913    0.14088819
   11.83333333   -0.00917072   -0.00773399    0.13952420
   11.91666667   -0.00912579   -0.00764936    0.13818343
   12.00000000   -0.00908187   -0.00756697    0.13686536
   12.08333333   -0.00903894   -0.00748776    0.13556942
   12.16666667   -0.00899697   -0.00741126    0.13429508
   12.25000000   -0.00895594   -0.00733591    0.13304186
   12.33333333   -0.00891584   -0.00726001    0.13180926
   12.41666667   -0.00887665   -0.00718279    0.13059677
   12.50000000   -0.00883836   -0.00710487    0.12940396
   12.58333333   -0.00880093   -0.00702787    0.12823036
   12.66666667   -0.00876436   -0.00695334    0.12707552
   12.75000000   -0.00872864   -0.00688183    0.12593903
   12.83333333   -0.00869373   -0.00681250    0.12482047
   12.91666667   -0.00865963   -0.00674368    0.12371942
   13.00000000   -0.00862632   -0.00667388    0.12263550
   13.08333333   -0.00859379   -0.00660273    0.12156834
   13.16666667   -0.00856201   -0.00653119    0.12051754
   13.25000000   -0.00853098   -0.00646093    0.11948276
   13.33333333   -0.00850068   -0.00639329    0.11846365
   13.41666667   -0.00847109   -0.00632841    0.11745984
   13.50000000   -0.00844221   -0.00626516    0.11647104
   13.58333333   -0.00841401   -0.00620183    0.11549690
   13.66666667   -0.00838648   -0.00613719    0.11453710
   13.75000000   -0.00835961   -0.00607125    0.11359136
   13.83333333   -0.00833339   -0.00600527    0.11265937
   13.91666667   -0.00830780   -0.00594090    0.11174082
   14.00000000   -0.00828284   -0.00587920    0.11083546
   14.08333333   -0.00825848   -0.00581993    0.10994301
   14.16666667   -0.00823471   -0.00576171    0.10906318
   14.25000000   -0.00821154   -0.00570288    0.10819573
   14.33333333   -0.00818893   -0.00564250    0.10734041
   14.41666667   -0.00816688   -0.00558097    0.10649695
   14.50000000   -0.00814539   -0.00551973    0.10566514
   14.58333333   -0.00812444   -0.00546039    0.10484473
   14.66666667   -0.00810401   -0.00540369    0.10403548
   14.75000000   -0.00808410   -0.00534902    0.10323720
   14.83333333   -0.00806470   -0.00529484    0.10244965
   14.91666667   -0.00804579   -0.00523955    0.10167261
   15.00000000   -0.00802738   -0.00518256    0.10090591
   15.08333333   -0.00800944   -0.00512460    0.10014932
   15.16666667   -0.00799197   -0.00506729    0.09940264
   15.25000000   -0.00797495   -0.00501210    0.09866571
   15.33333333   -0.00795839   -0.00495943    0.09793832
   15.41666667   -0.00794227   -0.00490837    0.09722029
   15.50000000   -0.00792658   -0.00485721    0.09651146
   15.58333333   -0.00791132   -0.00480451    0.09581164
   15.66666667   -0.00789647   -0.00475000    0.09512066
   15.75000000   -0.00788203   -0.00469474    0.09443837
   15.83333333   -0.00786798   -0.00464045    0.09376461
   15.91666667   -0.00785433   -0.00458846    0.09309920
   16.00000000   -0.00784106   -0.00453884    0.09244202
   16.08333333   -0.00782816   -0.00449033    0.09179289
   16.16666667   -0.00781564   -0.00444112    0.09115170
   16.25000000   -0.00780347   -0.00438996    0.09051827
   16.33333333   -0.00779166   -0.00433691    0.08989248
   16.41666667   -0.00778020   -0.00428334    0.08927420
   16.50000000   -0.00776908   -0.00423106    0.08866328
   16.58333333   -0.00775829   -0.00418121    0.08805960
   16.66666667   -0.00774782   -0.00413351    0.08746305
   16.75000000   -0.00773768   -0.00408639    0.08687348
   16.83333333   -0.00772785   -0.00403793    0.08629077
   16.91666667   -0.00771833   -0.00398707    0.08571483
   17.00000000   -0.00770911   -0.00393422    0.08514552
   17.08333333   -0.00770019   -0.00388107    0.08458272
   17.16666667   -0.00769155   -0.00382955    0.08402636
   17.25000000   -0.00768320   -0.00378059    0.08347628
   17.33333333   -0.00767513   -0.00373350    0.08293240
   17.41666667   -0.00766734   -0.00368637    0.08239464
   17.50000000   -0.00765981   -0.00363716    0.08186285
   17.58333333   -0.00765254   -0.00358497    0.08133696
   17.66666667   -0.00764554   -0.00353064    0.08081688
   17.75000000   -0.00763878   -0.00347625    0.08030250
   17.83333333   -0.00763227   -0.00342387    0.07979373
   17.91666667   -0.00762601   -0.00337422    0.07929049
   18.00000000   -0.00761998   -0.00332618    0.07879267
   18.08333333   -0.00761419   -0.00327731    0.07830020
   18.16666667   -0.00760862   -0.00322535    0.07781300
   18.25000000   -0.00760328   -0.00316960    0.07733097
   18.33333333   -0.00759816   -0.00311141    0.07685403
   18.41666667   -0.00759326   -0.00305350    0.07638213
   18.50000000   -0.00758857   -0.00299825    0.07591514
   18.58333333   -0.00758408   -0.00294624    0.07545303
   18.66666667   -0.00757980   -0.00289565    0.07499570
   18.75000000   -0.00757572   -0.00284324    0.07454309
   18.83333333   -0.00757183   -0.00278624    0.07409511
   18.91666667   -0.00756813   -0.00272416    0.07365171
   19.00000000   -0.00756463   -0.00265937    0.07321281
   19.08333333   -0.00756131   -0.00259595    0.07277833
   19.16666667   -0.00755816   -0.00253743    0.07234824
   19.25000000   -0.00755520   -0.00248452    0.07192244
   19.33333333   -0.00755241   -0.00243443    0.07150087
   19.41666667   -0.00754979   -0.00238227    0.07108349
   19.50000000   -0.00754733   -0.00232419    0.07067022
   19.58333333   -0.00754504   -0.00226061    0.07026099
   19.66666667   -0.00754292   -0.00219787    0.06985578
   19.75000000   -0.00754094   -0.00214688    0.06945449
   19.83333333   -0.00753913   -0.00211931    0.06905708
   19.91666667   -0.00753746   -0.00212250    0.06866350
   20.00000000   -0.00753595   -0.00215558    0.06827369
