  -20.00000000    0.04707370   -0.00433500   -0.03240622
  -19.91666667    0.04720736   -0.00467153   -0.03263826
  -19.83333333    0.04734230   -0.00490537   -0.03287239
  -19.75000000    0.04747853   -0.00504134   -0.03310867
  -19.66666667    0.04761607   -0.00511479   -0.03334710
  -19.58333333    0.04775494   -0.00517295   -0.03358772
  -19.50000000    0.04789516   -0.00525355   -0.03383056
  -19.41666667    0.04803674   -0.00537072   -0.03407566
  -19.33333333    0.04817971   -0.00551407   -0.03432303
  -19.25000000    0.04832409   -0.00565942   -0.03457272
  -19.16666667    0.04846990   -0.00578459   -0.03482476
  -19.08333333    0.04861716   -0.00588126   -0.03507917
  -19.00000000    0.04876589   -0.00595751   -0.03533600
  -18.91666667    0.04891611   -0.00603094   -0.03559528
  -18.83333333    0.04906784   -0.00611738   -0.03585704
  -18.75000000    0.04922112   -0.00622207   -0.03612132
  -18.66666667    0.04937595   -0.00633799   -0.03638815
  -18.58333333    0.04953237   -0.00645141   -0.03665758
  -18.50000000    0.04969040   -0.00655088   -0.03692964
  -18.41666667    0.04985006   -0.00663383   -0.03720436
  -18.33333333    0.05001138   -0.00670735   -0.03748179
  -18.25000000    0.05017439   -0.00678316   -0.03776198
  -18.16666667    0.05033910   -0.00687022   -0.03804495
  -18.08333333    0.05050555   -0.00696961   -0.03833075
  -18.00000000    0.05067377   -0.00707454   -0.03861943
  -17.91666667    0.05084378   -0.00717515   -0.03891102
  -17.83333333    0.05101561   -0.00726474   -0.03920557
  -17.75000000    0.05118929   -0.00734371   -0.03950313
  -17.66666667    0.05136484   -0.00741887   -0.03980375
  -17.58333333    0.05154231   -0.00749893   -0.04010746
  -17.50000000    0.05172172   -0.00758906   -0.04041432
  -17.41666667    0.05190310   -0.00768798   -0.04072438
  -17.33333333    0.05208647   -0.00778913   -0.04103767
  -17.25000000    0.05227189   -0.00788509   -0.04135427
  -17.16666667    0.05245939   -0.00797215   -0.04167422
  -17.08333333    0.05264898   -0.00805251   -0.04199757
  -17.00000000    0.05284071   -0.00813261   -0.04232438
  -16.91666667    0.05303462   -0.00821899   -0.04265470
  -16.83333333    0.05323074   -0.00831425   -0.04298858
  -16.75000000    0.05342911   -0.00841566   -0.04332610
  -16.66666667    0.05362976   -0.00851711   -0.04366730
  -16.58333333    0.05383274   -0.00861307   -0.04401225
  -16.50000000    0.05403810   -0.00870203   -0.04436100
  -16.41666667    0.05424585   -0.00878730   -0.04471363
  -16.33333333    0.05445606   -0.00887478   -0.04507018
  -16.25000000    0.05466876   -0.00896918   -0.04543075
  -16.16666667    0.05488399   -0.00907121   -0.04579538
  -16.08333333    0.05510180   -0.00917726   -0.04616414
  -16.00000000    0.05532224   -0.00928185   -0.04653711
  -15.91666667    0.05554536   -0.00938113   -0.04691436
  -15.83333333    0.05577119   -0.00947526   -0.04729597
  -15.75000000    0.05599979   -0.00956817   -0.04768200
  -15.66666667    0.05623122   -0.00966502   -0.04807253
  -15.58333333    0.05646551   -0.00976896   -0.04846766
  -15.50000000    0.05670273   -0.00987922   -0.04886744
  -15.41666667    0.05694292   -0.00999176   -0.04927196
  -15.33333333    0.05718615   -0.01010190   -0.04968132
  -15.25000000    0.05743247   -0.01020730   -0.05009559
  -15.16666667    0.05768193   -0.01030937   -0.05051487
  -15.08333333    0.05793461   -0.01041230   -0.05093925
  -15.00000000    0.05819054   -0.01052040   -0.05136881
  -14.91666667    0.05844981   -0.01063537   -0.05180365
  -14.83333333    0.05871247   -0.01075535   -0.05224387
  -14.75000000    0.05897859   -0.01087623   -0.05268957
  -14.66666667    0.05924823   -0.01099426   -0.05314084
  -14.58333333    0.05952146   -0.01110843   -0.05359781
  -14.50000000    0.05979836   -0.01122108   -0.05406056
  -14.41666667    0.06007900   -0.01133635   -0.05452920
  -14.33333333    0.06036345   -0.01145755   -0.05500387
  -14.25000000    0.06065178   -0.01158515   -0.05548466
  -14.16666667    0.06094407   -0.01171655   -0.05597169
  -14.08333333    0.06124041   -0.01184781   -0.05646509
  -14.00000000    0.06154087   -0.01197619   -0.05696498
  -13.91666667    0.06184555   -0.01210187   -0.05747148
  -13.83333333    0.06215452   -0.01222779   -0.05798473
  -13.75000000    0.06246787   -0.01235776   -0.05850485
  -13.66666667    0.06278570   -0.01249410   -0.05903199
  -13.58333333    0.06310809   -0.01263619   -0.05956629
  -13.50000000    0.06343515   -0.01278099   -0.06010789
  -13.41666667    0.06376698   -0.01292499   -0.06065693
  -13.33333333    0.06410367   -0.01306650   -0.06121358
  -13.25000000    0.06444532   -0.01320665   -0.06177798
  -13.16666667    0.06479205   -0.01334872   -0.06235029
  -13.08333333    0.06514396   -0.01349599   -0.06293069
  -13.00000000    0.06550117   -0.01364977   -0.06351933
  -12.91666667    0.06586379   -0.01380858   -0.06411639
  -12.83333333    0.06623194   -0.01396921   -0.06472205
  -12.75000000    0.06660575   -0.01412878   -0.06533649
  -12.66666667    0.06698533   -0.01428658   -0.06595990
  -12.58333333    0.06737083   -0.01444453   -0.06659247
  -12.50000000    0.06776236   -0.01460596   -0.06723440
  -12.41666667    0.06816007   -0.01477348   -0.06788589
  -12.33333333    0.06856411   -0.01494743   -0.06854716
  -12.25000000    0.06897460   -0.01512571   -0.06921840
  -12.16666667    0.06939171   -0.01530518   -0.06989985
  -12.08333333    0.06981559   -0.01548371   -0.07059175
  -12.00000000    0.07024639   -0.01566154   -0.07129430
  -11.91666667    0.07068428   -0.01584112   -0.07200776
  -11.83333333    0.07112942   -0.01602559   -0.07273239
  -11.75000000    0.07158199   -0.01621681   -0.07346841
  -11.66666667    0.07204216   -0.01641426   -0.07421611
  -11.58333333    0.07251012   -0.01661543   -0.07497575
  -11.50000000    0.07298605   -0.01681751   -0.07574760
  -11.41666667    0.07347015   -0.01701916   -0.07653194
  -11.33333333    0.07396263   -0.01722144   -0.07732909
  -11.25000000    0.07446367   -0.01742713   -0.07813933
  -11.16666667    0.07497350   -0.01763899   -0.07896296
  -11.08333333    0.07549234   -0.01785808   -0.07980033
  -11.00000000    0.07602040   -0.01808316   -0.08065174
  -10.91666667    0.07655792   -0.01831156   -0.08151753
  -10.83333333    0.07710516   -0.01854094   -0.08239807
  -10.75000000    0.07766233   -0.01877082   -0.08329370
  -10.66666667    0.07822971   -0.01900291   -0.08420478
  -10.58333333    0.07880756   -0.01924008   -0.08513172
  -10.50000000    0.07939614   -0.01948458   -0.08607487
  -10.41666667    0.07999573   -0.01973667   -0.08703466
  -10.33333333    0.08060663   -0.01999459   -0.08801149
  -10.25000000    0.08122912   -0.02025571   -0.08900579
  -10.16666667    0.08186352   -0.02051831   -0.09001799
  -10.08333333    0.08251015   -0.02078272   -0.09104855
  -10.00000000    0.08316932   -0.02105116   -0.09209791
   -9.91666667    0.08384137   -0.02132636   -0.09316657
   -9.83333333    0.08452666   -0.02160997   -0.09425501
   -9.75000000    0.08522553   -0.02190153   -0.09536372
   -9.66666667    0.08593835   -0.02219892   -0.09649322
   -9.58333333    0.08666552   -0.02249978   -0.09764406
   -9.50000000    0.08740741   -0.02280311   -0.09881675
   -9.41666667    0.08816443   -0.02310995   -0.10001185
   -9.33333333    0.08893701   -0.02342283   -0.10122997
   -9.25000000    0.08972557   -0.02374421   -0.10247164
   -9.16666667    0.09053055   -0.02407506   -0.10373748
   -9.08333333    0.09135241   -0.02441433   -0.10502813
   -9.00000000    0.09219162   -0.02475975   -0.10634417
   -8.91666667    0.09304867   -0.02510940   -0.10768626
   -8.83333333    0.09392407   -0.02546303   -0.10905507
   -8.75000000    0.09481831   -0.02582230   -0.11045122
   -8.66666667    0.09573193   -0.02618986   -0.11187541
   -8.58333333    0.09666548   -0.02656775   -0.11332834
   -8.50000000    0.09761952   -0.02695628   -0.11481067
   -8.41666667    0.09859462   -0.02735394   -0.11632311
   -8.33333333    0.09959139   -0.02775855   -0.11786638
   -8.25000000    0.10061042   -0.02816877   -0.11944117
   -8.16666667    0.10165234   -0.02858508   -0.12104819
   -8.08333333    0.10271780   -0.02900964   -0.12268818
   -8.00000000    0.10380743   -0.02944503   -0.12436179
   -7.91666667    0.10492194   -0.02989280   -0.12606975
   -7.83333333    0.10606198   -0.03035264   -0.12781271
   -7.75000000    0.10722828   -0.03082279   -0.12959135
   -7.66666667    0.10842154   -0.03130137   -0.13140629
   -7.58333333    0.10964249   -0.03178769   -0.13325812
   -7.50000000    0.11089188   -0.03228297   -0.13514739
   -7.41666667    0.11217046   -0.03278967   -0.13707461
   -7.33333333    0.11347897   -0.03331017   -0.13904020
   -7.25000000    0.11481822   -0.03384549   -0.14104454
   -7.16666667    0.11618895   -0.03439486   -0.14308788
   -7.08333333    0.11759195   -0.03495647   -0.14517037
   -7.00000000    0.11902801   -0.03552889   -0.14729205
   -6.91666667    0.12049789   -0.03611221   -0.14945279
   -6.83333333    0.12200235   -0.03670826   -0.15165227
   -6.75000000    0.12354218   -0.03731970   -0.15389002
   -6.66666667    0.12511810   -0.03794861   -0.15616527
   -6.58333333    0.12673082   -0.03859550   -0.15847699
   -6.50000000    0.12838105   -0.03925932   -0.16082386
   -6.41666667    0.13006943   -0.03993845   -0.16320417
   -6.33333333    0.13179657   -0.04063210   -0.16561576
   -6.25000000    0.13356302   -0.04134117   -0.16805606
   -6.16666667    0.13536927   -0.04206802   -0.17052189
   -6.08333333    0.13721572   -0.04281539   -0.17300946
   -6.00000000    0.13910269   -0.04358505   -0.17551431
   -5.91666667    0.14103039   -0.04437712   -0.17803113
   -5.83333333    0.14299887   -0.04519051   -0.18055371
   -5.75000000    0.14500808   -0.04602405   -0.18307487
   -5.66666667    0.14705779   -0.04687778   -0.18558623
   -5.58333333    0.14914753   -0.04775342   -0.18807817
   -5.50000000    0.15127668   -0.04865384   -0.19053970
   -5.41666667    0.15344430   -0.04958179   -0.19295822
   -5.33333333    0.15564920   -0.05053880   -0.19531945
   -5.25000000    0.15788987   -0.05152487   -0.19760731
   -5.16666667    0.16016441   -0.05253918   -0.19980366
   -5.08333333    0.16247050   -0.05358133   -0.20188829
   -5.00000000    0.16480540   -0.05465240   -0.20383878
   -4.91666667    0.16716580   -0.05575502   -0.20563037
   -4.83333333    0.16954784   -0.05689257   -0.20723601
   -4.75000000    0.17194703   -0.05806794   -0.20862637
   -4.66666667    0.17435814   -0.05928267   -0.20976993
   -4.58333333    0.17677515   -0.06053703   -0.21063327
   -4.50000000    0.17919119   -0.06183097   -0.21118137
   -4.41666667    0.18159842   -0.06316533   -0.21137816
   -4.33333333    0.18398792   -0.06454253   -0.21118720
   -4.25000000    0.18634967   -0.06596635   -0.21057254
   -4.16666667    0.18867235   -0.06744093   -0.20949985
   -4.08333333    0.19094328   -0.06896967   -0.20793767
   -4.00000000    0.19314830   -0.07055471   -0.20585888
   -3.91666667    0.19527163   -0.07219735   -0.20324235
   -3.83333333    0.19729574   -0.07389915   -0.20007461
   -3.75000000    0.19920122   -0.07566291   -0.19635157
   -3.66666667    0.20096664   -0.07749308   -0.19208004
   -3.58333333    0.20256839   -0.07939522   -0.18727912
   -3.50000000    0.20398052   -0.08137500   -0.18198112
   -3.41666667    0.20517457   -0.08343733   -0.17623197
   -3.33333333    0.20611936   -0.08558625   -0.17009106
   -3.25000000    0.20678082   -0.08782559   -0.16363043
   -3.16666667    0.20712176   -0.09016007   -0.15693311
   -3.08333333    0.20710161   -0.09259602   -0.15009106
   -3.00000000    0.20667613   -0.09514145   -0.14320245
   -2.91666667    0.20579715   -0.09780534   -0.13636863
   -2.83333333    0.20441217   -0.10059683   -0.12969098
   -2.75000000    0.20246400   -0.10352475   -0.12326796
   -2.66666667    0.19989032   -0.10659784   -0.11719227
   -2.58333333    0.19662319   -0.10982560   -0.11154860
   -2.50000000    0.19258865   -0.11321910   -0.10641205
   -2.41666667    0.18770615   -0.11679142   -0.10184695
   -2.33333333    0.18188816   -0.12055738   -0.09790656
   -2.25000000    0.17503989   -0.12453298   -0.09463326
   -2.16666667    0.16705917   -0.12873487   -0.09205919
   -2.08333333    0.15783670   -0.13318039   -0.09020735
   -2.00000000    0.14725705   -0.13788793   -0.08909296
   -1.91666667    0.13520015   -0.14287747   -0.08872498
   -1.83333333    0.12154433   -0.14817066   -0.08910766
   -1.75000000    0.10617060   -0.15379051   -0.09024217
   -1.66666667    0.08896927   -0.15976066   -0.09212809
   -1.58333333    0.06984885   -0.16610480   -0.09476485
   -1.50000000    0.04874777   -0.17284619   -0.09815313
   -1.41666667    0.02564936   -0.18000720   -0.10229599
   -1.33333333    0.00059918   -0.18760801   -0.10720008
   -1.25000000   -0.02627600   -0.19566413   -0.11287674
   -1.16666667   -0.05474933   -0.20418281   -0.11934293
   -1.08333333   -0.08447882   -0.21315896   -0.12662235
   -1.00000000   -0.11499976   -0.22257155   -0.13474642
   -0.91666667   -0.14572882   -0.23238096   -0.14375538
   -0.83333333   -0.17598428   -0.24252612   -0.15369954
   -0.75000000   -0.20502309   -0.25291974   -0.16464048
   -0.66666667   -0.23209346   -0.26343959   -0.17665264
   -0.58333333   -0.25649640   -0.27391594   -0.18982492
   -0.50000000   -0.27764671   -0.28411821   -0.20426253
   -0.41666667   -0.29512309   -0.29374704   -0.22008907
   -0.33333333   -0.30869808   -0.30243927   -0.23744867
   -0.25000000   -0.31834367   -0.30979147   -0.25650823
   -0.16666667   -0.32421370   -0.31540201   -0.27745927
   -0.08333333   -0.32660859   -0.31892561   -0.30051920
    0.00000000   -0.32593079   -0.32012784   -0.32593079
    0.08333333   -0.32263904   -0.31892561   -0.35395871
    0.16666667   -0.31720770   -0.31540201   -0.38488008
    0.25000000   -0.31009503   -0.30979147   -0.41896506
    0.33333333   -0.30172128   -0.30243927   -0.45643987
    0.41666667   -0.29245611   -0.29374704   -0.49742063
    0.50000000   -0.28261345   -0.28411821   -0.54180004
    0.58333333   -0.27245186   -0.27391594   -0.58906045
    0.66666667   -0.26217831   -0.26343959   -0.63798189
    0.75000000   -0.25195406   -0.25291974   -0.68621856
    0.83333333   -0.24190109   -0.24252612   -0.72976349
    0.91666667   -0.23210872   -0.23238096   -0.76244786
    1.00000000   -0.22263969   -0.22257155   -0.77587761
    1.08333333   -0.21353554   -0.21315896   -0.76051061
    1.16666667   -0.20482122   -0.20418281   -0.70851324
    1.25000000   -0.19650894   -0.19566413   -0.61792570
    1.33333333   -0.18860132   -0.18760801   -0.49567723
    1.41666667   -0.18109388   -0.18000720   -0.35642614
    1.50000000   -0.17397706   -0.17284619   -0.21717340
    1.58333333   -0.16723775   -0.16610480   -0.09139144
    1.66666667   -0.16086054   -0.15976066    0.01373440
    1.75000000   -0.15482853   -0.15379051    0.09665929
    1.83333333   -0.14912415   -0.14817066    0.15931469
    1.91666667   -0.14372960   -0.14287747    0.20509088
    2.00000000   -0.13862717   -0.13788793    0.23756588
    2.08333333   -0.13379964   -0.13318039    0.25990615
    2.16666667   -0.12923031   -0.12873487    0.27468227
    2.25000000   -0.12490325   -0.12453298    0.28388452
    2.33333333   -0.12080328   -0.12055738    0.28901377
    2.41666667   -0.11691603   -0.11679142    0.29118533
    2.50000000   -0.11322802   -0.11321910    0.29122177
    2.58333333   -0.10972655   -0.10982560    0.28972782
    2.66666667   -0.10639970   -0.10659784    0.28714769
    2.75000000   -0.10323641   -0.10352475    0.28380784
    2.83333333   -0.10022629   -0.10059683    0.27994839
    2.91666667   -0.09735968   -0.09780534    0.27574611
    3.00000000   -0.09462760   -0.09514145    0.27133121
    3.08333333   -0.09202166   -0.09259602    0.26679942
    3.16666667   -0.08953407   -0.09016007    0.26222101
    3.25000000   -0.08715760   -0.08782559    0.25764733
    3.33333333   -0.08488550   -0.08558625    0.25311558
    3.41666667   -0.08271151   -0.08343733    0.24865242
    3.50000000   -0.08062982   -0.08137500    0.24427661
    3.58333333   -0.07863498   -0.07939522    0.24000099
    3.66666667   -0.07672196   -0.07749308    0.23583392
    3.75000000   -0.07488606   -0.07566291    0.23178051
    3.83333333   -0.07312290   -0.07389915    0.22784333
    3.91666667   -0.07142841   -0.07219735    0.22402309
    4.00000000   -0.06979878   -0.07055471    0.22031921
    4.08333333   -0.06823047   -0.06896967    0.21673003
    4.16666667   -0.06672018   -0.06744093    0.21325326
    4.25000000   -0.06526480   -0.06596635    0.20988602
    4.33333333   -0.06386144   -0.06454253    0.20662515
    4.41666667   -0.06250742   -0.06316533    0.20346729
    4.50000000   -0.06120020   -0.06183097    0.20040889
    4.58333333   -0.05993740   -0.06053703    0.19744639
    4.66666667   -0.05871683   -0.05928267    0.19457625
    4.75000000   -0.05753639   -0.05806794    0.19179491
    4.83333333   -0.05639413   -0.05689257    0.18909892
    4.91666667   -0.05528824   -0.05575502    0.18648492
    5.00000000   -0.05421697   -0.05465240    0.18394963
    5.08333333   -0.05317872   -0.05358133    0.18148989
    5.16666667   -0.05217197   -0.05253918    0.17910267
    5.25000000   -0.05119529   -0.05152487    0.17678502
    5.33333333   -0.05024731   -0.05053880    0.17453416
    5.41666667   -0.04932679   -0.04958179    0.17234742
    5.50000000   -0.04843250   -0.04865384    0.17022219
    5.58333333   -0.04756333   -0.04775342    0.16815606
    5.66666667   -0.04671821   -0.04687778    0.16614668
    5.75000000   -0.04589611   -0.04602405    0.16419181
    5.83333333   -0.04509610   -0.04519051    0.16228932
    5.91666667   -0.04431726   -0.04437712    0.16043720
    6.00000000   -0.04355874   -0.04358505    0.15863349
    6.08333333   -0.04281973   -0.04281539    0.15687636
    6.16666667   -0.04209947   -0.04206802    0.15516406
    6.25000000   -0.04139721   -0.04134117    0.15349489
    6.33333333   -0.04071227   -0.04063210    0.15186727
    6.41666667   -0.04004400   -0.03993845    0.15027967
    6.50000000   -0.03939176   -0.03925932    0.14873064
    6.58333333   -0.03875497   -0.03859550    0.14721878
    6.66666667   -0.03813307   -0.03794861    0.14574279
    6.75000000   -0.03752550   -0.03731970    0.14430138
    6.83333333   -0.03693177   -0.03670826    0.14289336
    6.91666667   -0.03635139   -0.03611221    0.14151758
    7.00000000   -0.03578389   -0.03552889    0.14017293
    7.08333333   -0.03522882   -0.03495647    0.13885835
    7.16666667   -0.03468578   -0.03439486    0.13757286
    7.25000000   -0.03415434   -0.03384549    0.13631546
    7.33333333   -0.03363413   -0.03331017    0.13508526
    7.41666667   -0.03312478   -0.03278967    0.13388137
    7.50000000   -0.03262593   -0.03228297    0.13270293
    7.58333333   -0.03213725   -0.03178769    0.13154914
    7.66666667   -0.03165843   -0.03130137    0.13041924
    7.75000000   -0.03118913   -0.03082279    0.12931246
    7.83333333   -0.03072908   -0.03035264    0.12822811
    7.91666667   -0.03027799   -0.02989280    0.12716549
    8.00000000   -0.02983558   -0.02944503    0.12612395
    8.08333333   -0.02940160   -0.02900964    0.12510286
    8.16666667   -0.02897579   -0.02858508    0.12410160
    8.25000000   -0.02855793   -0.02816877    0.12311961
    8.33333333   -0.02814776   -0.02775855    0.12215632
    8.41666667   -0.02774508   -0.02735394    0.12121119
    8.50000000   -0.02734967   -0.02695628    0.12028371
    8.58333333   -0.02696133   -0.02656775    0.11937338
    8.66666667   -0.02657985   -0.02618986    0.11847971
    8.75000000   -0.02620505   -0.02582230    0.11760226
    8.83333333   -0.02583675   -0.02546303    0.11674056
    8.91666667   -0.02547477   -0.02510940    0.11589420
    9.00000000   -0.02511895   -0.02475975    0.11506276
    9.08333333   -0.02476911   -0.02441433    0.11424585
    9.16666667   -0.02442510   -0.02407506    0.11344306
    9.25000000   -0.02408678   -0.02374421    0.11265406
    9.33333333   -0.02375399   -0.02342283    0.11187846
    9.41666667   -0.02342659   -0.02310995    0.11111593
    9.50000000   -0.02310445   -0.02280311    0.11036614
    9.58333333   -0.02278743   -0.02249978    0.10962875
    9.66666667   -0.02247541   -0.02219892    0.10890346
    9.75000000   -0.02216826   -0.02190153    0.10818998
    9.83333333   -0.02186588   -0.02160997    0.10748801
    9.91666667   -0.02156813   -0.02132636    0.10679725
   10.00000000   -0.02127491   -0.02105116    0.10611746
   10.08333333   -0.02098612   -0.02078272    0.10544837
   10.16666667   -0.02070164   -0.02051831    0.10478970
   10.25000000   -0.02042139   -0.02025571    0.10414123
   10.33333333   -0.02014526   -0.01999459    0.10350272
   10.41666667   -0.01987315   -0.01973667    0.10287392
   10.50000000   -0.01960498   -0.01948458    0.10225462
   10.58333333   -0.01934066   -0.01924008    0.10164461
   10.66666667   -0.01908009   -0.01900291    0.10104365
   10.75000000   -0.01882321   -0.01877082    0.10045157
   10.83333333   -0.01856992   -0.01854094    0.09986816
   10.91666667   -0.01832015   -0.01831156    0.09929321
   11.00000000   -0.01807383   -0.01808316    0.09872656
   11.08333333   -0.01783088   -0.01785808    0.09816802
   11.16666667   -0.01759122   -0.01763899    0.09761741
   11.25000000   -0.01735479   -0.01742713    0.09707456
   11.33333333   -0.01712153   -0.01722144    0.09653931
   11.41666667   -0.01689136   -0.01701916    0.09601149
   11.50000000   -0.01666422   -0.01681751    0.09549095
   11.58333333   -0.01644005   -0.01661543    0.09497754
   11.66666667   -0.01621879   -0.01641426    0.09447110
   11.75000000   -0.01600038   -0.01621681    0.09397151
   11.83333333   -0.01578477   -0.01602559    0.09347861
   11.91666667   -0.01557189   -0.01584112    0.09299227
   12.00000000   -0.01536170   -0.01566154    0.09251236
   12.08333333   -0.01515415   -0.01548371    0.09203875
   12.16666667   -0.01494917   -0.01530518    0.09157130
   12.25000000   -0.01474673   -0.01512571    0.09110992
   12.33333333   -0.01454677   -0.01494743    0.09065447
   12.41666667   -0.01434924   -0.01477348    0.09020484
   12.50000000   -0.01415411   -0.01460596    0.08976092
   12.58333333   -0.01396132   -0.01444453    0.08932259
   12.66666667   -0.01377084   -0.01428658    0.08888975
   12.75000000   -0.01358261   -0.01412878    0.08846230
   12.83333333   -0.01339661   -0.01396921    0.08804013
   12.91666667   -0.01321278   -0.01380858    0.08762315
   13.00000000   -0.01303109   -0.01364977    0.08721126
   13.08333333   -0.01285150   -0.01349599    0.08680437
   13.16666667   -0.01267398   -0.01334872    0.08640238
   13.25000000   -0.01249848   -0.01320665    0.08600520
   13.33333333   -0.01232497   -0.01306650    0.08561276
   13.41666667   -0.01215342   -0.01292499    0.08522495
   13.50000000   -0.01198379   -0.01278099    0.08484171
   13.58333333   -0.01181605   -0.01263619    0.08446294
   13.66666667   -0.01165016   -0.01249410    0.08408857
   13.75000000   -0.01148611   -0.01235776    0.08371853
   13.83333333   -0.01132384   -0.01222779    0.08335274
   13.91666667   -0.01116334   -0.01210187    0.08299111
   14.00000000   -0.01100457   -0.01197619    0.08263359
   14.08333333   -0.01084751   -0.01184781    0.08228010
   14.16666667   -0.01069212   -0.01171655    0.08193057
   14.25000000   -0.01053839   -0.01158515    0.08158494
   14.33333333   -0.01038628   -0.01145755    0.08124314
   14.41666667   -0.01023576   -0.01133635    0.08090511
   14.50000000   -0.01008682   -0.01122108    0.08057078
   14.58333333   -0.00993942   -0.01110843    0.08024009
   14.66666667   -0.00979355   -0.01099426    0.07991298
   14.75000000   -0.00964917   -0.01087623    0.07958939
   14.83333333   -0.00950626   -0.01075535    0.07926928
   14.91666667   -0.00936480   -0.01063537    0.07895257
   15.00000000   -0.00922478   -0.01052040    0.07863922
   15.08333333   -0.00908615   -0.01041230    0.07832917
   15.16666667   -0.00894892   -0.01030937    0.07802236
   15.25000000   -0.00881304   -0.01020730    0.07771876
   15.33333333   -0.00867851   -0.01010190    0.07741831
   15.41666667   -0.00854530   -0.00999176    0.07712095
   15.50000000   -0.00841339   -0.00987922    0.07682664
   15.58333333   -0.00828276   -0.00976896    0.07653534
   15.66666667   -0.00815340   -0.00966502    0.07624699
   15.75000000   -0.00802528   -0.00956817    0.07596156
   15.83333333   -0.00789839   -0.00947526    0.07567899
   15.91666667   -0.00777271   -0.00938113    0.07539925
   16.00000000   -0.00764821   -0.00928185    0.07512228
   16.08333333   -0.00752489   -0.00917726    0.07484806
   16.16666667   -0.00740273   -0.00907121    0.07457654
   16.25000000   -0.00728171   -0.00896918    0.07430767
   16.33333333   -0.00716181   -0.00887478    0.07404142
   16.41666667   -0.00704303   -0.00878730    0.07377776
   16.50000000   -0.00692533   -0.00870203    0.07351664
   16.58333333   -0.00680871   -0.00861307    0.07325802
   16.66666667   -0.00669315   -0.00851711    0.07300187
   16.75000000   -0.00657864   -0.00841566    0.07274816
   16.83333333   -0.00646516   -0.00831425    0.07249685
   16.91666667   -0.00635270   -0.00821899    0.07224790
   17.00000000   -0.00624124   -0.00813261    0.07200129
   17.08333333   -0.00613078   -0.00805251    0.07175697
   17.16666667   -0.00602129   -0.00797215    0.07151492
   17.25000000   -0.00591277   -0.00788509    0.07127511
   17.33333333   -0.00580519   -0.00778913    0.07103749
   17.41666667   -0.00569856   -0.00768798    0.07080206
   17.50000000   -0.00559285   -0.00758906    0.07056876
   17.58333333   -0.00548806   -0.00749893    0.07033758
   17.66666667   -0.00538417   -0.00741887    0.07010849
   17.75000000   -0.00528117   -0.00734371    0.06988145
   17.83333333   -0.00517904   -0.00726474    0.06965644
   17.91666667   -0.00507779   -0.00717515    0.06943344
   18.00000000   -0.00497739   -0.00707454    0.06921240
   18.08333333   -0.00487783   -0.00696961    0.06899332
   18.16666667   -0.00477911   -0.00687022    0.06877616
   18.25000000   -0.00468121   -0.00678316    0.06856089
   18.33333333   -0.00458413   -0.00670735    0.06834750
   18.41666667   -0.00448784   -0.00663383    0.06813596
   18.50000000   -0.00439235   -0.00655088    0.06792623
   18.58333333   -0.00429764   -0.00645141    0.06771831
   18.66666667   -0.00420371   -0.00633799    0.06751217
   18.75000000   -0.00411054   -0.00622207    0.06730778
   18.83333333   -0.00401812   -0.00611738    0.06710512
   18.91666667   -0.00392645   -0.00603094    0.06690418
   19.00000000   -0.00383551   -0.00595751    0.06670491
   19.08333333   -0.00374530   -0.00588126    0.06650732
   19.16666667   -0.00365581   -0.00578459    0.06631137
   19.25000000   -0.00356702   -0.00565942    0.06611704
   19.33333333   -0.00347893   -0.00551407    0.06592432
   19.41666667   -0.00339154   -0.00537072    0.06573319
   19.50000000   -0.00330483   -0.00525355    0.06554362
   19.58333333   -0.00321880   -0.00517295    0.06535559
   19.66666667   -0.00313344   -0.00511479    0.06516909
   19.75000000   -0.00304873   -0.00504134    0.06498410
   19.83333333   -0.00296468   -0.00490537    0.06480060
   19.91666667   -0.00288127   -0.00467153    0.06461857
   20.00000000   -0.00279850   -0.00433500    0.06443800
