  -20.00000000    0.03474066   -0.00432306   -0.03342829
  -19.91666667    0.03483475   -0.00465853   -0.03363325
  -19.83333333    0.03492968   -0.00489146   -0.03383999
  -19.75000000    0.03502549   -0.00502669   -0.03404854
  -19.66666667    0.03512217   -0.00509953   -0.03425893
  -19.58333333    0.03521973   -0.00515718   -0.03447118
  -19.50000000    0.03531820   -0.00523731   -0.03468531
  -19.41666667    0.03541759   -0.00535405   -0.03490136
  -19.33333333    0.03551789   -0.00549700   -0.03511933
  -19.25000000    0.03561914   -0.00564202   -0.03533927
  -19.16666667    0.03572134   -0.00576688   -0.03556120
  -19.08333333    0.03582451   -0.00586328   -0.03578514
  -19.00000000    0.03592865   -0.00593926   -0.03601113
  -18.91666667    0.03603379   -0.00601242   -0.03623919
  -18.83333333    0.03613994   -0.00609858   -0.03646934
  -18.75000000    0.03624711   -0.00620300   -0.03670163
  -18.66666667    0.03635531   -0.00631866   -0.03693607
  -18.58333333    0.03646457   -0.00643186   -0.03717270
  -18.50000000    0.03657490   -0.00653112   -0.03741155
  -18.41666667    0.03668631   -0.00661386   -0.03765266
  -18.33333333    0.03679881   -0.00668717   -0.03789604
  -18.25000000    0.03691244   -0.00676274   -0.03814175
  -18.16666667    0.03702720   -0.00684955   -0.03838980
  -18.08333333    0.03714310   -0.00694869   -0.03864023
  -18.00000000    0.03726017   -0.00705340   -0.03889308
  -17.91666667    0.03737843   -0.00715382   -0.03914838
  -17.83333333    0.03749789   -0.00724322   -0.03940617
  -17.75000000    0.03761857   -0.00732199   -0.03966649
  -17.66666667    0.03774049   -0.00739694   -0.03992937
  -17.58333333    0.03786366   -0.00747675   -0.04019484
  -17.50000000    0.03798812   -0.00756663   -0.04046296
  -17.41666667    0.03811387   -0.00766530   -0.04073376
  -17.33333333    0.03824094   -0.00776625   -0.04100727
  -17.25000000    0.03836935   -0.00786200   -0.04128355
  -17.16666667    0.03849912   -0.00794887   -0.04156263
  -17.08333333    0.03863027   -0.00802902   -0.04184455
  -17.00000000    0.03876282   -0.00810888   -0.04212936
  -16.91666667    0.03889680   -0.00819501   -0.04241710
  -16.83333333    0.03903223   -0.00829001   -0.04270782
  -16.75000000    0.03916913   -0.00839117   -0.04300157
  -16.66666667    0.03930754   -0.00849240   -0.04329840
  -16.58333333    0.03944746   -0.00858816   -0.04359833
  -16.50000000    0.03958892   -0.00867691   -0.04390145
  -16.41666667    0.03973197   -0.00876195   -0.04420779
  -16.33333333    0.03987660   -0.00884916   -0.04451739
  -16.25000000    0.04002287   -0.00894329   -0.04483033
  -16.16666667    0.04017078   -0.00904504   -0.04514664
  -16.08333333    0.04032038   -0.00915084   -0.04546638
  -16.00000000    0.04047169   -0.00925520   -0.04578963
  -15.91666667    0.04062473   -0.00935426   -0.04611641
  -15.83333333    0.04077955   -0.00944815   -0.04644681
  -15.75000000    0.04093616   -0.00954080   -0.04678087
  -15.66666667    0.04109460   -0.00963737   -0.04711865
  -15.58333333    0.04125491   -0.00974101   -0.04746024
  -15.50000000    0.04141711   -0.00985098   -0.04780567
  -15.41666667    0.04158124   -0.00996325   -0.04815503
  -15.33333333    0.04174733   -0.01007315   -0.04850837
  -15.25000000    0.04191542   -0.01017830   -0.04886577
  -15.16666667    0.04208555   -0.01028010   -0.04922730
  -15.08333333    0.04225775   -0.01038274   -0.04959302
  -15.00000000    0.04243205   -0.01049052   -0.04996302
  -14.91666667    0.04260851   -0.01060516   -0.05033736
  -14.83333333    0.04278715   -0.01072484   -0.05071613
  -14.75000000    0.04296802   -0.01084544   -0.05109940
  -14.66666667    0.04315115   -0.01096319   -0.05148725
  -14.58333333    0.04333661   -0.01107709   -0.05187978
  -14.50000000    0.04352441   -0.01118944   -0.05227704
  -14.41666667    0.04371462   -0.01130437   -0.05267915
  -14.33333333    0.04390727   -0.01142521   -0.05308618
  -14.25000000    0.04410242   -0.01155246   -0.05349823
  -14.16666667    0.04430010   -0.01168353   -0.05391539
  -14.08333333    0.04450038   -0.01181449   -0.05433775
  -14.00000000    0.04470330   -0.01194258   -0.05476541
  -13.91666667    0.04490891   -0.01206794   -0.05519848
  -13.83333333    0.04511727   -0.01219351   -0.05563705
  -13.75000000    0.04532843   -0.01232311   -0.05608123
  -13.66666667    0.04554245   -0.01245905   -0.05653113
  -13.58333333    0.04575939   -0.01260076   -0.05698686
  -13.50000000    0.04597930   -0.01274520   -0.05744853
  -13.41666667    0.04620224   -0.01288888   -0.05791626
  -13.33333333    0.04642828   -0.01303005   -0.05839017
  -13.25000000    0.04665748   -0.01316984   -0.05887038
  -13.16666667    0.04688991   -0.01331151   -0.05935701
  -13.08333333    0.04712564   -0.01345835   -0.05985021
  -13.00000000    0.04736473   -0.01361170   -0.06035009
  -12.91666667    0.04760726   -0.01377009   -0.06085679
  -12.83333333    0.04785329   -0.01393034   -0.06137046
  -12.75000000    0.04810291   -0.01408953   -0.06189124
  -12.66666667    0.04835620   -0.01424695   -0.06241927
  -12.58333333    0.04861322   -0.01440449   -0.06295471
  -12.50000000    0.04887407   -0.01456545   -0.06349771
  -12.41666667    0.04913883   -0.01473249   -0.06404843
  -12.33333333    0.04940759   -0.01490596   -0.06460704
  -12.25000000    0.04968042   -0.01508379   -0.06517371
  -12.16666667    0.04995744   -0.01526284   -0.06574860
  -12.08333333    0.05023872   -0.01544095   -0.06633191
  -12.00000000    0.05052438   -0.01561834   -0.06692381
  -11.91666667    0.05081450   -0.01579743   -0.06752449
  -11.83333333    0.05110919   -0.01598137   -0.06813415
  -11.75000000    0.05140857   -0.01617205   -0.06875298
  -11.66666667    0.05171273   -0.01636897   -0.06938120
  -11.58333333    0.05202179   -0.01656965   -0.07001902
  -11.50000000    0.05233587   -0.01677125   -0.07066664
  -11.41666667    0.05265508   -0.01697242   -0.07132430
  -11.33333333    0.05297956   -0.01717418   -0.07199224
  -11.25000000    0.05330942   -0.01737930   -0.07267069
  -11.16666667    0.05364481   -0.01759056   -0.07335989
  -11.08333333    0.05398585   -0.01780904   -0.07406010
  -11.00000000    0.05433268   -0.01803354   -0.07477158
  -10.91666667    0.05468545   -0.01826138   -0.07549459
  -10.83333333    0.05504431   -0.01849022   -0.07622943
  -10.75000000    0.05540941   -0.01871953   -0.07697637
  -10.66666667    0.05578091   -0.01895101   -0.07773570
  -10.58333333    0.05615898   -0.01918752   -0.07850774
  -10.50000000    0.05654378   -0.01943133   -0.07929279
  -10.41666667    0.05693549   -0.01968274   -0.08009118
  -10.33333333    0.05733428   -0.01994000   -0.08090325
  -10.25000000    0.05774035   -0.02020049   -0.08172933
  -10.16666667    0.05815388   -0.02046246   -0.08256978
  -10.08333333    0.05857509   -0.02072621   -0.08342499
  -10.00000000    0.05900415   -0.02099392   -0.08429530
   -9.91666667    0.05944131   -0.02126836   -0.08518113
   -9.83333333    0.05988677   -0.02155118   -0.08608288
   -9.75000000    0.06034076   -0.02184196   -0.08700096
   -9.66666667    0.06080351   -0.02213860   -0.08793579
   -9.58333333    0.06127527   -0.02243874   -0.08888785
   -9.50000000    0.06175629   -0.02274133   -0.08985757
   -9.41666667    0.06224683   -0.02304738   -0.09084543
   -9.33333333    0.06274717   -0.02335941   -0.09185193
   -9.25000000    0.06325756   -0.02367990   -0.09287757
   -9.16666667    0.06377831   -0.02400984   -0.09392286
   -9.08333333    0.06430972   -0.02434821   -0.09498837
   -9.00000000    0.06485208   -0.02469277   -0.09607463
   -8.91666667    0.06540573   -0.02504158   -0.09718223
   -8.83333333    0.06597099   -0.02539432   -0.09831177
   -8.75000000    0.06654820   -0.02575265   -0.09946385
   -8.66666667    0.06713771   -0.02611920   -0.10063910
   -8.58333333    0.06773990   -0.02649604   -0.10183821
   -8.50000000    0.06835514   -0.02688351   -0.10306180
   -8.41666667    0.06898382   -0.02728014   -0.10431061
   -8.33333333    0.06962636   -0.02768375   -0.10558535
   -8.25000000    0.07028316   -0.02809296   -0.10688674
   -8.16666667    0.07095466   -0.02850821   -0.10821555
   -8.08333333    0.07164133   -0.02893164   -0.10957258
   -8.00000000    0.07234361   -0.02936582   -0.11095860
   -7.91666667    0.07306198   -0.02981234   -0.11237447
   -7.83333333    0.07379695   -0.03027095   -0.11382103
   -7.75000000    0.07454903   -0.03073990   -0.11529914
   -7.66666667    0.07531875   -0.03121728   -0.11680971
   -7.58333333    0.07610664   -0.03170238   -0.11835363
   -7.50000000    0.07691329   -0.03219636   -0.11993185
   -7.41666667    0.07773927   -0.03270168   -0.12154530
   -7.33333333    0.07858517   -0.03322073   -0.12319494
   -7.25000000    0.07945161   -0.03375457   -0.12488176
   -7.16666667    0.08033924   -0.03430248   -0.12660672
   -7.08333333    0.08124868   -0.03486265   -0.12837082
   -7.00000000    0.08218063   -0.03543362   -0.13017504
   -6.91666667    0.08313575   -0.03601545   -0.13202037
   -6.83333333    0.08411475   -0.03660991   -0.13390775
   -6.75000000    0.08511834   -0.03721965   -0.13583815
   -6.66666667    0.08614725   -0.03784679   -0.13781248
   -6.58333333    0.08720221   -0.03849190   -0.13983159
   -6.50000000    0.08828397   -0.03915396   -0.14189632
   -6.41666667    0.08939329   -0.03983134   -0.14400739
   -6.33333333    0.09053092   -0.04052321   -0.14616543
   -6.25000000    0.09169762   -0.04123041   -0.14837099
   -6.16666667    0.09289414   -0.04195528   -0.15062442
   -6.08333333    0.09412123   -0.04270055   -0.15292592
   -6.00000000    0.09537961   -0.04346804   -0.15527549
   -5.91666667    0.09667000   -0.04425794   -0.15767283
   -5.83333333    0.09799305   -0.04506917   -0.16011734
   -5.75000000    0.09934941   -0.04590053   -0.16260807
   -5.66666667    0.10073966   -0.04675202   -0.16514358
   -5.58333333    0.10216431   -0.04762531   -0.16772190
   -5.50000000    0.10362379   -0.04852322   -0.17034049
   -5.41666667    0.10511843   -0.04944854   -0.17299601
   -5.33333333    0.10664843   -0.05040285   -0.17568425
   -5.25000000    0.10821388   -0.05138622   -0.17840001
   -5.16666667    0.10981466   -0.05239781   -0.18113687
   -5.08333333    0.11145044   -0.05343721   -0.18388699
   -5.00000000    0.11312068   -0.05450541   -0.18664097
   -4.91666667    0.11482453   -0.05560500   -0.18938749
   -4.83333333    0.11656081   -0.05673934   -0.19211305
   -4.75000000    0.11832795   -0.05791136   -0.19480172
   -4.66666667    0.12012395   -0.05912268   -0.19743467
   -4.58333333    0.12194623   -0.06037360   -0.19998989
   -4.50000000    0.12379166   -0.06166408   -0.20244178
   -4.41666667    0.12565639   -0.06299487   -0.20476069
   -4.33333333    0.12753573   -0.06436833   -0.20691258
   -4.25000000    0.12942412   -0.06578819   -0.20885866
   -4.16666667    0.13131490   -0.06725859   -0.21055506
   -4.08333333    0.13320020   -0.06878300   -0.21195273
   -4.00000000    0.13507081   -0.07036363   -0.21299744
   -3.91666667    0.13691590   -0.07200182   -0.21363010
   -3.83333333    0.13872290   -0.07369908   -0.21378747
   -3.75000000    0.14047721   -0.07545814   -0.21340329
   -3.66666667    0.14216198   -0.07728334   -0.21241006
   -3.58333333    0.14375783   -0.07918022   -0.21074150
   -3.50000000    0.14524252   -0.08115448   -0.20833581
   -3.41666667    0.14659063   -0.08321111   -0.20513966
   -3.33333333    0.14777324   -0.08535422   -0.20111292
   -3.25000000    0.14875750   -0.08758768   -0.19623388
   -3.16666667    0.14950627   -0.08991612   -0.19050451
   -3.08333333    0.14997768   -0.09234575   -0.18395535
   -3.00000000    0.15012471   -0.09488448   -0.17664940
   -2.91666667    0.14989477   -0.09754130   -0.16868407
   -2.83333333    0.14922925   -0.10032540   -0.16019085
   -2.75000000    0.14806308   -0.10324573   -0.15133226
   -2.66666667    0.14632440   -0.10631111   -0.14229565
   -2.58333333    0.14393422   -0.10953099   -0.13328480
   -2.50000000    0.14080618   -0.11291636   -0.12450980
   -2.41666667    0.13684647   -0.11648014   -0.11617613
   -2.33333333    0.13195396   -0.12023708   -0.10847455
   -2.25000000    0.12602060   -0.12420319   -0.10157279
   -2.16666667    0.11893220   -0.12839525   -0.09560942
   -2.08333333    0.11056976   -0.13283076   -0.09069089
   -2.00000000    0.10081169   -0.13752818   -0.08689130
   -1.91666667    0.08953662   -0.14250742   -0.08425441
   -1.83333333    0.07662793   -0.14778998   -0.08279764
   -1.75000000    0.06197938   -0.15339871   -0.08251698
   -1.66666667    0.04550289   -0.15935723   -0.08339245
   -1.58333333    0.02713829   -0.16568935   -0.08539342
   -1.50000000    0.00686498   -0.17241860   -0.08848359
   -1.41666667   -0.01528412   -0.17956757   -0.09262522
   -1.33333333   -0.03920776   -0.18715653   -0.09778274
   -1.25000000   -0.06472172   -0.19520092   -0.10392569
   -1.16666667   -0.09154611   -0.20370778   -0.11103088
   -1.08333333   -0.11929800   -0.21267189   -0.11908425
   -1.00000000   -0.14749231   -0.22207234   -0.12808227
   -0.91666667   -0.17555351   -0.23186988   -0.13803299
   -0.83333333   -0.20284073   -0.24200394   -0.14895710
   -0.75000000   -0.22868529   -0.25238756   -0.16088877
   -0.66666667   -0.25243795   -0.26289845   -0.17387667
   -0.58333333   -0.27351961   -0.27336638   -0.18798494
   -0.50000000   -0.29146798   -0.28355994   -0.20329427
   -0.41666667   -0.30597247   -0.29317910   -0.21990314
   -0.33333333   -0.31689173   -0.30186065   -0.23792907
   -0.25000000   -0.32425197   -0.30920188   -0.25750978
   -0.16666667   -0.32822785   -0.31480264   -0.27880408
   -0.08333333   -0.32911112   -0.31831941   -0.30199194
    0.00000000   -0.32727319   -0.31951919   -0.32727319
    0.08333333   -0.32312767   -0.31831941   -0.35486337
    0.16666667   -0.31709765   -0.31480264   -0.38498495
    0.25000000   -0.30958998   -0.30920188   -0.41785021
    0.33333333   -0.30097767   -0.30186065   -0.45363075
    0.41666667   -0.29158949   -0.29317910   -0.49240471
    0.50000000   -0.28170572   -0.28355994   -0.53406905
    0.58333333   -0.27155835   -0.27336638   -0.57819815
    0.66666667   -0.26133410   -0.26289845   -0.62382577
    0.75000000   -0.25117929   -0.25238756   -0.66912846
    0.83333333   -0.24120527   -0.24200394   -0.71101225
    0.91666667   -0.23149405   -0.23186988   -0.74467499
    1.00000000   -0.22210358   -0.22207234   -0.76337265
    1.08333333   -0.21307241   -0.21267189   -0.75884898
    1.16666667   -0.20442385   -0.20370778   -0.72301745
    1.25000000   -0.19616933   -0.19520092   -0.65107082
    1.33333333   -0.18831133   -0.18715653   -0.54489629
    1.41666667   -0.18084562   -0.17956757   -0.41432783
    1.50000000   -0.17376310   -0.17241860   -0.27446526
    1.58333333   -0.16705129   -0.16568935   -0.14038667
    1.66666667   -0.16069541   -0.15935723   -0.02273540
    1.75000000   -0.15467928   -0.15339871    0.07364181
    1.83333333   -0.14898596   -0.14778998    0.14853477
    1.91666667   -0.14359828   -0.14250742    0.20437444
    2.00000000   -0.13849912   -0.13752818    0.24457316
    2.08333333   -0.13367176   -0.13283076    0.27253334
    2.16666667   -0.12910000   -0.12839525    0.29120337
    2.25000000   -0.12476832   -0.12420319    0.30295716
    2.33333333   -0.12066193   -0.12023708    0.30962873
    2.41666667   -0.11676679   -0.11648014    0.31260128
    2.50000000   -0.11306971   -0.11291636    0.31290385
    2.58333333   -0.10955825   -0.10953099    0.31129634
    2.66666667   -0.10622073   -0.10631111    0.30833778
    2.75000000   -0.10304628   -0.10324573    0.30443881
    2.83333333   -0.10002468   -0.10032540    0.29990081
    2.91666667   -0.09714643   -0.09754130    0.29494493
    3.00000000   -0.09440267   -0.09488448    0.28973334
    3.08333333   -0.09178514   -0.09234575    0.28438469
    3.16666667   -0.08928614   -0.08991612    0.27898551
    3.25000000   -0.08689852   -0.08758768    0.27359861
    3.33333333   -0.08461562   -0.08535422    0.26826909
    3.41666667   -0.08243121   -0.08321111    0.26302895
    3.50000000   -0.08033955   -0.08115448    0.25790043
    3.58333333   -0.07833523   -0.07918022    0.25289845
    3.66666667   -0.07641325   -0.07728334    0.24803251
    3.75000000   -0.07456896   -0.07545814    0.24330811
    3.83333333   -0.07279798   -0.07369908    0.23872774
    3.91666667   -0.07109626   -0.07200182    0.23429167
    4.00000000   -0.06946002   -0.07036363    0.22999860
    4.08333333   -0.06788571   -0.06878300    0.22584605
    4.16666667   -0.06637004   -0.06725859    0.22183074
    4.25000000   -0.06490991   -0.06578819    0.21794879
    4.33333333   -0.06350243   -0.06436833    0.21419600
    4.41666667   -0.06214492   -0.06299487    0.21056797
    4.50000000   -0.06083482   -0.06166408    0.20706009
    4.58333333   -0.05956977   -0.06037360    0.20366782
    4.66666667   -0.05834755   -0.05912268    0.20038664
    4.75000000   -0.05716606   -0.05791136    0.19721204
    4.83333333   -0.05602335   -0.05673934    0.19413967
    4.91666667   -0.05491757   -0.05560500    0.19116534
    5.00000000   -0.05384700   -0.05450541    0.18828491
    5.08333333   -0.05280999   -0.05343721    0.18549447
    5.16666667   -0.05180503   -0.05239781    0.18279026
    5.25000000   -0.05083066   -0.05138622    0.18016864
    5.33333333   -0.04988552   -0.05040285    0.17762616
    5.41666667   -0.04896833   -0.04944854    0.17515954
    5.50000000   -0.04807786   -0.04852322    0.17276559
    5.58333333   -0.04721299   -0.04762531    0.17044133
    5.66666667   -0.04637262   -0.04675202    0.16818391
    5.75000000   -0.04555573   -0.04590053    0.16599059
    5.83333333   -0.04476135   -0.04506917    0.16385878
    5.91666667   -0.04398857   -0.04425794    0.16178604
    6.00000000   -0.04323650   -0.04346804    0.15976998
    6.08333333   -0.04250434   -0.04270055    0.15780839
    6.16666667   -0.04179130   -0.04195528    0.15589915
    6.25000000   -0.04109663   -0.04123041    0.15404023
    6.33333333   -0.04041962   -0.04052321    0.15222969
    6.41666667   -0.03975963   -0.03983134    0.15046573
    6.50000000   -0.03911599   -0.03915396    0.14874656
    6.58333333   -0.03848811   -0.03849190    0.14707054
    6.66666667   -0.03787542   -0.03784679    0.14543610
    6.75000000   -0.03727735   -0.03721965    0.14384169
    6.83333333   -0.03669340   -0.03660991    0.14228589
    6.91666667   -0.03612306   -0.03601545    0.14076732
    7.00000000   -0.03556585   -0.03543362    0.13928467
    7.08333333   -0.03502133   -0.03486265    0.13783668
    7.16666667   -0.03448905   -0.03430248    0.13642216
    7.25000000   -0.03396861   -0.03375457    0.13503996
    7.33333333   -0.03345961   -0.03322073    0.13368899
    7.41666667   -0.03296167   -0.03270168    0.13236820
    7.50000000   -0.03247443   -0.03219636    0.13107659
    7.58333333   -0.03199754   -0.03170238    0.12981321
    7.66666667   -0.03153067   -0.03121728    0.12857715
    7.75000000   -0.03107351   -0.03073990    0.12736751
    7.83333333   -0.03062575   -0.03027095    0.12618346
    7.91666667   -0.03018710   -0.02981234    0.12502420
    8.00000000   -0.02975728   -0.02936582    0.12388894
    8.08333333   -0.02933602   -0.02893164    0.12277697
    8.16666667   -0.02892307   -0.02850821    0.12168754
    8.25000000   -0.02851817   -0.02809296    0.12062000
    8.33333333   -0.02812109   -0.02768375    0.11957369
    8.41666667   -0.02773160   -0.02728014    0.11854795
    8.50000000   -0.02734949   -0.02688351    0.11754222
    8.58333333   -0.02697454   -0.02649604    0.11655588
    8.66666667   -0.02660654   -0.02611920    0.11558838
    8.75000000   -0.02624530   -0.02575265    0.11463920
    8.83333333   -0.02589065   -0.02539432    0.11370781
    8.91666667   -0.02554238   -0.02504158    0.11279370
    9.00000000   -0.02520034   -0.02469277    0.11189641
    9.08333333   -0.02486435   -0.02434821    0.11101546
    9.16666667   -0.02453424   -0.02400984    0.11015041
    9.25000000   -0.02420987   -0.02367990    0.10930084
    9.33333333   -0.02389108   -0.02335941    0.10846633
    9.41666667   -0.02357773   -0.02304738    0.10764646
    9.50000000   -0.02326967   -0.02274133    0.10684088
    9.58333333   -0.02296678   -0.02243874    0.10604919
    9.66666667   -0.02266891   -0.02213860    0.10527104
    9.75000000   -0.02237595   -0.02184196    0.10450609
    9.83333333   -0.02208777   -0.02155118    0.10375399
    9.91666667   -0.02180425   -0.02126836    0.10301443
   10.00000000   -0.02152528   -0.02099392    0.10228709
   10.08333333   -0.02125075   -0.02072621    0.10157167
   10.16666667   -0.02098055   -0.02046246    0.10086786
   10.25000000   -0.02071458   -0.02020049    0.10017541
   10.33333333   -0.02045274   -0.01994000    0.09949402
   10.41666667   -0.02019492   -0.01968274    0.09882343
   10.50000000   -0.01994104   -0.01943133    0.09816339
   10.58333333   -0.01969101   -0.01918752    0.09751365
   10.66666667   -0.01944473   -0.01895101    0.09687395
   10.75000000   -0.01920213   -0.01871953    0.09624409
   10.83333333   -0.01896311   -0.01849022    0.09562382
   10.91666667   -0.01872760   -0.01826138    0.09501292
   11.00000000   -0.01849552   -0.01803354    0.09441119
   11.08333333   -0.01826680   -0.01780904    0.09381841
   11.16666667   -0.01804135   -0.01759056    0.09323439
   11.25000000   -0.01781912   -0.01737930    0.09265894
   11.33333333   -0.01760003   -0.01717418    0.09209186
   11.41666667   -0.01738400   -0.01697242    0.09153297
   11.50000000   -0.01717099   -0.01677125    0.09098210
   11.58333333   -0.01696093   -0.01656965    0.09043906
   11.66666667   -0.01675374   -0.01636897    0.08990370
   11.75000000   -0.01654938   -0.01617205    0.08937585
   11.83333333   -0.01634778   -0.01598137    0.08885536
   11.91666667   -0.01614889   -0.01579743    0.08834206
   12.00000000   -0.01595265   -0.01561834    0.08783581
   12.08333333   -0.01575901   -0.01544095    0.08733647
   12.16666667   -0.01556792   -0.01526284    0.08684389
   12.25000000   -0.01537932   -0.01508379    0.08635794
   12.33333333   -0.01519318   -0.01490596    0.08587848
   12.41666667   -0.01500943   -0.01473249    0.08540537
   12.50000000   -0.01482803   -0.01456545    0.08493851
   12.58333333   -0.01464894   -0.01440449    0.08447775
   12.66666667   -0.01447211   -0.01424695    0.08402299
   12.75000000   -0.01429750   -0.01408953    0.08357410
   12.83333333   -0.01412506   -0.01393034    0.08313097
   12.91666667   -0.01395477   -0.01377009    0.08269349
   13.00000000   -0.01378656   -0.01361170    0.08226155
   13.08333333   -0.01362042   -0.01345835    0.08183505
   13.16666667   -0.01345629   -0.01331151    0.08141387
   13.25000000   -0.01329414   -0.01316984    0.08099794
   13.33333333   -0.01313394   -0.01303005    0.08058714
   13.41666667   -0.01297565   -0.01288888    0.08018137
   13.50000000   -0.01281923   -0.01274520    0.07978056
   13.58333333   -0.01266466   -0.01260076    0.07938460
   13.66666667   -0.01251189   -0.01245905    0.07899341
   13.75000000   -0.01236091   -0.01232311    0.07860691
   13.83333333   -0.01221166   -0.01219351    0.07822500
   13.91666667   -0.01206414   -0.01206794    0.07784760
   14.00000000   -0.01191829   -0.01194258    0.07747465
   14.08333333   -0.01177411   -0.01181449    0.07710605
   14.16666667   -0.01163155   -0.01168353    0.07674173
   14.25000000   -0.01149059   -0.01155246    0.07638162
   14.33333333   -0.01135121   -0.01142521    0.07602564
   14.41666667   -0.01121337   -0.01130437    0.07567372
   14.50000000   -0.01107705   -0.01118944    0.07532580
   14.58333333   -0.01094222   -0.01107709    0.07498180
   14.66666667   -0.01080887   -0.01096319    0.07464166
   14.75000000   -0.01067696   -0.01084544    0.07430531
   14.83333333   -0.01054648   -0.01072484    0.07397269
   14.91666667   -0.01041739   -0.01060516    0.07364374
   15.00000000   -0.01028968   -0.01049052    0.07331840
   15.08333333   -0.01016332   -0.01038274    0.07299660
   15.16666667   -0.01003830   -0.01028010    0.07267830
   15.25000000   -0.00991459   -0.01017830    0.07236342
   15.33333333   -0.00979217   -0.01007315    0.07205193
   15.41666667   -0.00967102   -0.00996325    0.07174375
   15.50000000   -0.00955112   -0.00985098    0.07143885
   15.58333333   -0.00943245   -0.00974101    0.07113717
   15.66666667   -0.00931499   -0.00963737    0.07083864
   15.75000000   -0.00919872   -0.00954080    0.07054324
   15.83333333   -0.00908363   -0.00944815    0.07025091
   15.91666667   -0.00896970   -0.00935426    0.06996159
   16.00000000   -0.00885690   -0.00925520    0.06967525
   16.08333333   -0.00874523   -0.00915084    0.06939183
   16.16666667   -0.00863466   -0.00904504    0.06911131
   16.25000000   -0.00852518   -0.00894329    0.06883361
   16.33333333   -0.00841678   -0.00884916    0.06855871
   16.41666667   -0.00830943   -0.00876195    0.06828657
   16.50000000   -0.00820312   -0.00867691    0.06801714
   16.58333333   -0.00809783   -0.00858816    0.06775037
   16.66666667   -0.00799356   -0.00849240    0.06748624
   16.75000000   -0.00789029   -0.00839117    0.06722470
   16.83333333   -0.00778799   -0.00829001    0.06696572
   16.91666667   -0.00768667   -0.00819501    0.06670926
   17.00000000   -0.00758630   -0.00810888    0.06645527
   17.08333333   -0.00748686   -0.00802902    0.06620372
   17.16666667   -0.00738836   -0.00794887    0.06595459
   17.25000000   -0.00729077   -0.00786200    0.06570783
   17.33333333   -0.00719408   -0.00776625    0.06546341
   17.41666667   -0.00709828   -0.00766530    0.06522130
   17.50000000   -0.00700336   -0.00756663    0.06498146
   17.58333333   -0.00690930   -0.00747675    0.06474387
   17.66666667   -0.00681609   -0.00739694    0.06450848
   17.75000000   -0.00672372   -0.00732199    0.06427528
   17.83333333   -0.00663218   -0.00724322    0.06404422
   17.91666667   -0.00654147   -0.00715382    0.06381529
   18.00000000   -0.00645155   -0.00705340    0.06358844
   18.08333333   -0.00636244   -0.00694869    0.06336366
   18.16666667   -0.00627411   -0.00684955    0.06314091
   18.25000000   -0.00618655   -0.00676274    0.06292017
   18.33333333   -0.00609976   -0.00668717    0.06270141
   18.41666667   -0.00601373   -0.00661386    0.06248460
   18.50000000   -0.00592844   -0.00653112    0.06226972
   18.58333333   -0.00584388   -0.00643186    0.06205673
   18.66666667   -0.00576005   -0.00631866    0.06184563
   18.75000000   -0.00567694   -0.00620300    0.06163637
   18.83333333   -0.00559453   -0.00609858    0.06142894
   18.91666667   -0.00551283   -0.00601242    0.06122331
   19.00000000   -0.00543181   -0.00593926    0.06101946
   19.08333333   -0.00535147   -0.00586328    0.06081737
   19.16666667   -0.00527180   -0.00576688    0.06061702
   19.25000000   -0.00519280   -0.00564202    0.06041837
   19.33333333   -0.00511445   -0.00549700    0.06022141
   19.41666667   -0.00503675   -0.00535405    0.06002612
   19.50000000   -0.00495969   -0.00523731    0.05983247
   19.58333333   -0.00488325   -0.00515718    0.05964045
   19.66666667   -0.00480745   -0.00509953    0.05945004
   19.75000000   -0.00473225   -0.00502669    0.05926121
   19.83333333   -0.00465767   -0.00489146    0.05907394
   19.91666667   -0.00458368   -0.00465853    0.05888823
   20.00000000   -0.00451029   -0.00432306    0.05870403
