  -20.00000000    0.01817432   -0.00635551   -0.04526615
  -19.91666667    0.01820137   -0.00661401   -0.04547445
  -19.83333333    0.01822849   -0.00685024   -0.04568442
  -19.75000000    0.01825566   -0.00706397   -0.04589606
  -19.66666667    0.01828290   -0.00726125   -0.04610941
  -19.58333333    0.01831019   -0.00745070   -0.04632447
  -19.50000000    0.01833754   -0.00763931   -0.04654127
  -19.41666667    0.01836494   -0.00782968   -0.04675984
  -19.33333333    0.01839240   -0.00801989   -0.04698019
  -19.25000000    0.01841991   -0.00820562   -0.04720234
  -19.16666667    0.01844747   -0.00838314   -0.04742633
  -19.08333333    0.01847508   -0.00855151   -0.04765216
  -19.00000000    0.01850273   -0.00871284   -0.04787986
  -18.91666667    0.01853042   -0.00887085   -0.04810947
  -18.83333333    0.01855816   -0.00902867   -0.04834099
  -18.75000000    0.01858594   -0.00918728   -0.04857446
  -18.66666667    0.01861375   -0.00934536   -0.04880990
  -18.58333333    0.01864159   -0.00950055   -0.04904734
  -18.50000000    0.01866947   -0.00965110   -0.04928679
  -18.41666667    0.01869737   -0.00979706   -0.04952830
  -18.33333333    0.01872530   -0.00994021   -0.04977187
  -18.25000000    0.01875325   -0.01008294   -0.05001754
  -18.16666667    0.01878123   -0.01022688   -0.05026535
  -18.08333333    0.01880921   -0.01037203   -0.05051530
  -18.00000000    0.01883721   -0.01051704   -0.05076744
  -17.91666667    0.01886522   -0.01066019   -0.05102180
  -17.83333333    0.01889324   -0.01080062   -0.05127839
  -17.75000000    0.01892126   -0.01093886   -0.05153725
  -17.66666667    0.01894927   -0.01107649   -0.05179842
  -17.58333333    0.01897728   -0.01121518   -0.05206191
  -17.50000000    0.01900528   -0.01135571   -0.05232778
  -17.41666667    0.01903327   -0.01149757   -0.05259604
  -17.33333333    0.01906123   -0.01163945   -0.05286672
  -17.25000000    0.01908917   -0.01178013   -0.05313987
  -17.16666667    0.01911709   -0.01191933   -0.05341552
  -17.08333333    0.01914497   -0.01205786   -0.05369369
  -17.00000000    0.01917281   -0.01219714   -0.05397443
  -16.91666667    0.01920060   -0.01233830   -0.05425778
  -16.83333333    0.01922835   -0.01248153   -0.05454375
  -16.75000000    0.01925604   -0.01262607   -0.05483240
  -16.66666667    0.01928367   -0.01277073   -0.05512377
  -16.58333333    0.01931122   -0.01291475   -0.05541788
  -16.50000000    0.01933871   -0.01305825   -0.05571479
  -16.41666667    0.01936611   -0.01320222   -0.05601453
  -16.33333333    0.01939342   -0.01334786   -0.05631713
  -16.25000000    0.01942064   -0.01349584   -0.05662265
  -16.16666667    0.01944775   -0.01364597   -0.05693113
  -16.08333333    0.01947475   -0.01379736   -0.05724259
  -16.00000000    0.01950162   -0.01394902   -0.05755711
  -15.91666667    0.01952837   -0.01410057   -0.05787471
  -15.83333333    0.01955499   -0.01425249   -0.05819545
  -15.75000000    0.01958145   -0.01440578   -0.05851936
  -15.66666667    0.01960776   -0.01456140   -0.05884649
  -15.58333333    0.01963390   -0.01471966   -0.05917691
  -15.50000000    0.01965986   -0.01488007   -0.05951065
  -15.41666667    0.01968564   -0.01504171   -0.05984776
  -15.33333333    0.01971121   -0.01520387   -0.06018831
  -15.25000000    0.01973658   -0.01536653   -0.06053233
  -15.16666667    0.01976172   -0.01553036   -0.06087989
  -15.08333333    0.01978663   -0.01569635   -0.06123104
  -15.00000000    0.01981129   -0.01586518   -0.06158583
  -14.91666667    0.01983569   -0.01603681   -0.06194432
  -14.83333333    0.01985982   -0.01621060   -0.06230657
  -14.75000000    0.01988365   -0.01638570   -0.06267264
  -14.66666667    0.01990718   -0.01656169   -0.06304260
  -14.58333333    0.01993039   -0.01673882   -0.06341650
  -14.50000000    0.01995326   -0.01691793   -0.06379440
  -14.41666667    0.01997578   -0.01709989   -0.06417637
  -14.33333333    0.01999793   -0.01728508   -0.06456249
  -14.25000000    0.02001969   -0.01747322   -0.06495280
  -14.16666667    0.02004104   -0.01766355   -0.06534740
  -14.08333333    0.02006196   -0.01785540   -0.06574634
  -14.00000000    0.02008243   -0.01804863   -0.06614969
  -13.91666667    0.02010244   -0.01824374   -0.06655754
  -13.83333333    0.02012195   -0.01844163   -0.06696996
  -13.75000000    0.02014095   -0.01864297   -0.06738702
  -13.66666667    0.02015941   -0.01884789   -0.06780881
  -13.58333333    0.02017731   -0.01905589   -0.06823540
  -13.50000000    0.02019462   -0.01926623   -0.06866688
  -13.41666667    0.02021131   -0.01947844   -0.06910333
  -13.33333333    0.02022736   -0.01969266   -0.06954484
  -13.25000000    0.02024274   -0.01990959   -0.06999150
  -13.16666667    0.02025741   -0.02013007   -0.07044340
  -13.08333333    0.02027136   -0.02035459   -0.07090063
  -13.00000000    0.02028453   -0.02058300   -0.07136328
  -12.91666667    0.02029691   -0.02081469   -0.07183146
  -12.83333333    0.02030845   -0.02104899   -0.07230527
  -12.75000000    0.02031911   -0.02128569   -0.07278480
  -12.66666667    0.02032887   -0.02152517   -0.07327016
  -12.58333333    0.02033768   -0.02176827   -0.07376146
  -12.50000000    0.02034549   -0.02201571   -0.07425880
  -12.41666667    0.02035228   -0.02226775   -0.07476230
  -12.33333333    0.02035798   -0.02252403   -0.07527209
  -12.25000000    0.02036255   -0.02278389   -0.07578826
  -12.16666667    0.02036595   -0.02304680   -0.07631095
  -12.08333333    0.02036813   -0.02331284   -0.07684028
  -12.00000000    0.02036902   -0.02358260   -0.07737637
  -11.91666667    0.02036858   -0.02385694   -0.07791936
  -11.83333333    0.02036675   -0.02413646   -0.07846938
  -11.75000000    0.02036347   -0.02442116   -0.07902657
  -11.66666667    0.02035868   -0.02471052   -0.07959106
  -11.58333333    0.02035230   -0.02500390   -0.08016302
  -11.50000000    0.02034428   -0.02530103   -0.08074258
  -11.41666667    0.02033454   -0.02560220   -0.08132988
  -11.33333333    0.02032301   -0.02590821   -0.08192511
  -11.25000000    0.02030961   -0.02621986   -0.08252841
  -11.16666667    0.02029426   -0.02653757   -0.08313994
  -11.08333333    0.02027688   -0.02686110   -0.08375989
  -11.00000000    0.02025737   -0.02718987   -0.08438841
  -10.91666667    0.02023565   -0.02752333   -0.08502569
  -10.83333333    0.02021162   -0.02786146   -0.08567192
  -10.75000000    0.02018518   -0.02820482   -0.08632729
  -10.66666667    0.02015623   -0.02855430   -0.08699198
  -10.58333333    0.02012465   -0.02891062   -0.08766621
  -10.50000000    0.02009034   -0.02927396   -0.08835016
  -10.41666667    0.02005317   -0.02964391   -0.08904406
  -10.33333333    0.02001301   -0.03001987   -0.08974813
  -10.25000000    0.01996974   -0.03040148   -0.09046258
  -10.16666667    0.01992322   -0.03078901   -0.09118765
  -10.08333333    0.01987330   -0.03118323   -0.09192358
  -10.00000000    0.01981985   -0.03158506   -0.09267061
   -9.91666667    0.01976269   -0.03199508   -0.09342898
   -9.83333333    0.01970166   -0.03241324   -0.09419897
   -9.75000000    0.01963660   -0.03283903   -0.09498082
   -9.66666667    0.01956732   -0.03327190   -0.09577483
   -9.58333333    0.01949363   -0.03371175   -0.09658127
   -9.50000000    0.01941533   -0.03415913   -0.09740043
   -9.41666667    0.01933222   -0.03461499   -0.09823262
   -9.33333333    0.01924408   -0.03508023   -0.09907814
   -9.25000000    0.01915068   -0.03555524   -0.09993731
   -9.16666667    0.01905177   -0.03603976   -0.10081045
   -9.08333333    0.01894711   -0.03653323   -0.10169793
   -9.00000000    0.01883644   -0.03703528   -0.10260006
   -8.91666667    0.01871947   -0.03754610   -0.10351722
   -8.83333333    0.01859591   -0.03806654   -0.10444978
   -8.75000000    0.01846545   -0.03859765   -0.10539812
   -8.66666667    0.01832778   -0.03914026   -0.10636264
   -8.58333333    0.01818256   -0.03969452   -0.10734375
   -8.50000000    0.01802942   -0.04026006   -0.10834185
   -8.41666667    0.01786800   -0.04083635   -0.10935739
   -8.33333333    0.01769789   -0.04142327   -0.11039083
   -8.25000000    0.01751869   -0.04202136   -0.11144260
   -8.16666667    0.01732996   -0.04263172   -0.11251320
   -8.08333333    0.01713123   -0.04325548   -0.11360313
   -8.00000000    0.01692203   -0.04389331   -0.11471286
   -7.91666667    0.01670184   -0.04454520   -0.11584294
   -7.83333333    0.01647013   -0.04521067   -0.11699390
   -7.75000000    0.01622633   -0.04588937   -0.11816630
   -7.66666667    0.01596983   -0.04658149   -0.11936071
   -7.58333333    0.01570002   -0.04728798   -0.12057771
   -7.50000000    0.01541622   -0.04801014   -0.12181793
   -7.41666667    0.01511774   -0.04874913   -0.12308198
   -7.33333333    0.01480382   -0.04950544   -0.12437051
   -7.25000000    0.01447370   -0.05027892   -0.12568418
   -7.16666667    0.01412653   -0.05106913   -0.12702367
   -7.08333333    0.01376146   -0.05187596   -0.12838967
   -7.00000000    0.01337756   -0.05270008   -0.12978292
   -6.91666667    0.01297384   -0.05354279   -0.13120414
   -6.83333333    0.01254929   -0.05440561   -0.13265407
   -6.75000000    0.01210281   -0.05528965   -0.13413351
   -6.66666667    0.01163324   -0.05619526   -0.13564323
   -6.58333333    0.01113937   -0.05712221   -0.13718402
   -6.50000000    0.01061991   -0.05807023   -0.13875670
   -6.41666667    0.01007348   -0.05903965   -0.14036210
   -6.33333333    0.00949864   -0.06003162   -0.14200102
   -6.25000000    0.00889386   -0.06104788   -0.14367433
   -6.16666667    0.00825752   -0.06209012   -0.14538284
   -6.08333333    0.00758789   -0.06315939   -0.14712737
   -6.00000000    0.00688315   -0.06425594   -0.14890876
   -5.91666667    0.00614138   -0.06537962   -0.15072779
   -5.83333333    0.00536054   -0.06653049   -0.15258521
   -5.75000000    0.00453844   -0.06770947   -0.15448179
   -5.66666667    0.00367281   -0.06891833   -0.15641817
   -5.58333333    0.00276120   -0.07015925   -0.15839495
   -5.50000000    0.00180104   -0.07143411   -0.16041268
   -5.41666667    0.00078959   -0.07274392   -0.16247175
   -5.33333333   -0.00027602   -0.07408896   -0.16457240
   -5.25000000   -0.00139888   -0.07546932   -0.16671477
   -5.16666667   -0.00258223   -0.07688568   -0.16889873
   -5.08333333   -0.00382949   -0.07833972   -0.17112388
   -5.00000000   -0.00514433   -0.07983399   -0.17338957
   -4.91666667   -0.00653057   -0.08137117   -0.17569471
   -4.83333333   -0.00799229   -0.08295334   -0.17803777
   -4.75000000   -0.00953379   -0.08458161   -0.18041669
   -4.66666667   -0.01115962   -0.08625647   -0.18282869
   -4.58333333   -0.01287456   -0.08797858   -0.18527019
   -4.50000000   -0.01468369   -0.08974951   -0.18773669
   -4.41666667   -0.01659232   -0.09157202   -0.19022247
   -4.33333333   -0.01860606   -0.09344957   -0.19272043
   -4.25000000   -0.02073081   -0.09538547   -0.19522182
   -4.16666667   -0.02297275   -0.09738214   -0.19771588
   -4.08333333   -0.02533835   -0.09944097   -0.20018946
   -4.00000000   -0.02783442   -0.10156297   -0.20262665
   -3.91666667   -0.03046801   -0.10374976   -0.20500813
   -3.83333333   -0.03324650   -0.10600422   -0.20731070
   -3.75000000   -0.03617754   -0.10833051   -0.20950649
   -3.66666667   -0.03926907   -0.11073326   -0.21156232
   -3.58333333   -0.04252929   -0.11321652   -0.21343878
   -3.50000000   -0.04596659   -0.11578319   -0.21508940
   -3.41666667   -0.04958962   -0.11843517   -0.21645987
   -3.33333333   -0.05340717   -0.12117435   -0.21748719
   -3.25000000   -0.05742815   -0.12400371   -0.21809928
   -3.16666667   -0.06166153   -0.12692781   -0.21821484
   -3.08333333   -0.06611631   -0.12995243   -0.21774402
   -3.00000000   -0.07080134   -0.13308334   -0.21659017
   -2.91666667   -0.07572534   -0.13632522   -0.21465304
   -2.83333333   -0.08089670   -0.13968117   -0.21183411
   -2.75000000   -0.08632333   -0.14315339   -0.20804438
   -2.66666667   -0.09201259   -0.14674441   -0.20321485
   -2.58333333   -0.09797099   -0.15045826   -0.19730982
   -2.50000000   -0.10420394   -0.15430059   -0.19034194
   -2.41666667   -0.11071556   -0.15827773   -0.18238713
   -2.33333333   -0.11750824   -0.16239499   -0.17359695
   -2.25000000   -0.12458221   -0.16665542   -0.16420440
   -2.16666667   -0.13193512   -0.17105965   -0.15451972
   -2.08333333   -0.13956144   -0.17560697   -0.14491418
   -2.00000000   -0.14745167   -0.18029686   -0.13579214
   -1.91666667   -0.15559178   -0.18512993   -0.12755494
   -1.83333333   -0.16396226   -0.19010736   -0.12056343
   -1.75000000   -0.17253735   -0.19522891   -0.11510602
   -1.66666667   -0.18128416   -0.20049057   -0.11137852
   -1.58333333   -0.19016198   -0.20588299   -0.10947819
   -1.50000000   -0.19912180   -0.21139174   -0.10941107
   -1.41666667   -0.20810596   -0.21699896   -0.11110884
   -1.33333333   -0.21704833   -0.22268517   -0.11445032
   -1.25000000   -0.22587499   -0.22842978   -0.11928336
   -1.16666667   -0.23450533   -0.23420931   -0.12544381
   -1.08333333   -0.24285377   -0.23999408   -0.13277022
   -1.00000000   -0.25083213   -0.24574496   -0.14111399
   -0.91666667   -0.25835215   -0.25141236   -0.15034534
   -0.83333333   -0.26532856   -0.25693828   -0.16035612
   -0.75000000   -0.27168203   -0.26226074   -0.17106041
   -0.66666667   -0.27734213   -0.26731808   -0.18239363
   -0.58333333   -0.28224978   -0.27205067   -0.19431093
   -0.50000000   -0.28635930   -0.27639857   -0.20678518
   -0.41666667   -0.28963974   -0.28029635   -0.21980497
   -0.33333333   -0.29207548   -0.28366832   -0.23337274
   -0.25000000   -0.29366616   -0.28642818   -0.24750316
   -0.16666667   -0.29442583   -0.28848548   -0.26222169
   -0.08333333   -0.29438167   -0.28975853   -0.27756342
    0.00000000   -0.29357217   -0.29018981   -0.29357217
    0.08333333   -0.29204517   -0.28975853   -0.31029962
    0.16666667   -0.28985562   -0.28848548   -0.32780460
    0.25000000   -0.28706350   -0.28642818   -0.34615232
    0.33333333   -0.28373173   -0.28366832   -0.36541348
    0.41666667   -0.27992436   -0.28029635   -0.38566305
    0.50000000   -0.27570499   -0.27639857   -0.40697859
    0.58333333   -0.27113542   -0.27205067   -0.42943769
    0.66666667   -0.26627465   -0.26731808   -0.45311421
    0.75000000   -0.26117808   -0.26226074   -0.47807272
    0.83333333   -0.25589701   -0.25693828   -0.50436031
    0.91666667   -0.25047830   -0.25141236   -0.53199463
    1.00000000   -0.24496424   -0.24574496   -0.56094658
    1.08333333   -0.23939257   -0.23999408   -0.59111569
    1.16666667   -0.23379660   -0.23420931   -0.62229526
    1.25000000   -0.22820538   -0.22842978   -0.65412449
    1.33333333   -0.22264400   -0.22268517   -0.68602325
    1.41666667   -0.21713390   -0.21699896   -0.71710783
    1.50000000   -0.21169308   -0.21139174   -0.74608717
    1.58333333   -0.20633659   -0.20588299   -0.77114678
    1.66666667   -0.20107669   -0.20049057   -0.78984246
    1.75000000   -0.19592325   -0.19522891   -0.79904829
    1.83333333   -0.19088401   -0.19010736   -0.79503538
    1.91666667   -0.18596485   -0.18512993   -0.77378528
    2.00000000   -0.18117001   -0.18029686   -0.73163077
    2.08333333   -0.17650239   -0.17560697   -0.66622300
    2.16666667   -0.17196363   -0.17105965   -0.57761691
    2.25000000   -0.16755445   -0.16665542   -0.46903269
    2.33333333   -0.16327464   -0.16239499   -0.34678166
    2.41666667   -0.15912331   -0.15827773   -0.21916024
    2.50000000   -0.15509902   -0.15430059   -0.09467226
    2.58333333   -0.15119979   -0.15045826    0.01967235
    2.66666667   -0.14742329   -0.14674441    0.11933789
    2.75000000   -0.14376690   -0.14315339    0.20236440
    2.83333333   -0.14022774   -0.13968117    0.26885423
    2.91666667   -0.13680273   -0.13632522    0.32023131
    3.00000000   -0.13348873   -0.13308334    0.35856655
    3.08333333   -0.13028246   -0.12995243    0.38609475
    3.16666667   -0.12718059   -0.12692781    0.40492637
    3.25000000   -0.12417982   -0.12400371    0.41690995
    3.33333333   -0.12127681   -0.12117435    0.42359076
    3.41666667   -0.11846825   -0.11843517    0.42622134
    3.50000000   -0.11575089   -0.11578319    0.42579636
    3.58333333   -0.11312153   -0.11321652    0.42309482
    3.66666667   -0.11057702   -0.11073326    0.41872089
    3.75000000   -0.10811430   -0.10833051    0.41314000
    3.83333333   -0.10573039   -0.10600422    0.40670885
    3.91666667   -0.10342239   -0.10374976    0.39969970
    4.00000000   -0.10118748   -0.10156297    0.39231960
    4.08333333   -0.09902294   -0.09944097    0.38472525
    4.16666667   -0.09692616   -0.09738214    0.37703486
    4.25000000   -0.09489457   -0.09538547    0.36933678
    4.33333333   -0.09292574   -0.09344957    0.36169672
    4.41666667   -0.09101732   -0.09157202    0.35416294
    4.50000000   -0.08916702   -0.08974951    0.34677013
    4.58333333   -0.08737266   -0.08797858    0.33954285
    4.66666667   -0.08563216   -0.08625647    0.33249781
    4.75000000   -0.08394348   -0.08458161    0.32564558
    4.83333333   -0.08230470   -0.08295334    0.31899228
    4.91666667   -0.08071397   -0.08137117    0.31254057
    5.00000000   -0.07916949   -0.07983399    0.30629040
    5.08333333   -0.07766955   -0.07833972    0.30023987
    5.16666667   -0.07621253   -0.07688568    0.29438565
    5.25000000   -0.07479683   -0.07546932    0.28872328
    5.33333333   -0.07342095   -0.07408896    0.28324767
    5.41666667   -0.07208346   -0.07274392    0.27795324
    5.50000000   -0.07078295   -0.07143411    0.27283399
    5.58333333   -0.06951811   -0.07015925    0.26788387
    5.66666667   -0.06828766   -0.06891833    0.26309673
    5.75000000   -0.06709037   -0.06770947    0.25846638
    5.83333333   -0.06592507   -0.06653049    0.25398678
    5.91666667   -0.06479065   -0.06537962    0.24965201
    6.00000000   -0.06368602   -0.06425594    0.24545622
    6.08333333   -0.06261015   -0.06315939    0.24139382
    6.16666667   -0.06156205   -0.06209012    0.23745939
    6.25000000   -0.06054076   -0.06104788    0.23364768
    6.33333333   -0.05954539   -0.06003162    0.22995366
    6.41666667   -0.05857505   -0.05903965    0.22637255
    6.50000000   -0.05762889   -0.05807023    0.22289968
    6.58333333   -0.05670612   -0.05712221    0.21953065
    6.66666667   -0.05580597   -0.05619526    0.21626127
    6.75000000   -0.05492768   -0.05528965    0.21308747
    6.83333333   -0.05407054   -0.05440561    0.21000541
    6.91666667   -0.05323388   -0.05354279    0.20701145
    7.00000000   -0.05241702   -0.05270008    0.20410206
    7.08333333   -0.05161933   -0.05187596    0.20127391
    7.16666667   -0.05084022   -0.05106913    0.19852385
    7.25000000   -0.05007908   -0.05027892    0.19584880
    7.33333333   -0.04933536   -0.04950544    0.19324590
    7.41666667   -0.04860852   -0.04874913    0.19071241
    7.50000000   -0.04789803   -0.04801014    0.18824566
    7.58333333   -0.04720340   -0.04728798    0.18584318
    7.66666667   -0.04652415   -0.04658149    0.18350258
    7.75000000   -0.04585979   -0.04588937    0.18122156
    7.83333333   -0.04520990   -0.04521067    0.17899796
    7.91666667   -0.04457405   -0.04454520    0.17682971
    8.00000000   -0.04395180   -0.04389331    0.17471481
    8.08333333   -0.04334278   -0.04325548    0.17265138
    8.16666667   -0.04274658   -0.04263172    0.17063760
    8.25000000   -0.04216284   -0.04202136    0.16867176
    8.33333333   -0.04159121   -0.04142327    0.16675221
    8.41666667   -0.04103132   -0.04083635    0.16487733
    8.50000000   -0.04048287   -0.04026006    0.16304567
    8.58333333   -0.03994551   -0.03969452    0.16125574
    8.66666667   -0.03941894   -0.03914026    0.15950615
    8.75000000   -0.03890286   -0.03859765    0.15779562
    8.83333333   -0.03839699   -0.03806654    0.15612285
    8.91666667   -0.03790104   -0.03754610    0.15448660
    9.00000000   -0.03741474   -0.03703528    0.15288576
    9.08333333   -0.03693784   -0.03653323    0.15131917
    9.16666667   -0.03647007   -0.03603976    0.14978576
    9.25000000   -0.03601120   -0.03555524    0.14828452
    9.33333333   -0.03556100   -0.03508023    0.14681445
    9.41666667   -0.03511923   -0.03461499    0.14537458
    9.50000000   -0.03468568   -0.03415913    0.14396404
    9.58333333   -0.03426013   -0.03371175    0.14258193
    9.66666667   -0.03384237   -0.03327190    0.14122740
    9.75000000   -0.03343221   -0.03283903    0.13989966
    9.83333333   -0.03302946   -0.03241324    0.13859793
    9.91666667   -0.03263392   -0.03199508    0.13732143
   10.00000000   -0.03224542   -0.03158506    0.13606948
   10.08333333   -0.03186378   -0.03118323    0.13484136
   10.16666667   -0.03148884   -0.03078901    0.13363640
   10.25000000   -0.03112042   -0.03040148    0.13245397
   10.33333333   -0.03075837   -0.03001987    0.13129345
   10.41666667   -0.03040253   -0.02964391    0.13015421
   10.50000000   -0.03005276   -0.02927396    0.12903571
   10.58333333   -0.02970891   -0.02891062    0.12793738
   10.66666667   -0.02937084   -0.02855430    0.12685867
   10.75000000   -0.02903841   -0.02820482    0.12579909
   10.83333333   -0.02871149   -0.02786146    0.12475811
   10.91666667   -0.02838994   -0.02752333    0.12373525
   11.00000000   -0.02807366   -0.02718987    0.12273007
   11.08333333   -0.02776252   -0.02686110    0.12174209
   11.16666667   -0.02745638   -0.02653757    0.12077088
   11.25000000   -0.02715516   -0.02621986    0.11981602
   11.33333333   -0.02685873   -0.02590821    0.11887711
   11.41666667   -0.02656698   -0.02560220    0.11795374
   11.50000000   -0.02627982   -0.02530103    0.11704555
   11.58333333   -0.02599713   -0.02500390    0.11615216
   11.66666667   -0.02571883   -0.02471052    0.11527319
   11.75000000   -0.02544481   -0.02442116    0.11440833
   11.83333333   -0.02517498   -0.02413646    0.11355723
   11.91666667   -0.02490925   -0.02385694    0.11271956
   12.00000000   -0.02464753   -0.02358260    0.11189501
   12.08333333   -0.02438975   -0.02331284    0.11108328
   12.16666667   -0.02413580   -0.02304680    0.11028405
   12.25000000   -0.02388561   -0.02278389    0.10949707
   12.33333333   -0.02363911   -0.02252403    0.10872204
   12.41666667   -0.02339622   -0.02226775    0.10795869
   12.50000000   -0.02315685   -0.02201571    0.10720677
   12.58333333   -0.02292095   -0.02176827    0.10646602
   12.66666667   -0.02268843   -0.02152517    0.10573618
   12.75000000   -0.02245923   -0.02128569    0.10501703
   12.83333333   -0.02223328   -0.02104899    0.10430833
   12.91666667   -0.02201051   -0.02081469    0.10360985
   13.00000000   -0.02179087   -0.02058300    0.10292138
   13.08333333   -0.02157429   -0.02035459    0.10224270
   13.16666667   -0.02136070   -0.02013007    0.10157360
   13.25000000   -0.02115005   -0.01990959    0.10091389
   13.33333333   -0.02094229   -0.01969266    0.10026337
   13.41666667   -0.02073735   -0.01947844    0.09962183
   13.50000000   -0.02053518   -0.01926623    0.09898912
   13.58333333   -0.02033573   -0.01905589    0.09836504
   13.66666667   -0.02013894   -0.01884789    0.09774940
   13.75000000   -0.01994477   -0.01864297    0.09714206
   13.83333333   -0.01975317   -0.01844163    0.09654284
   13.91666667   -0.01956408   -0.01824374    0.09595157
   14.00000000   -0.01937745   -0.01804863    0.09536811
   14.08333333   -0.01919326   -0.01785540    0.09479230
   14.16666667   -0.01901144   -0.01766355    0.09422397
   14.25000000   -0.01883195   -0.01747322    0.09366301
   14.33333333   -0.01865476   -0.01728508    0.09310926
   14.41666667   -0.01847981   -0.01709989    0.09256257
   14.50000000   -0.01830707   -0.01691793    0.09202283
   14.58333333   -0.01813651   -0.01673882    0.09148989
   14.66666667   -0.01796807   -0.01656169    0.09096363
   14.75000000   -0.01780172   -0.01638570    0.09044393
   14.83333333   -0.01763743   -0.01621060    0.08993066
   14.91666667   -0.01747515   -0.01603681    0.08942370
   15.00000000   -0.01731486   -0.01586518    0.08892294
   15.08333333   -0.01715652   -0.01569635    0.08842827
   15.16666667   -0.01700009   -0.01553036    0.08793957
   15.25000000   -0.01684554   -0.01536653    0.08745673
   15.33333333   -0.01669284   -0.01520387    0.08697967
   15.41666667   -0.01654195   -0.01504171    0.08650825
   15.50000000   -0.01639285   -0.01488007    0.08604240
   15.58333333   -0.01624551   -0.01471966    0.08558202
   15.66666667   -0.01609989   -0.01456140    0.08512699
   15.75000000   -0.01595596   -0.01440578    0.08467724
   15.83333333   -0.01581371   -0.01425249    0.08423267
   15.91666667   -0.01567309   -0.01410057    0.08379319
   16.00000000   -0.01553409   -0.01394902    0.08335873
   16.08333333   -0.01539668   -0.01379736    0.08292917
   16.16666667   -0.01526082   -0.01364597    0.08250447
   16.25000000   -0.01512650   -0.01349584    0.08208451
   16.33333333   -0.01499369   -0.01334786    0.08166923
   16.41666667   -0.01486236   -0.01320222    0.08125855
   16.50000000   -0.01473250   -0.01305825    0.08085239
   16.58333333   -0.01460407   -0.01291475    0.08045068
   16.66666667   -0.01447706   -0.01277073    0.08005335
   16.75000000   -0.01435144   -0.01262607    0.07966032
   16.83333333   -0.01422719   -0.01248153    0.07927152
   16.91666667   -0.01410429   -0.01233830    0.07888690
   17.00000000   -0.01398272   -0.01219714    0.07850638
   17.08333333   -0.01386246   -0.01205786    0.07812988
   17.16666667   -0.01374348   -0.01191933    0.07775737
   17.25000000   -0.01362577   -0.01178013    0.07738875
   17.33333333   -0.01350930   -0.01163945    0.07702399
   17.41666667   -0.01339407   -0.01149757    0.07666302
   17.50000000   -0.01328005   -0.01135571    0.07630577
   17.58333333   -0.01316721   -0.01121518    0.07595219
   17.66666667   -0.01305555   -0.01107649    0.07560223
   17.75000000   -0.01294505   -0.01093886    0.07525582
   17.83333333   -0.01283568   -0.01080062    0.07491293
   17.91666667   -0.01272744   -0.01066019    0.07457349
   18.00000000   -0.01262030   -0.01051704    0.07423744
   18.08333333   -0.01251424   -0.01037203    0.07390475
   18.16666667   -0.01240927   -0.01022688    0.07357536
   18.25000000   -0.01230534   -0.01008294    0.07324921
   18.33333333   -0.01220246   -0.00994021    0.07292627
   18.41666667   -0.01210061   -0.00979706    0.07260649
   18.50000000   -0.01199977   -0.00965110    0.07228982
   18.58333333   -0.01189992   -0.00950055    0.07197621
   18.66666667   -0.01180106   -0.00934536    0.07166562
   18.75000000   -0.01170317   -0.00918728    0.07135801
   18.83333333   -0.01160623   -0.00902867    0.07105333
   18.91666667   -0.01151023   -0.00887085    0.07075155
   19.00000000   -0.01141516   -0.00871284    0.07045262
   19.08333333   -0.01132100   -0.00855151    0.07015649
   19.16666667   -0.01122775   -0.00838314    0.06986315
   19.25000000   -0.01113539   -0.00820562    0.06957253
   19.33333333   -0.01104391   -0.00801989    0.06928461
   19.41666667   -0.01095329   -0.00782968    0.06899935
   19.50000000   -0.01086352   -0.00763931    0.06871671
   19.58333333   -0.01077460   -0.00745070    0.06843665
   19.66666667   -0.01068651   -0.00726125    0.06815914
   19.75000000   -0.01059923   -0.00706397    0.06788415
   19.83333333   -0.01051277   -0.00685024    0.06761163
   19.91666667   -0.01042710   -0.00661401    0.06734157
   20.00000000   -0.01034222   -0.00635551    0.06707392
