  -20.00000000   -0.06993385    0.00093305   -0.09095131
  -19.91666667   -0.07012500    0.00102054   -0.09117954
  -19.83333333   -0.07031799    0.00113312   -0.09140957
  -19.75000000   -0.07051286    0.00126163   -0.09164143
  -19.66666667   -0.07070962    0.00138835   -0.09187513
  -19.58333333   -0.07090830    0.00149601   -0.09211070
  -19.50000000   -0.07110893    0.00157604   -0.09234817
  -19.41666667   -0.07131154    0.00163164   -0.09258755
  -19.33333333   -0.07151614    0.00167439   -0.09282887
  -19.25000000   -0.07172279    0.00171685   -0.09307215
  -19.16666667   -0.07193150    0.00176560   -0.09331742
  -19.08333333   -0.07214229    0.00181872   -0.09356470
  -19.00000000   -0.07235522    0.00186857   -0.09381403
  -18.91666667   -0.07257029    0.00190777   -0.09406541
  -18.83333333   -0.07278755    0.00193435   -0.09431889
  -18.75000000   -0.07300702    0.00195300   -0.09457448
  -18.66666667   -0.07322875    0.00197194   -0.09483222
  -18.58333333   -0.07345275    0.00199758   -0.09509213
  -18.50000000   -0.07367907    0.00203068   -0.09535424
  -18.41666667   -0.07390774    0.00206621   -0.09561858
  -18.33333333   -0.07413879    0.00209698   -0.09588517
  -18.25000000   -0.07437226    0.00211857   -0.09615406
  -18.16666667   -0.07460820    0.00213223   -0.09642526
  -18.08333333   -0.07484662    0.00214402   -0.09669881
  -18.00000000   -0.07508758    0.00216086   -0.09697474
  -17.91666667   -0.07533110    0.00218606   -0.09725308
  -17.83333333   -0.07557724    0.00221723   -0.09753386
  -17.75000000   -0.07582602    0.00224798   -0.09781713
  -17.66666667   -0.07607750    0.00227215   -0.09810291
  -17.58333333   -0.07633170    0.00228786   -0.09839122
  -17.50000000   -0.07658869    0.00229875   -0.09868212
  -17.41666667   -0.07684849    0.00231161   -0.09897564
  -17.33333333   -0.07711114    0.00233198   -0.09927180
  -17.25000000   -0.07737671    0.00236056   -0.09957066
  -17.16666667   -0.07764523    0.00239280   -0.09987225
  -17.08333333   -0.07791674    0.00242186   -0.10017659
  -17.00000000   -0.07819131    0.00244307   -0.10048375
  -16.91666667   -0.07846897    0.00245697   -0.10079374
  -16.83333333   -0.07874977    0.00246899   -0.10110662
  -16.75000000   -0.07903377    0.00248593   -0.10142243
  -16.66666667   -0.07932102    0.00251163   -0.10174121
  -16.58333333   -0.07961156    0.00254442   -0.10206299
  -16.50000000   -0.07990546    0.00257823   -0.10238784
  -16.41666667   -0.08020277    0.00260649   -0.10271578
  -16.33333333   -0.08050354    0.00262639   -0.10304687
  -16.25000000   -0.08080784    0.00264071   -0.10338115
  -16.16666667   -0.08111571    0.00265607   -0.10371868
  -16.08333333   -0.08142722    0.00267869   -0.10405949
  -16.00000000   -0.08174244    0.00271037   -0.10440364
  -15.91666667   -0.08206142    0.00274733   -0.10475118
  -15.83333333   -0.08238422    0.00278259   -0.10510217
  -15.75000000   -0.08271091    0.00281047   -0.10545664
  -15.66666667   -0.08304156    0.00283028   -0.10581466
  -15.58333333   -0.08337624    0.00284678   -0.10617629
  -15.50000000   -0.08371500    0.00286717   -0.10654158
  -15.41666667   -0.08405793    0.00289650   -0.10691058
  -15.33333333   -0.08440510    0.00293437   -0.10728336
  -15.25000000   -0.08475657    0.00297518   -0.10765997
  -15.16666667   -0.08511242    0.00301170   -0.10804048
  -15.08333333   -0.08547274    0.00303969   -0.10842495
  -15.00000000   -0.08583760    0.00306069   -0.10881344
  -14.91666667   -0.08620707    0.00308106   -0.10920602
  -14.83333333   -0.08658124    0.00310795   -0.10960275
  -14.75000000   -0.08696020    0.00314473   -0.11000371
  -14.66666667   -0.08734402    0.00318877   -0.11040896
  -14.58333333   -0.08773280    0.00323311   -0.11081858
  -14.50000000   -0.08812662    0.00327087   -0.11123263
  -14.41666667   -0.08852558    0.00329972   -0.11165119
  -14.33333333   -0.08892977    0.00332339   -0.11207435
  -14.25000000   -0.08933928    0.00334937   -0.11250217
  -14.16666667   -0.08975421    0.00338411   -0.11293474
  -14.08333333   -0.09017466    0.00342892   -0.11337215
  -14.00000000   -0.09060073    0.00347903   -0.11381446
  -13.91666667   -0.09103253    0.00352666   -0.11426177
  -13.83333333   -0.09147016    0.00356596   -0.11471418
  -13.75000000   -0.09191372    0.00359678   -0.11517176
  -13.66666667   -0.09236334    0.00362489   -0.11563461
  -13.58333333   -0.09281912    0.00365829   -0.11610284
  -13.50000000   -0.09328118    0.00370214   -0.11657652
  -13.41666667   -0.09374963    0.00375543   -0.11705576
  -13.33333333   -0.09422461    0.00381154   -0.11754067
  -13.25000000   -0.09470623    0.00386249   -0.11803135
  -13.16666667   -0.09519462    0.00390402   -0.11852790
  -13.08333333   -0.09568991    0.00393837   -0.11903045
  -13.00000000   -0.09619222    0.00397296   -0.11953909
  -12.91666667   -0.09670170    0.00401569   -0.12005394
  -12.83333333   -0.09721850    0.00406986   -0.12057514
  -12.75000000   -0.09774273    0.00413205   -0.12110279
  -12.66666667   -0.09827455    0.00419424   -0.12163702
  -12.58333333   -0.09881412    0.00424890   -0.12217796
  -12.50000000   -0.09936157    0.00429385   -0.12272574
  -12.41666667   -0.09991707    0.00433375   -0.12328051
  -12.33333333   -0.10048078    0.00437718   -0.12384239
  -12.25000000   -0.10105285    0.00443123   -0.12441153
  -12.16666667   -0.10163344    0.00449693   -0.12498809
  -12.08333333   -0.10222275    0.00456853   -0.12557221
  -12.00000000   -0.10282092    0.00463715   -0.12616404
  -11.91666667   -0.10342813    0.00469640   -0.12676374
  -11.83333333   -0.10404459    0.00474658   -0.12737150
  -11.75000000   -0.10467045    0.00479458   -0.12798746
  -11.66666667   -0.10530591    0.00484953   -0.12861181
  -11.58333333   -0.10595118    0.00491705   -0.12924473
  -11.50000000   -0.10660644    0.00499558   -0.12988639
  -11.41666667   -0.10727188    0.00507731   -0.13053700
  -11.33333333   -0.10794774    0.00515314   -0.13119676
  -11.25000000   -0.10863419    0.00521854   -0.13186585
  -11.16666667   -0.10933148    0.00527648   -0.13254449
  -11.08333333   -0.11003981    0.00533572   -0.13323290
  -11.00000000   -0.11075940    0.00540526   -0.13393130
  -10.91666667   -0.11149049    0.00548861   -0.13463991
  -10.83333333   -0.11223331    0.00558149   -0.13535899
  -10.75000000   -0.11298809    0.00567446   -0.13608875
  -10.66666667   -0.11375508    0.00575899   -0.13682947
  -10.58333333   -0.11453453    0.00583292   -0.13758140
  -10.50000000   -0.11532669    0.00590200   -0.13834480
  -10.41666667   -0.11613180    0.00597635   -0.13911997
  -10.33333333   -0.11695015    0.00606403   -0.13990718
  -10.25000000   -0.11778199    0.00616595   -0.14070672
  -10.16666667   -0.11862758    0.00627512   -0.14151892
  -10.08333333   -0.11948723    0.00638112   -0.14234409
  -10.00000000   -0.12036118    0.00647675   -0.14318254
   -9.91666667   -0.12124974    0.00656272   -0.14403463
   -9.83333333   -0.12215320    0.00664739   -0.14490072
   -9.75000000   -0.12307184    0.00674156   -0.14578115
   -9.66666667   -0.12400596    0.00685162   -0.14667631
   -9.58333333   -0.12495588    0.00697544   -0.14758660
   -9.50000000   -0.12592188    0.00710361   -0.14851242
   -9.41666667   -0.12690429    0.00722546   -0.14945419
   -9.33333333   -0.12790342    0.00733590   -0.15041237
   -9.25000000   -0.12891957    0.00743884   -0.15138738
   -9.16666667   -0.12995307    0.00754491   -0.15237971
   -9.08333333   -0.13100426    0.00766480   -0.15338987
   -9.00000000   -0.13207342    0.00780246   -0.15441834
   -8.91666667   -0.13316090    0.00795250   -0.15546566
   -8.83333333   -0.13426704    0.00810358   -0.15653240
   -8.75000000   -0.13539213    0.00824563   -0.15761911
   -8.66666667   -0.13653651    0.00837641   -0.15872640
   -8.58333333   -0.13770052    0.00850318   -0.15985491
   -8.50000000   -0.13888446    0.00863829   -0.16100526
   -8.41666667   -0.14008864    0.00879142   -0.16217814
   -8.33333333   -0.14131340    0.00896341   -0.16337428
   -8.25000000   -0.14255903    0.00914563   -0.16459438
   -8.16666667   -0.14382583    0.00932544   -0.16583923
   -8.08333333   -0.14511411    0.00949432   -0.16710965
   -8.00000000   -0.14642413    0.00965356   -0.16840646
   -7.91666667   -0.14775618    0.00981368   -0.16973055
   -7.83333333   -0.14911051    0.00998802   -0.17108283
   -7.75000000   -0.15048736    0.01018431   -0.17246429
   -7.66666667   -0.15188697    0.01039975   -0.17387591
   -7.58333333   -0.15330951    0.01062265   -0.17531877
   -7.50000000   -0.15475520    0.01083998   -0.17679397
   -7.41666667   -0.15622418    0.01104578   -0.17830268
   -7.33333333   -0.15771656    0.01124532   -0.17984612
   -7.25000000   -0.15923245    0.01145215   -0.18142559
   -7.16666667   -0.16077190    0.01167968   -0.18304242
   -7.08333333   -0.16233491    0.01193276   -0.18469803
   -7.00000000   -0.16392147    0.01220453   -0.18639394
   -6.91666667   -0.16553148    0.01248077   -0.18813171
   -6.83333333   -0.16716479    0.01274907   -0.18991300
   -6.75000000   -0.16882121    0.01300704   -0.19173956
   -6.66666667   -0.17050047    0.01326436   -0.19361325
   -6.58333333   -0.17220219    0.01353702   -0.19553600
   -6.50000000   -0.17392597    0.01383748   -0.19750989
   -6.41666667   -0.17567127    0.01416679   -0.19953710
   -6.33333333   -0.17743744    0.01451391   -0.20161992
   -6.25000000   -0.17922376    0.01486280   -0.20376082
   -6.16666667   -0.18102936    0.01520291   -0.20596238
   -6.08333333   -0.18285323    0.01553644   -0.20822733
   -6.00000000   -0.18469425    0.01587763   -0.21055862
   -5.91666667   -0.18655110    0.01624422   -0.21295932
   -5.83333333   -0.18842229    0.01664654   -0.21543271
   -5.75000000   -0.19030619    0.01708102   -0.21798233
   -5.66666667   -0.19220090    0.01753254   -0.22061188
   -5.58333333   -0.19410434    0.01798428   -0.22332532
   -5.50000000   -0.19601417    0.01842897   -0.22612690
   -5.41666667   -0.19792779    0.01887442   -0.22902112
   -5.33333333   -0.19984232    0.01933938   -0.23201276
   -5.25000000   -0.20175457    0.01984243   -0.23510700
   -5.16666667   -0.20366103    0.02039052   -0.23830930
   -5.08333333   -0.20555780    0.02097480   -0.24162549
   -5.00000000   -0.20744063    0.02157645   -0.24506187
   -4.91666667   -0.20930484    0.02217926   -0.24862510
   -4.83333333   -0.21114528    0.02278091   -0.25232229
   -4.75000000   -0.21295636    0.02339573   -0.25616111
   -4.66666667   -0.21473195    0.02404691   -0.26014967
   -4.58333333   -0.21646535    0.02475268   -0.26429659
   -4.50000000   -0.21814930    0.02551535   -0.26861116
   -4.41666667   -0.21977588    0.02632024   -0.27310311
   -4.33333333   -0.22133648    0.02714563   -0.27778276
   -4.25000000   -0.22282178    0.02797768   -0.28266107
   -4.16666667   -0.22422169    0.02882093   -0.28774940
   -4.08333333   -0.22552523    0.02969734   -0.29305956
   -4.00000000   -0.22672062    0.03063419   -0.29860373
   -3.91666667   -0.22779507    0.03164805   -0.30439410
   -3.83333333   -0.22873481    0.03273516   -0.31044271
   -3.75000000   -0.22952499    0.03387465   -0.31676089
   -3.66666667   -0.23014964    0.03504302   -0.32335866
   -3.58333333   -0.23059158    0.03623110   -0.33024374
   -3.50000000   -0.23083234    0.03745259   -0.33742007
   -3.41666667   -0.23085213    0.03873825   -0.34488588
   -3.33333333   -0.23062972    0.04011893   -0.35263067
   -3.25000000   -0.23014236    0.04160775   -0.36063087
   -3.16666667   -0.22936578    0.04319310   -0.36884369
   -3.08333333   -0.22827402    0.04484733   -0.37719793
   -3.00000000   -0.22683945    0.04654646   -0.38558038
   -2.91666667   -0.22503266    0.04828864   -0.39381599
   -2.83333333   -0.22282247    0.05009935   -0.40163789
   -2.75000000   -0.22017589    0.05201919   -0.40864258
   -2.66666667   -0.21705817    0.05408125   -0.41422251
   -2.58333333   -0.21343283    0.05629196   -0.41746425
   -2.50000000   -0.20926187    0.05862816   -0.41699597
   -2.41666667   -0.20450590    0.06105316   -0.41076287
   -2.33333333   -0.19912453    0.06354256   -0.39570952
   -2.25000000   -0.19307685    0.06610376   -0.36737015
   -2.16666667   -0.18632205    0.06877584   -0.31944963
   -2.08333333   -0.17882026    0.07160855   -0.24370858
   -2.00000000   -0.17053377    0.07463236   -0.13095098
   -1.91666667   -0.16142833    0.07783817    0.02546186
   -1.83333333   -0.15147503    0.08118058    0.22246695
   -1.75000000   -0.14065234    0.08460429    0.43928064
   -1.66666667   -0.12894877    0.08807834    0.63814357
   -1.58333333   -0.11636568    0.09161653    0.78126353
   -1.50000000   -0.10292042    0.09526922    0.85183115
   -1.41666667   -0.08864982    0.09908874    0.85815072
   -1.33333333   -0.07361343    0.10308798    0.82113156
   -1.25000000   -0.05789646    0.10721786    0.76117733
   -1.16666667   -0.04161215    0.11138020    0.69264865
   -1.08333333   -0.02490291    0.11547172    0.62388577
   -1.00000000   -0.00793971    0.11943485    0.55903392
   -0.91666667    0.00908013    0.12328346    0.49976848
   -0.83333333    0.02593794    0.12708366    0.44645750
   -0.75000000    0.04240064    0.13089490    0.39884183
   -0.66666667    0.05823007    0.13470142    0.35640134
   -0.58333333    0.07319368    0.13837437    0.31854096
   -0.50000000    0.08707595    0.14169183    0.28467915
   -0.41666667    0.09968938    0.14441464    0.25428521
   -0.33333333    0.11088382    0.14638409    0.22689166
   -0.25000000    0.12055332    0.14759243    0.20209423
   -0.16666667    0.12863967    0.14818713    0.17954682
   -0.08333333    0.13513258    0.14840210    0.15895452
    0.00000000    0.14006647    0.14844610    0.14006647
    0.08333333    0.14351474    0.14840210    0.12266929
    0.16666667    0.14558217    0.14818713    0.10658126
    0.25000000    0.14639640    0.14759243    0.09164733
    0.33333333    0.14609951    0.14638409    0.07773501
    0.41666667    0.14484010    0.14441464    0.06473086
    0.50000000    0.14276664    0.14169183    0.05253759
    0.58333333    0.14002213    0.13837437    0.04107178
    0.66666667    0.13674017    0.13470142    0.03026183
    0.75000000    0.13304244    0.13089490    0.02004646
    0.83333333    0.12903724    0.12708366    0.01037336
    0.91666667    0.12481905    0.12328346    0.00119819
    1.00000000    0.12046875    0.11943485   -0.00751631
    1.08333333    0.11605428    0.11547172   -0.01580094
    1.16666667    0.11163180    0.11138020   -0.02368052
    1.25000000    0.10724676    0.10721786   -0.03117434
    1.33333333    0.10293529    0.10308798   -0.03829629
    1.41666667    0.09872539    0.09908874   -0.04505506
    1.50000000    0.09463816    0.09526922   -0.05145420
    1.58333333    0.09068888    0.09161653   -0.05749195
    1.66666667    0.08688801    0.08807834   -0.06316114
    1.75000000    0.08324203    0.08460429   -0.06844896
    1.83333333    0.07975425    0.08118058   -0.07333655
    1.91666667    0.07642539    0.07783817   -0.07779859
    2.00000000    0.07325419    0.07463236   -0.08180282
    2.08333333    0.07023779    0.07160855   -0.08530943
    2.16666667    0.06737220    0.06877584   -0.08827041
    2.25000000    0.06465253    0.06610376   -0.09062887
    2.33333333    0.06207331    0.06354256   -0.09231834
    2.41666667    0.05962863    0.06105316   -0.09326213
    2.50000000    0.05731239    0.05862816   -0.09337274
    2.58333333    0.05511833    0.05629196   -0.09255151
    2.66666667    0.05304021    0.05408125   -0.09068853
    2.75000000    0.05107188    0.05201919   -0.08766305
    2.83333333    0.04920729    0.05009935   -0.08334451
    2.91666667    0.04744058    0.04828864   -0.07759443
    3.00000000    0.04576610    0.04654646   -0.07026953
    3.08333333    0.04417844    0.04484733   -0.06122615
    3.16666667    0.04267241    0.04319310   -0.05032637
    3.25000000    0.04124310    0.04160775   -0.03744618
    3.33333333    0.03988584    0.04011893   -0.02248526
    3.41666667    0.03859620    0.03873825   -0.00537868
    3.50000000    0.03737003    0.03745259    0.01388996
    3.58333333    0.03620339    0.03623110    0.03527562
    3.66666667    0.03509260    0.03504302    0.05865953
    3.75000000    0.03403419    0.03387465    0.08383966
    3.83333333    0.03302490    0.03273516    0.11052666
    3.91666667    0.03206169    0.03164805    0.13834586
    4.00000000    0.03114171    0.03063419    0.16684723
    4.08333333    0.03026229    0.02969734    0.19552437
    4.16666667    0.02942092    0.02882093    0.22383944
    4.25000000    0.02861528    0.02797768    0.25125462
    4.33333333    0.02784318    0.02714563    0.27726281
    4.41666667    0.02710260    0.02632024    0.30141745
    4.50000000    0.02639162    0.02551535    0.32335611
    4.58333333    0.02570846    0.02475268    0.34281445
    4.66666667    0.02505149    0.02404691    0.35963210
    4.75000000    0.02441913    0.02339573    0.37374943
    4.83333333    0.02380996    0.02278091    0.38519640
    4.91666667    0.02322261    0.02217926    0.39407764
    5.00000000    0.02265584    0.02157645    0.40055488
    5.08333333    0.02210845    0.02097480    0.40482897
    5.16666667    0.02157936    0.02039052    0.40712383
    5.25000000    0.02106754    0.01984243    0.40767262
    5.33333333    0.02057202    0.01933938    0.40670680
    5.41666667    0.02009191    0.01887442    0.40444817
    5.50000000    0.01962638    0.01842897    0.40110342
    5.58333333    0.01917463    0.01798428    0.39686093
    5.66666667    0.01873595    0.01753254    0.39188934
    5.75000000    0.01830963    0.01708102    0.38633715
    5.83333333    0.01789504    0.01664654    0.38033361
    5.91666667    0.01749157    0.01624422    0.37398989
    6.00000000    0.01709867    0.01587763    0.36740047
    6.08333333    0.01671581    0.01553644    0.36064514
    6.16666667    0.01634249    0.01520291    0.35379057
    6.25000000    0.01597824    0.01486280    0.34689191
    6.33333333    0.01562264    0.01451391    0.33999452
    6.41666667    0.01527528    0.01416679    0.33313531
    6.50000000    0.01493577    0.01383748    0.32634389
    6.58333333    0.01460375    0.01353702    0.31964387
    6.66666667    0.01427889    0.01326436    0.31305376
    6.75000000    0.01396086    0.01300704    0.30658769
    6.83333333    0.01364937    0.01274907    0.30025631
    6.91666667    0.01334414    0.01248077    0.29406735
    7.00000000    0.01304490    0.01220453    0.28802599
    7.08333333    0.01275140    0.01193276    0.28213553
    7.16666667    0.01246340    0.01167968    0.27639762
    7.25000000    0.01218070    0.01145215    0.27081253
    7.33333333    0.01190306    0.01124532    0.26537955
    7.41666667    0.01163031    0.01104578    0.26009712
    7.50000000    0.01136225    0.01083998    0.25496294
    7.58333333    0.01109871    0.01062265    0.24997428
    7.66666667    0.01083951    0.01039975    0.24512802
    7.75000000    0.01058451    0.01018431    0.24042065
    7.83333333    0.01033355    0.00998802    0.23584856
    7.91666667    0.01008650    0.00981368    0.23140796
    8.00000000    0.00984321    0.00965356    0.22709494
    8.08333333    0.00960357    0.00949432    0.22290563
    8.16666667    0.00936744    0.00932544    0.21883602
    8.25000000    0.00913473    0.00914563    0.21488233
    8.33333333    0.00890532    0.00896341    0.21104064
    8.41666667    0.00867910    0.00879142    0.20730714
    8.50000000    0.00845598    0.00863829    0.20367821
    8.58333333    0.00823588    0.00850318    0.20015018
    8.66666667    0.00801868    0.00837641    0.19671952
    8.75000000    0.00780433    0.00824563    0.19338287
    8.83333333    0.00759272    0.00810358    0.19013690
    8.91666667    0.00738379    0.00795250    0.18697837
    9.00000000    0.00717747    0.00780246    0.18390428
    9.08333333    0.00697369    0.00766480    0.18091159
    9.16666667    0.00677236    0.00754491    0.17799742
    9.25000000    0.00657345    0.00743884    0.17515905
    9.33333333    0.00637688    0.00733590    0.17239381
    9.41666667    0.00618259    0.00722546    0.16969911
    9.50000000    0.00599053    0.00710361    0.16707253
    9.58333333    0.00580066    0.00697544    0.16451171
    9.66666667    0.00561290    0.00685162    0.16201433
    9.75000000    0.00542722    0.00674156    0.15957827
    9.83333333    0.00524357    0.00664739    0.15720143
    9.91666667    0.00506191    0.00656272    0.15488175
   10.00000000    0.00488219    0.00647675    0.15261737
   10.08333333    0.00470436    0.00638112    0.15040641
   10.16666667    0.00452840    0.00627512    0.14824706
   10.25000000    0.00435425    0.00616595    0.14613768
   10.33333333    0.00418189    0.00606403    0.14407660
   10.41666667    0.00401128    0.00597635    0.14206222
   10.50000000    0.00384238    0.00590200    0.14009309
   10.58333333    0.00367516    0.00583292    0.13816772
   10.66666667    0.00350958    0.00575899    0.13628471
   10.75000000    0.00334562    0.00567446    0.13444276
   10.83333333    0.00318326    0.00558149    0.13264056
   10.91666667    0.00302244    0.00548861    0.13087686
   11.00000000    0.00286316    0.00540526    0.12915051
   11.08333333    0.00270538    0.00533572    0.12746036
   11.16666667    0.00254908    0.00527648    0.12580527
   11.25000000    0.00239422    0.00521854    0.12418424
   11.33333333    0.00224080    0.00515314    0.12259622
   11.41666667    0.00208877    0.00507731    0.12104023
   11.50000000    0.00193813    0.00499558    0.11951536
   11.58333333    0.00178884    0.00491705    0.11802069
   11.66666667    0.00164089    0.00484953    0.11655532
   11.75000000    0.00149425    0.00479458    0.11511845
   11.83333333    0.00134891    0.00474658    0.11370926
   11.91666667    0.00120483    0.00469640    0.11232694
   12.00000000    0.00106202    0.00463715    0.11097078
   12.08333333    0.00092044    0.00456853    0.10964004
   12.16666667    0.00078007    0.00449693    0.10833400
   12.25000000    0.00064090    0.00443123    0.10705202
   12.33333333    0.00050292    0.00437718    0.10579343
   12.41666667    0.00036609    0.00433375    0.10455759
   12.50000000    0.00023042    0.00429385    0.10334392
   12.58333333    0.00009588    0.00424890    0.10215182
   12.66666667   -0.00003755    0.00419424    0.10098072
   12.75000000   -0.00016988    0.00413205    0.09983009
   12.83333333   -0.00030112    0.00406986    0.09869939
   12.91666667   -0.00043129    0.00401569    0.09758811
   13.00000000   -0.00056041    0.00397296    0.09649576
   13.08333333   -0.00068848    0.00393837    0.09542187
   13.16666667   -0.00081553    0.00390402    0.09436596
   13.25000000   -0.00094156    0.00386249    0.09332760
   13.33333333   -0.00106659    0.00381154    0.09230635
   13.41666667   -0.00119063    0.00375543    0.09130179
   13.50000000   -0.00131369    0.00370214    0.09031353
   13.58333333   -0.00143579    0.00365829    0.08934116
   13.66666667   -0.00155694    0.00362489    0.08838430
   13.75000000   -0.00167715    0.00359678    0.08744261
   13.83333333   -0.00179643    0.00356596    0.08651570
   13.91666667   -0.00191479    0.00352666    0.08560324
   14.00000000   -0.00203224    0.00347903    0.08470490
   14.08333333   -0.00214881    0.00342892    0.08382034
   14.16666667   -0.00226448    0.00338411    0.08294925
   14.25000000   -0.00237929    0.00334937    0.08209134
   14.33333333   -0.00249322    0.00332339    0.08124630
   14.41666667   -0.00260631    0.00329972    0.08041383
   14.50000000   -0.00271855    0.00327087    0.07959368
   14.58333333   -0.00282996    0.00323311    0.07878556
   14.66666667   -0.00294054    0.00318877    0.07798920
   14.75000000   -0.00305031    0.00314473    0.07720437
   14.83333333   -0.00315928    0.00310795    0.07643080
   14.91666667   -0.00326744    0.00308106    0.07566825
   15.00000000   -0.00337482    0.00306069    0.07491649
   15.08333333   -0.00348142    0.00303969    0.07417530
   15.16666667   -0.00358725    0.00301170    0.07344444
   15.25000000   -0.00369232    0.00297518    0.07272372
   15.33333333   -0.00379663    0.00293437    0.07201291
   15.41666667   -0.00390020    0.00289650    0.07131180
   15.50000000   -0.00400303    0.00286717    0.07062022
   15.58333333   -0.00410514    0.00284678    0.06993796
   15.66666667   -0.00420652    0.00283028    0.06926482
   15.75000000   -0.00430718    0.00281047    0.06860064
   15.83333333   -0.00440714    0.00278259    0.06794523
   15.91666667   -0.00450641    0.00274733    0.06729841
   16.00000000   -0.00460498    0.00271037    0.06666003
   16.08333333   -0.00470286    0.00267869    0.06602991
   16.16666667   -0.00480007    0.00265607    0.06540790
   16.25000000   -0.00489661    0.00264071    0.06479384
   16.33333333   -0.00499249    0.00262639    0.06418756
   16.41666667   -0.00508771    0.00260649    0.06358896
   16.50000000   -0.00518228    0.00257823    0.06299784
   16.58333333   -0.00527620    0.00254442    0.06241408
   16.66666667   -0.00536949    0.00251163    0.06183757
   16.75000000   -0.00546215    0.00248593    0.06126813
   16.83333333   -0.00555419    0.00246899    0.06070566
   16.91666667   -0.00564560    0.00245697    0.06015003
   17.00000000   -0.00573641    0.00244307    0.05960110
   17.08333333   -0.00582661    0.00242186    0.05905875
   17.16666667   -0.00591621    0.00239280    0.05852289
   17.25000000   -0.00600522    0.00236056    0.05799337
   17.33333333   -0.00609364    0.00233198    0.05747009
   17.41666667   -0.00618148    0.00231161    0.05695295
   17.50000000   -0.00626874    0.00229875    0.05644183
   17.58333333   -0.00635543    0.00228786    0.05593662
   17.66666667   -0.00644156    0.00227215    0.05543723
   17.75000000   -0.00652712    0.00224798    0.05494355
   17.83333333   -0.00661213    0.00221723    0.05445549
   17.91666667   -0.00669659    0.00218606    0.05397296
   18.00000000   -0.00678051    0.00216086    0.05349584
   18.08333333   -0.00686389    0.00214402    0.05302406
   18.16666667   -0.00694674    0.00213223    0.05255753
   18.25000000   -0.00702905    0.00211857    0.05209616
   18.33333333   -0.00711084    0.00209698    0.05163985
   18.41666667   -0.00719212    0.00206621    0.05118854
   18.50000000   -0.00727288    0.00203068    0.05074213
   18.58333333   -0.00735313    0.00199758    0.05030055
   18.66666667   -0.00743287    0.00197194    0.04986373
   18.75000000   -0.00751212    0.00195300    0.04943157
   18.83333333   -0.00759087    0.00193435    0.04900400
   18.91666667   -0.00766912    0.00190777    0.04858097
   19.00000000   -0.00774690    0.00186857    0.04816238
   19.08333333   -0.00782419    0.00181872    0.04774817
   19.16666667   -0.00790100    0.00176560    0.04733828
   19.25000000   -0.00797734    0.00171685    0.04693263
   19.33333333   -0.00805321    0.00167439    0.04653116
   19.41666667   -0.00812862    0.00163164    0.04613381
   19.50000000   -0.00820356    0.00157604    0.04574050
   19.58333333   -0.00827805    0.00149601    0.04535119
   19.66666667   -0.00835209    0.00138835    0.04496581
   19.75000000   -0.00842567    0.00126163    0.04458428
   19.83333333   -0.00849882    0.00113312    0.04420657
   19.91666667   -0.00857152    0.00102054    0.04383262
   20.00000000   -0.00864378    0.00093305    0.04346236
