  -20.00000000    0.03021219   -0.00546964   -0.04578716
  -19.91666667    0.03028933   -0.00582796   -0.04602742
  -19.83333333    0.03036711   -0.00609666   -0.04626970
  -19.75000000    0.03044552   -0.00627833   -0.04651405
  -19.66666667    0.03052459   -0.00640177   -0.04676048
  -19.58333333    0.03060432   -0.00650663   -0.04700901
  -19.50000000    0.03068472   -0.00662546   -0.04725969
  -19.41666667    0.03076579   -0.00677170   -0.04751253
  -19.33333333    0.03084755   -0.00693832   -0.04776756
  -19.25000000    0.03093000   -0.00710638   -0.04802482
  -19.16666667    0.03101315   -0.00725779   -0.04828433
  -19.08333333    0.03109701   -0.00738538   -0.04854611
  -19.00000000    0.03118160   -0.00749527   -0.04881021
  -18.91666667    0.03126691   -0.00760162   -0.04907666
  -18.83333333    0.03135296   -0.00771751   -0.04934547
  -18.75000000    0.03143976   -0.00784762   -0.04961670
  -18.66666667    0.03152732   -0.00798663   -0.04989036
  -18.58333333    0.03161565   -0.00812359   -0.05016649
  -18.50000000    0.03170476   -0.00824906   -0.05044513
  -18.41666667    0.03179465   -0.00836068   -0.05072631
  -18.33333333    0.03188535   -0.00846399   -0.05101006
  -18.25000000    0.03197685   -0.00856850   -0.05129642
  -18.16666667    0.03206918   -0.00868168   -0.05158543
  -18.08333333    0.03216233   -0.00880474   -0.05187712
  -18.00000000    0.03225633   -0.00893242   -0.05217154
  -17.91666667    0.03235118   -0.00905675   -0.05246871
  -17.83333333    0.03244690   -0.00917213   -0.05276868
  -17.75000000    0.03254350   -0.00927866   -0.05307149
  -17.66666667    0.03264099   -0.00938172   -0.05337718
  -17.58333333    0.03273937   -0.00948843   -0.05368579
  -17.50000000    0.03283868   -0.00960322   -0.05399736
  -17.41666667    0.03293891   -0.00972534   -0.05431194
  -17.33333333    0.03304008   -0.00984962   -0.05462956
  -17.25000000    0.03314220   -0.00996998   -0.05495028
  -17.16666667    0.03324529   -0.01008323   -0.05527415
  -17.08333333    0.03334936   -0.01019093   -0.05560119
  -17.00000000    0.03345443   -0.01029825   -0.05593147
  -16.91666667    0.03356050   -0.01041059   -0.05626503
  -16.83333333    0.03366760   -0.01053033   -0.05660192
  -16.75000000    0.03377574   -0.01065547   -0.05694219
  -16.66666667    0.03388492   -0.01078114   -0.05728590
  -16.58333333    0.03399518   -0.01090275   -0.05763308
  -16.50000000    0.03410652   -0.01101886   -0.05798381
  -16.41666667    0.03421896   -0.01113196   -0.05833814
  -16.33333333    0.03433252   -0.01124683   -0.05869610
  -16.25000000    0.03444721   -0.01136747   -0.05905778
  -16.16666667    0.03456305   -0.01149471   -0.05942322
  -16.08333333    0.03468005   -0.01162580   -0.05979247
  -16.00000000    0.03479824   -0.01175632   -0.06016561
  -15.91666667    0.03491763   -0.01188298   -0.06054270
  -15.83333333    0.03503824   -0.01200566   -0.06092380
  -15.75000000    0.03516009   -0.01212745   -0.06130896
  -15.66666667    0.03528320   -0.01225257   -0.06169826
  -15.58333333    0.03540759   -0.01238380   -0.06209177
  -15.50000000    0.03553327   -0.01252076   -0.06248955
  -15.41666667    0.03566027   -0.01266030   -0.06289168
  -15.33333333    0.03578861   -0.01279859   -0.06329822
  -15.25000000    0.03591831   -0.01293350   -0.06370925
  -15.16666667    0.03604939   -0.01306598   -0.06412484
  -15.08333333    0.03618187   -0.01319934   -0.06454508
  -15.00000000    0.03631577   -0.01333719   -0.06497003
  -14.91666667    0.03645112   -0.01348118   -0.06539978
  -14.83333333    0.03658795   -0.01363003   -0.06583441
  -14.75000000    0.03672627   -0.01378046   -0.06627401
  -14.66666667    0.03686610   -0.01392931   -0.06671865
  -14.58333333    0.03700748   -0.01407554   -0.06716844
  -14.50000000    0.03715043   -0.01422086   -0.06762345
  -14.41666667    0.03729497   -0.01436861   -0.06808378
  -14.33333333    0.03744114   -0.01452167   -0.06854952
  -14.25000000    0.03758895   -0.01468069   -0.06902078
  -14.16666667    0.03773844   -0.01484375   -0.06949764
  -14.08333333    0.03788964   -0.01500766   -0.06998021
  -14.00000000    0.03804256   -0.01517002   -0.07046859
  -13.91666667    0.03819725   -0.01533073   -0.07096289
  -13.83333333    0.03835373   -0.01549203   -0.07146322
  -13.75000000    0.03851204   -0.01565710   -0.07196969
  -13.66666667    0.03867219   -0.01582803   -0.07248240
  -13.58333333    0.03883424   -0.01600461   -0.07300149
  -13.50000000    0.03899821   -0.01618451   -0.07352706
  -13.41666667    0.03916413   -0.01636483   -0.07405924
  -13.33333333    0.03933204   -0.01654395   -0.07459816
  -13.25000000    0.03950197   -0.01672257   -0.07514394
  -13.16666667    0.03967396   -0.01690326   -0.07569672
  -13.08333333    0.03984805   -0.01708885   -0.07625664
  -13.00000000    0.04002427   -0.01728066   -0.07682382
  -12.91666667    0.04020266   -0.01747776   -0.07739841
  -12.83333333    0.04038327   -0.01767761   -0.07798057
  -12.75000000    0.04056612   -0.01787775   -0.07857044
  -12.66666667    0.04075127   -0.01807735   -0.07916817
  -12.58333333    0.04093876   -0.01827776   -0.07977393
  -12.50000000    0.04112863   -0.01848167   -0.08038786
  -12.41666667    0.04132092   -0.01869144   -0.08101015
  -12.33333333    0.04151568   -0.01890765   -0.08164097
  -12.25000000    0.04171296   -0.01912880   -0.08228048
  -12.16666667    0.04191280   -0.01935236   -0.08292888
  -12.08333333    0.04211525   -0.01957639   -0.08358635
  -12.00000000    0.04232036   -0.01980083   -0.08425307
  -11.91666667    0.04252819   -0.02002752   -0.08492924
  -11.83333333    0.04273879   -0.02025908   -0.08561508
  -11.75000000    0.04295220   -0.02049733   -0.08631077
  -11.66666667    0.04316849   -0.02074214   -0.08701655
  -11.58333333    0.04338771   -0.02099166   -0.08773263
  -11.50000000    0.04360992   -0.02124351   -0.08845922
  -11.41666667    0.04383517   -0.02149637   -0.08919658
  -11.33333333    0.04406354   -0.02175084   -0.08994494
  -11.25000000    0.04429508   -0.02200910   -0.09070454
  -11.16666667    0.04452985   -0.02227357   -0.09147563
  -11.08333333    0.04476792   -0.02254545   -0.09225850
  -11.00000000    0.04500936   -0.02282404   -0.09305338
  -10.91666667    0.04525424   -0.02310726   -0.09386058
  -10.83333333    0.04550262   -0.02339306   -0.09468037
  -10.75000000    0.04575458   -0.02368075   -0.09551305
  -10.66666667    0.04601019   -0.02397152   -0.09635892
  -10.58333333    0.04626953   -0.02426773   -0.09721830
  -10.50000000    0.04653268   -0.02457145   -0.09809151
  -10.41666667    0.04679970   -0.02488329   -0.09897888
  -10.33333333    0.04707070   -0.02520206   -0.09988076
  -10.25000000    0.04734575   -0.02552564   -0.10079750
  -10.16666667    0.04762493   -0.02585242   -0.10172946
  -10.08333333    0.04790834   -0.02618236   -0.10267705
  -10.00000000    0.04819606   -0.02651712   -0.10364062
   -9.91666667    0.04848819   -0.02685906   -0.10462058
   -9.83333333    0.04878481   -0.02720984   -0.10561738
   -9.75000000    0.04908604   -0.02756949   -0.10663141
   -9.66666667    0.04939195   -0.02793649   -0.10766312
   -9.58333333    0.04970267   -0.02830884   -0.10871300
   -9.50000000    0.05001829   -0.02868545   -0.10978148
   -9.41666667    0.05033891   -0.02906689   -0.11086908
   -9.33333333    0.05066465   -0.02945516   -0.11197630
   -9.25000000    0.05099562   -0.02985249   -0.11310366
   -9.16666667    0.05133192   -0.03026010   -0.11425169
   -9.08333333    0.05167369   -0.03067749   -0.11542098
   -9.00000000    0.05202103   -0.03110297   -0.11661207
   -8.91666667    0.05237406   -0.03153480   -0.11782559
   -8.83333333    0.05273291   -0.03197245   -0.11906215
   -8.75000000    0.05309771   -0.03241706   -0.12032237
   -8.66666667    0.05346858   -0.03287083   -0.12160693
   -8.58333333    0.05384565   -0.03333578   -0.12291652
   -8.50000000    0.05422906   -0.03381263   -0.12425183
   -8.41666667    0.05461894   -0.03430050   -0.12561360
   -8.33333333    0.05501543   -0.03479765   -0.12700261
   -8.25000000    0.05541866   -0.03530274   -0.12841960
   -8.16666667    0.05582877   -0.03581584   -0.12986540
   -8.08333333    0.05624592   -0.03633856   -0.13134087
   -8.00000000    0.05667023   -0.03687319   -0.13284684
   -7.91666667    0.05710186   -0.03742146   -0.13438423
   -7.83333333    0.05754095   -0.03798365   -0.13595393
   -7.75000000    0.05798763   -0.03855858   -0.13755693
   -7.66666667    0.05844206   -0.03914466   -0.13919420
   -7.58333333    0.05890437   -0.03974102   -0.14086674
   -7.50000000    0.05937471   -0.04034835   -0.14257562
   -7.41666667    0.05985322   -0.04096864   -0.14432190
   -7.33333333    0.06034002   -0.04160418   -0.14610669
   -7.25000000    0.06083525   -0.04225638   -0.14793113
   -7.16666667    0.06133903   -0.04292512   -0.14979638
   -7.08333333    0.06185148   -0.04360913   -0.15170364
   -7.00000000    0.06237271   -0.04430706   -0.15365414
   -6.91666667    0.06290282   -0.04501866   -0.15564912
   -6.83333333    0.06344189   -0.04574517   -0.15768983
   -6.75000000    0.06399000   -0.04648893   -0.15977759
   -6.66666667    0.06454720   -0.04725215   -0.16191368
   -6.58333333    0.06511352   -0.04803593   -0.16409939
   -6.50000000    0.06568898   -0.04883988   -0.16633606
   -6.41666667    0.06627357   -0.04966279   -0.16862498
   -6.33333333    0.06686722   -0.05050376   -0.17096741
   -6.25000000    0.06746987   -0.05136317   -0.17336461
   -6.16666667    0.06808138   -0.05224287   -0.17581778
   -6.08333333    0.06870159   -0.05314546   -0.17832803
   -6.00000000    0.06933025   -0.05407307   -0.18089642
   -5.91666667    0.06996708   -0.05502656   -0.18352386
   -5.83333333    0.07061170   -0.05600548   -0.18621109
   -5.75000000    0.07126368   -0.05700887   -0.18895871
   -5.66666667    0.07192244   -0.05803643   -0.19176704
   -5.58333333    0.07258733   -0.05908931   -0.19463608
   -5.50000000    0.07325757   -0.06016996   -0.19756551
   -5.41666667    0.07393222   -0.06128124   -0.20055453
   -5.33333333    0.07461017   -0.06242532   -0.20360175
   -5.25000000    0.07529014   -0.06360300   -0.20670518
   -5.16666667    0.07597062   -0.06481398   -0.20986195
   -5.08333333    0.07664986   -0.06605782   -0.21306823
   -5.00000000    0.07732581   -0.06733509   -0.21631902
   -4.91666667    0.07799611   -0.06864782   -0.21960787
   -4.83333333    0.07865803   -0.06999919   -0.22292660
   -4.75000000    0.07930842   -0.07139250   -0.22626505
   -4.66666667    0.07994365   -0.07283012   -0.22961054
   -4.58333333    0.08055954   -0.07431313   -0.23294749
   -4.50000000    0.08115130   -0.07584178   -0.23625692
   -4.41666667    0.08171341   -0.07741660   -0.23951570
   -4.33333333    0.08223957   -0.07903930   -0.24269585
   -4.25000000    0.08272255   -0.08071317   -0.24576381
   -4.16666667    0.08315409   -0.08244241   -0.24867935
   -4.08333333    0.08352473   -0.08423112   -0.25139463
   -4.00000000    0.08382372   -0.08608242   -0.25385312
   -3.91666667    0.08403876   -0.08799825   -0.25598839
   -3.83333333    0.08415588   -0.08998011   -0.25772312
   -3.75000000    0.08415919   -0.09203010   -0.25896811
   -3.66666667    0.08403064   -0.09415185   -0.25962173
   -3.58333333    0.08374980   -0.09635050   -0.25956994
   -3.50000000    0.08329356   -0.09863205   -0.25868713
   -3.41666667    0.08263585   -0.10100230   -0.25683839
   -3.33333333    0.08174732   -0.10346609   -0.25388350
   -3.25000000    0.08059506   -0.10602742   -0.24968328
   -3.16666667    0.07914225   -0.10869021   -0.24410865
   -3.08333333    0.07734788   -0.11145946   -0.23705269
   -3.00000000    0.07516649   -0.11434193   -0.22844561
   -2.91666667    0.07254795   -0.11734605   -0.21827139
   -2.83333333    0.06943728   -0.12048114   -0.20658476
   -2.75000000    0.06577471   -0.12375638   -0.19352574
   -2.66666667    0.06149575   -0.12718026   -0.17932805
   -2.58333333    0.05653154   -0.13076074   -0.16431864
   -2.50000000    0.05080954   -0.13450615   -0.14890571
   -2.41666667    0.04425442   -0.13842628   -0.13355448
   -2.33333333    0.03678949   -0.14253289   -0.11875371
   -2.25000000    0.02833865   -0.14683958   -0.10497753
   -2.16666667    0.01882880   -0.15136083   -0.09264837
   -2.08333333    0.00819299   -0.15611091   -0.08210785
   -2.00000000   -0.00362565   -0.16110321   -0.07359920
   -1.91666667   -0.01666951   -0.16635027   -0.06726248
   -1.83333333   -0.03096117   -0.17186433   -0.06314168
   -1.75000000   -0.04649788   -0.17765808   -0.06120000
   -1.66666667   -0.06324554   -0.18374480   -0.06133957
   -1.58333333   -0.08113293   -0.19013766   -0.06342206
   -1.50000000   -0.10004675   -0.19684804   -0.06728746
   -1.41666667   -0.11982769   -0.20388339   -0.07276955
   -1.33333333   -0.14026880   -0.21124503   -0.07970770
   -1.25000000   -0.16111668   -0.21892631   -0.08795489
   -1.16666667   -0.18207587   -0.22691145   -0.09738271
   -1.08333333   -0.20281723   -0.23517444   -0.10788395
   -1.00000000   -0.22299019   -0.24367780   -0.11937357
   -0.91666667   -0.24223790   -0.25237034   -0.13178833
   -0.83333333   -0.26021488   -0.26118362   -0.14508602
   -0.75000000   -0.27660504   -0.27002700   -0.15924416
   -0.66666667   -0.29113859   -0.27878212   -0.17425878
   -0.58333333   -0.30360592   -0.28729792   -0.19014315
   -0.50000000   -0.31386691   -0.29538859   -0.20692667
   -0.41666667   -0.32185504   -0.30283632   -0.22465395
   -0.33333333   -0.32757589   -0.30940078   -0.24338399
   -0.25000000   -0.33110084   -0.31483576   -0.26318946
   -0.16666667   -0.33255686   -0.31891158   -0.28415594
   -0.08333333   -0.33211410   -0.32143999   -0.30638095
    0.00000000   -0.32997250   -0.32229720   -0.32997250
    0.08333333   -0.32634888   -0.32143999   -0.35504690
    0.16666667   -0.32146542   -0.31891158   -0.38172512
    0.25000000   -0.31554012   -0.31483576   -0.41012698
    0.33333333   -0.30877957   -0.30940078   -0.44036196
    0.41666667   -0.30137387   -0.30283632   -0.47251493
    0.50000000   -0.29349356   -0.29538859   -0.50662421
    0.58333333   -0.28528831   -0.28729792   -0.54264847
    0.66666667   -0.27688673   -0.27878212   -0.58041779
    0.75000000   -0.26839727   -0.27002700   -0.61956260
    0.83333333   -0.25990965   -0.26118362   -0.65941405
    0.91666667   -0.25149667   -0.25237034   -0.69886985
    1.00000000   -0.24321620   -0.24367780   -0.73622609
    1.08333333   -0.23511315   -0.23517444   -0.76899133
    1.16666667   -0.22722138   -0.22691145   -0.79372979
    1.25000000   -0.21956546   -0.21892631   -0.80603377
    1.33333333   -0.21216228   -0.21124503   -0.80078357
    1.41666667   -0.20502242   -0.20388339   -0.77287812
    1.50000000   -0.19815137   -0.19684804   -0.71851039
    1.58333333   -0.19155056   -0.19013766   -0.63674901
    1.66666667   -0.18521825   -0.18374480   -0.53075600
    1.75000000   -0.17915022   -0.17765808   -0.40780717
    1.83333333   -0.17334043   -0.17186433   -0.27777475
    1.91666667   -0.16778146   -0.16635027   -0.15067271
    2.00000000   -0.16246491   -0.16110321   -0.03444999
    2.08333333   -0.15738176   -0.15611091    0.06609336
    2.16666667   -0.15252258   -0.15136083    0.14920298
    2.25000000   -0.14787780   -0.14683958    0.21536799
    2.33333333   -0.14343777   -0.14253289    0.26637735
    2.41666667   -0.13919294   -0.13842628    0.30455431
    2.50000000   -0.13513399   -0.13450615    0.33226321
    2.58333333   -0.13125179   -0.13076074    0.35165028
    2.66666667   -0.12753754   -0.12718026    0.36454071
    2.75000000   -0.12398277   -0.12375638    0.37242596
    2.83333333   -0.12057936   -0.12048114    0.37649446
    2.91666667   -0.11731953   -0.11734605    0.37767782
    3.00000000   -0.11419591   -0.11434193    0.37669879
    3.08333333   -0.11120147   -0.11145946    0.37411445
    3.16666667   -0.10832952   -0.10869021    0.37035234
    3.25000000   -0.10557377   -0.10602742    0.36573980
    3.33333333   -0.10292824   -0.10346609    0.36052692
    3.41666667   -0.10038726   -0.10100230    0.35490450
    3.50000000   -0.09794551   -0.09863205    0.34901789
    3.58333333   -0.09559796   -0.09635050    0.34297750
    3.66666667   -0.09333983   -0.09415185    0.33686695
    3.75000000   -0.09116666   -0.09203010    0.33074933
    3.83333333   -0.08907422   -0.08998011    0.32467182
    3.91666667   -0.08705851   -0.08799825    0.31866942
    4.00000000   -0.08511577   -0.08608242    0.31276776
    4.08333333   -0.08324246   -0.08423112    0.30698518
    4.16666667   -0.08143525   -0.08244241    0.30133449
    4.25000000   -0.07969095   -0.08071317    0.29582409
    4.33333333   -0.07800661   -0.07903930    0.29045919
    4.41666667   -0.07637942   -0.07741660    0.28524243
    4.50000000   -0.07480671   -0.07584178    0.28017445
    4.58333333   -0.07328599   -0.07431313    0.27525454
    4.66666667   -0.07181491   -0.07283012    0.27048084
    4.75000000   -0.07039121   -0.07139250    0.26585064
    4.83333333   -0.06901278   -0.06999919    0.26136070
    4.91666667   -0.06767765   -0.06864782    0.25700737
    5.00000000   -0.06638389   -0.06733509    0.25278666
    5.08333333   -0.06512974   -0.06605782    0.24869446
    5.16666667   -0.06391350   -0.06481398    0.24472656
    5.25000000   -0.06273356   -0.06360300    0.24087867
    5.33333333   -0.06158841   -0.06242532    0.23714658
    5.41666667   -0.06047660   -0.06128124    0.23352611
    5.50000000   -0.05939677   -0.06016996    0.23001311
    5.58333333   -0.05834761   -0.05908931    0.22660362
    5.66666667   -0.05732790   -0.05803643    0.22329373
    5.75000000   -0.05633647   -0.05700887    0.22007966
    5.83333333   -0.05537220   -0.05600548    0.21695776
    5.91666667   -0.05443404   -0.05502656    0.21392455
    6.00000000   -0.05352099   -0.05407307    0.21097661
    6.08333333   -0.05263208   -0.05314546    0.20811072
    6.16666667   -0.05176641   -0.05224287    0.20532377
    6.25000000   -0.05092310   -0.05136317    0.20261275
    6.33333333   -0.05010134   -0.05050376    0.19997481
    6.41666667   -0.04930034   -0.04966279    0.19740723
    6.50000000   -0.04851934   -0.04883988    0.19490736
    6.58333333   -0.04775762   -0.04803593    0.19247270
    6.66666667   -0.04701452   -0.04725215    0.19010088
    6.75000000   -0.04628936   -0.04648893    0.18778956
    6.83333333   -0.04558153   -0.04574517    0.18553657
    6.91666667   -0.04489043   -0.04501866    0.18333983
    7.00000000   -0.04421549   -0.04430706    0.18119731
    7.08333333   -0.04355616   -0.04360913    0.17910709
    7.16666667   -0.04291193   -0.04292512    0.17706735
    7.25000000   -0.04228229   -0.04225638    0.17507633
    7.33333333   -0.04166677   -0.04160418    0.17313234
    7.41666667   -0.04106490   -0.04096864    0.17123380
    7.50000000   -0.04047626   -0.04034835    0.16937914
    7.58333333   -0.03990040   -0.03974102    0.16756691
    7.66666667   -0.03933695   -0.03914466    0.16579569
    7.75000000   -0.03878550   -0.03855858    0.16406412
    7.83333333   -0.03824569   -0.03798365    0.16237092
    7.91666667   -0.03771715   -0.03742146    0.16071485
    8.00000000   -0.03719955   -0.03687319    0.15909471
    8.08333333   -0.03669256   -0.03633856    0.15750937
    8.16666667   -0.03619585   -0.03581584    0.15595771
    8.25000000   -0.03570913   -0.03530274    0.15443871
    8.33333333   -0.03523210   -0.03479765    0.15295135
    8.41666667   -0.03476448   -0.03430050    0.15149465
    8.50000000   -0.03430600   -0.03381263    0.15006771
    8.58333333   -0.03385640   -0.03333578    0.14866961
    8.66666667   -0.03341543   -0.03287083    0.14729948
    8.75000000   -0.03298284   -0.03241706    0.14595653
    8.83333333   -0.03255841   -0.03197245    0.14463995
    8.91666667   -0.03214190   -0.03153480    0.14334896
    9.00000000   -0.03173310   -0.03110297    0.14208285
    9.08333333   -0.03133181   -0.03067749    0.14084090
    9.16666667   -0.03093781   -0.03026010    0.13962241
    9.25000000   -0.03055092   -0.02985249    0.13842676
    9.33333333   -0.03017095   -0.02945516    0.13725330
    9.41666667   -0.02979771   -0.02906689    0.13610140
    9.50000000   -0.02943104   -0.02868545    0.13497051
    9.58333333   -0.02907075   -0.02830884    0.13386004
    9.66666667   -0.02871669   -0.02793649    0.13276944
    9.75000000   -0.02836871   -0.02756949    0.13169820
    9.83333333   -0.02802664   -0.02720984    0.13064579
    9.91666667   -0.02769033   -0.02685906    0.12961173
   10.00000000   -0.02735966   -0.02651712    0.12859554
   10.08333333   -0.02703447   -0.02618236    0.12759678
   10.16666667   -0.02671463   -0.02585242    0.12661497
   10.25000000   -0.02640002   -0.02552564    0.12564971
   10.33333333   -0.02609051   -0.02520206    0.12470058
   10.41666667   -0.02578597   -0.02488329    0.12376717
   10.50000000   -0.02548629   -0.02457145    0.12284910
   10.58333333   -0.02519135   -0.02426773    0.12194600
   10.66666667   -0.02490105   -0.02397152    0.12105749
   10.75000000   -0.02461528   -0.02368075    0.12018324
   10.83333333   -0.02433393   -0.02339306    0.11932290
   10.91666667   -0.02405689   -0.02310726    0.11847613
   11.00000000   -0.02378408   -0.02282404    0.11764263
   11.08333333   -0.02351540   -0.02254545    0.11682208
   11.16666667   -0.02325076   -0.02227357    0.11601417
   11.25000000   -0.02299006   -0.02200910    0.11521863
   11.33333333   -0.02273323   -0.02175084    0.11443517
   11.41666667   -0.02248016   -0.02149637    0.11366351
   11.50000000   -0.02223079   -0.02124351    0.11290339
   11.58333333   -0.02198504   -0.02099166    0.11215455
   11.66666667   -0.02174282   -0.02074214    0.11141674
   11.75000000   -0.02150406   -0.02049733    0.11068973
   11.83333333   -0.02126869   -0.02025908    0.10997327
   11.91666667   -0.02103664   -0.02002752    0.10926713
   12.00000000   -0.02080783   -0.01980083    0.10857111
   12.08333333   -0.02058221   -0.01957639    0.10788497
   12.16666667   -0.02035969   -0.01935236    0.10720850
   12.25000000   -0.02014024   -0.01912880    0.10654151
   12.33333333   -0.01992377   -0.01890765    0.10588380
   12.41666667   -0.01971023   -0.01869144    0.10523516
   12.50000000   -0.01949956   -0.01848167    0.10459543
   12.58333333   -0.01929170   -0.01827776    0.10396442
   12.66666667   -0.01908660   -0.01807735    0.10334193
   12.75000000   -0.01888421   -0.01787775    0.10272781
   12.83333333   -0.01868446   -0.01767761    0.10212189
   12.91666667   -0.01848732   -0.01747776    0.10152400
   13.00000000   -0.01829272   -0.01728066    0.10093399
   13.08333333   -0.01810063   -0.01708885    0.10035169
   13.16666667   -0.01791098   -0.01690326    0.09977696
   13.25000000   -0.01772375   -0.01672257    0.09920966
   13.33333333   -0.01753887   -0.01654395    0.09864963
   13.41666667   -0.01735631   -0.01636483    0.09809673
   13.50000000   -0.01717603   -0.01618451    0.09755085
   13.58333333   -0.01699798   -0.01600461    0.09701183
   13.66666667   -0.01682212   -0.01582803    0.09647955
   13.75000000   -0.01664840   -0.01565710    0.09595388
   13.83333333   -0.01647681   -0.01549203    0.09543471
   13.91666667   -0.01630728   -0.01533073    0.09492191
   14.00000000   -0.01613979   -0.01517002    0.09441536
   14.08333333   -0.01597430   -0.01500766    0.09391496
   14.16666667   -0.01581078   -0.01484375    0.09342058
   14.25000000   -0.01564918   -0.01468069    0.09293213
   14.33333333   -0.01548949   -0.01452167    0.09244949
   14.41666667   -0.01533165   -0.01436861    0.09197256
   14.50000000   -0.01517565   -0.01422086    0.09150124
   14.58333333   -0.01502144   -0.01407554    0.09103543
   14.66666667   -0.01486901   -0.01392931    0.09057503
   14.75000000   -0.01471831   -0.01378046    0.09011996
   14.83333333   -0.01456932   -0.01363003    0.08967012
   14.91666667   -0.01442202   -0.01348118    0.08922541
   15.00000000   -0.01427636   -0.01333719    0.08878576
   15.08333333   -0.01413233   -0.01319934    0.08835108
   15.16666667   -0.01398990   -0.01306598    0.08792127
   15.25000000   -0.01384903   -0.01293350    0.08749626
   15.33333333   -0.01370972   -0.01279859    0.08707597
   15.41666667   -0.01357192   -0.01266030    0.08666032
   15.50000000   -0.01343562   -0.01252076    0.08624924
   15.58333333   -0.01330079   -0.01238380    0.08584265
   15.66666667   -0.01316741   -0.01225257    0.08544047
   15.75000000   -0.01303545   -0.01212745    0.08504263
   15.83333333   -0.01290490   -0.01200566    0.08464908
   15.91666667   -0.01277572   -0.01188298    0.08425972
   16.00000000   -0.01264791   -0.01175632    0.08387450
   16.08333333   -0.01252143   -0.01162580    0.08349335
   16.16666667   -0.01239627   -0.01149471    0.08311622
   16.25000000   -0.01227240   -0.01136747    0.08274302
   16.33333333   -0.01214981   -0.01124683    0.08237371
   16.41666667   -0.01202847   -0.01113196    0.08200823
   16.50000000   -0.01190837   -0.01101886    0.08164650
   16.58333333   -0.01178949   -0.01090275    0.08128848
   16.66666667   -0.01167182   -0.01078114    0.08093411
   16.75000000   -0.01155532   -0.01065547    0.08058333
   16.83333333   -0.01143999   -0.01053033    0.08023609
   16.91666667   -0.01132580   -0.01041059    0.07989234
   17.00000000   -0.01121274   -0.01029825    0.07955201
   17.08333333   -0.01110080   -0.01019093    0.07921507
   17.16666667   -0.01098996   -0.01008323    0.07888146
   17.25000000   -0.01088019   -0.00996998    0.07855113
   17.33333333   -0.01077149   -0.00984962    0.07822403
   17.41666667   -0.01066384   -0.00972534    0.07790013
   17.50000000   -0.01055723   -0.00960322    0.07757935
   17.58333333   -0.01045164   -0.00948843    0.07726167
   17.66666667   -0.01034705   -0.00938172    0.07694705
   17.75000000   -0.01024345   -0.00927866    0.07663543
   17.83333333   -0.01014083   -0.00917213    0.07632676
   17.91666667   -0.01003917   -0.00905675    0.07602103
   18.00000000   -0.00993847   -0.00893242    0.07571817
   18.08333333   -0.00983870   -0.00880474    0.07541814
   18.16666667   -0.00973985   -0.00868168    0.07512092
   18.25000000   -0.00964192   -0.00856850    0.07482645
   18.33333333   -0.00954488   -0.00846399    0.07453471
   18.41666667   -0.00944873   -0.00836068    0.07424565
   18.50000000   -0.00935346   -0.00824906    0.07395924
   18.58333333   -0.00925904   -0.00812359    0.07367543
   18.66666667   -0.00916548   -0.00798663    0.07339421
   18.75000000   -0.00907276   -0.00784762    0.07311551
   18.83333333   -0.00898086   -0.00771751    0.07283933
   18.91666667   -0.00888978   -0.00760162    0.07256562
   19.00000000   -0.00879951   -0.00749527    0.07229434
   19.08333333   -0.00871004   -0.00738538    0.07202547
   19.16666667   -0.00862135   -0.00725779    0.07175898
   19.25000000   -0.00853343   -0.00710638    0.07149483
   19.33333333   -0.00844628   -0.00693832    0.07123299
   19.41666667   -0.00835988   -0.00677170    0.07097343
   19.50000000   -0.00827423   -0.00662546    0.07071612
   19.58333333   -0.00818932   -0.00650663    0.07046104
   19.66666667   -0.00810513   -0.00640177    0.07020815
   19.75000000   -0.00802166   -0.00627833    0.06995742
   19.83333333   -0.00793889   -0.00609666    0.06970883
   19.91666667   -0.00785683   -0.00582796    0.06946236
   20.00000000   -0.00777545   -0.00546964    0.06921797
