  -20.00000000    0.03640492   -0.00434284   -0.03291188
  -19.91666667    0.03650352   -0.00467925   -0.03311899
  -19.83333333    0.03660301   -0.00491303   -0.03332791
  -19.75000000    0.03670341   -0.00504900   -0.03353867
  -19.66666667    0.03680474   -0.00512251   -0.03375130
  -19.58333333    0.03690700   -0.00518076   -0.03396582
  -19.50000000    0.03701021   -0.00526145   -0.03418225
  -19.41666667    0.03711438   -0.00537874   -0.03440063
  -19.33333333    0.03721952   -0.00552221   -0.03462097
  -19.25000000    0.03732565   -0.00566771   -0.03484330
  -19.16666667    0.03743279   -0.00579304   -0.03506766
  -19.08333333    0.03754094   -0.00588988   -0.03529406
  -19.00000000    0.03765012   -0.00596631   -0.03552255
  -18.91666667    0.03776035   -0.00603993   -0.03575314
  -18.83333333    0.03787164   -0.00612656   -0.03598585
  -18.75000000    0.03798401   -0.00623145   -0.03622074
  -18.66666667    0.03809747   -0.00634755   -0.03645783
  -18.58333333    0.03821203   -0.00646117   -0.03669713
  -18.50000000    0.03832772   -0.00656085   -0.03693870
  -18.41666667    0.03844455   -0.00664400   -0.03718256
  -18.33333333    0.03856254   -0.00671774   -0.03742873
  -18.25000000    0.03868170   -0.00679376   -0.03767727
  -18.16666667    0.03880206   -0.00688102   -0.03792820
  -18.08333333    0.03892362   -0.00698061   -0.03818154
  -18.00000000    0.03904642   -0.00708575   -0.03843735
  -17.91666667    0.03917046   -0.00718657   -0.03869566
  -17.83333333    0.03929577   -0.00727638   -0.03895649
  -17.75000000    0.03942236   -0.00735557   -0.03921990
  -17.66666667    0.03955026   -0.00743095   -0.03948592
  -17.58333333    0.03967948   -0.00751122   -0.03975458
  -17.50000000    0.03981005   -0.00760155   -0.04002594
  -17.41666667    0.03994199   -0.00770068   -0.04030002
  -17.33333333    0.04007531   -0.00780205   -0.04057686
  -17.25000000    0.04021004   -0.00789822   -0.04085652
  -17.16666667    0.04034621   -0.00798551   -0.04113904
  -17.08333333    0.04048384   -0.00806609   -0.04142445
  -17.00000000    0.04062294   -0.00814641   -0.04171281
  -16.91666667    0.04076354   -0.00823300   -0.04200415
  -16.83333333    0.04090568   -0.00832848   -0.04229853
  -16.75000000    0.04104936   -0.00843011   -0.04259599
  -16.66666667    0.04119462   -0.00853178   -0.04289659
  -16.58333333    0.04134149   -0.00862796   -0.04320037
  -16.50000000    0.04148998   -0.00871716   -0.04350738
  -16.41666667    0.04164013   -0.00880266   -0.04381768
  -16.33333333    0.04179197   -0.00889035   -0.04413131
  -16.25000000    0.04194552   -0.00898498   -0.04444833
  -16.16666667    0.04210081   -0.00908724   -0.04476881
  -16.08333333    0.04225787   -0.00919351   -0.04509278
  -16.00000000    0.04241673   -0.00929834   -0.04542032
  -15.91666667    0.04257743   -0.00939786   -0.04575148
  -15.83333333    0.04273999   -0.00949222   -0.04608632
  -15.75000000    0.04290445   -0.00958537   -0.04642490
  -15.66666667    0.04307083   -0.00968246   -0.04676728
  -15.58333333    0.04323918   -0.00978664   -0.04711354
  -15.50000000    0.04340953   -0.00989714   -0.04746374
  -15.41666667    0.04358191   -0.01000992   -0.04781793
  -15.33333333    0.04375636   -0.01012031   -0.04817620
  -15.25000000    0.04393292   -0.01022596   -0.04853862
  -15.16666667    0.04411162   -0.01032829   -0.04890524
  -15.08333333    0.04429250   -0.01043148   -0.04927616
  -15.00000000    0.04447561   -0.01053983   -0.04965144
  -14.91666667    0.04466099   -0.01065505   -0.05003116
  -14.83333333    0.04484867   -0.01077529   -0.05041541
  -14.75000000    0.04503870   -0.01089644   -0.05080426
  -14.66666667    0.04523112   -0.01101474   -0.05119779
  -14.58333333    0.04542598   -0.01112918   -0.05159610
  -14.50000000    0.04562332   -0.01124211   -0.05199926
  -14.41666667    0.04582320   -0.01135765   -0.05240737
  -14.33333333    0.04602565   -0.01147913   -0.05282052
  -14.25000000    0.04623073   -0.01160700   -0.05323880
  -14.16666667    0.04643850   -0.01173868   -0.05366230
  -14.08333333    0.04664899   -0.01187023   -0.05409114
  -14.00000000    0.04686227   -0.01199892   -0.05452540
  -13.91666667    0.04707839   -0.01212490   -0.05496519
  -13.83333333    0.04729741   -0.01225111   -0.05541063
  -13.75000000    0.04751938   -0.01238139   -0.05586180
  -13.66666667    0.04774437   -0.01251802   -0.05631883
  -13.58333333    0.04797243   -0.01266042   -0.05678184
  -13.50000000    0.04820362   -0.01280553   -0.05725092
  -13.41666667    0.04843802   -0.01294986   -0.05772622
  -13.33333333    0.04867569   -0.01309169   -0.05820786
  -13.25000000    0.04891669   -0.01323218   -0.05869595
  -13.16666667    0.04916109   -0.01337457   -0.05919063
  -13.08333333    0.04940897   -0.01352217   -0.05969203
  -13.00000000    0.04966039   -0.01367628   -0.06020030
  -12.91666667    0.04991544   -0.01383543   -0.06071556
  -12.83333333    0.05017419   -0.01399641   -0.06123797
  -12.75000000    0.05043672   -0.01415634   -0.06176767
  -12.66666667    0.05070311   -0.01431450   -0.06230482
  -12.58333333    0.05097345   -0.01447282   -0.06284958
  -12.50000000    0.05124782   -0.01463461   -0.06340210
  -12.41666667    0.05152631   -0.01480249   -0.06396256
  -12.33333333    0.05180902   -0.01497681   -0.06453112
  -12.25000000    0.05209603   -0.01515547   -0.06510795
  -12.16666667    0.05238744   -0.01533533   -0.06569323
  -12.08333333    0.05268336   -0.01551427   -0.06628717
  -12.00000000    0.05298389   -0.01569250   -0.06688994
  -11.91666667    0.05328912   -0.01587248   -0.06750174
  -11.83333333    0.05359918   -0.01605735   -0.06812278
  -11.75000000    0.05391416   -0.01624897   -0.06875325
  -11.66666667    0.05423419   -0.01644684   -0.06939337
  -11.58333333    0.05455939   -0.01664844   -0.07004338
  -11.50000000    0.05488988   -0.01685095   -0.07070349
  -11.41666667    0.05522578   -0.01705305   -0.07137394
  -11.33333333    0.05556722   -0.01725578   -0.07205497
  -11.25000000    0.05591434   -0.01746192   -0.07274682
  -11.16666667    0.05626728   -0.01767423   -0.07344975
  -11.08333333    0.05662618   -0.01789377   -0.07416404
  -11.00000000    0.05699117   -0.01811932   -0.07488994
  -10.91666667    0.05736243   -0.01834820   -0.07562773
  -10.83333333    0.05774010   -0.01857807   -0.07637773
  -10.75000000    0.05812434   -0.01880844   -0.07714020
  -10.66666667    0.05851532   -0.01904103   -0.07791547
  -10.58333333    0.05891321   -0.01927870   -0.07870386
  -10.50000000    0.05931819   -0.01952370   -0.07950569
  -10.41666667    0.05973044   -0.01977630   -0.08032128
  -10.33333333    0.06015015   -0.02003475   -0.08115102
  -10.25000000    0.06057752   -0.02029640   -0.08199523
  -10.16666667    0.06101274   -0.02055956   -0.08285431
  -10.08333333    0.06145603   -0.02082452   -0.08372863
  -10.00000000    0.06190760   -0.02109350   -0.08461859
   -9.91666667    0.06236766   -0.02136926   -0.08552459
   -9.83333333    0.06283647   -0.02165343   -0.08644707
   -9.75000000    0.06331423   -0.02194556   -0.08738646
   -9.66666667    0.06380121   -0.02224354   -0.08834320
   -9.58333333    0.06429766   -0.02254500   -0.08931778
   -9.50000000    0.06480383   -0.02284894   -0.09031066
   -9.41666667    0.06532001   -0.02315639   -0.09132234
   -9.33333333    0.06584646   -0.02346989   -0.09235335
   -9.25000000    0.06638348   -0.02379189   -0.09340420
   -9.16666667    0.06693137   -0.02412336   -0.09447545
   -9.08333333    0.06749044   -0.02446326   -0.09556768
   -9.00000000    0.06806100   -0.02480934   -0.09668144
   -8.91666667    0.06864339   -0.02515966   -0.09781736
   -8.83333333    0.06923796   -0.02551396   -0.09897608
   -8.75000000    0.06984505   -0.02587391   -0.10015821
   -8.66666667    0.07046503   -0.02624215   -0.10136443
   -8.58333333    0.07109828   -0.02662072   -0.10259545
   -8.50000000    0.07174519   -0.02700993   -0.10385194
   -8.41666667    0.07240616   -0.02740830   -0.10513465
   -8.33333333    0.07308162   -0.02781364   -0.10644435
   -8.25000000    0.07377200   -0.02822459   -0.10778179
   -8.16666667    0.07447773   -0.02864165   -0.10914778
   -8.08333333    0.07519930   -0.02906695   -0.11054316
   -8.00000000    0.07593716   -0.02950308   -0.11196874
   -7.91666667    0.07669181   -0.02995158   -0.11342543
   -7.83333333    0.07746376   -0.03041218   -0.11491409
   -7.75000000    0.07825354   -0.03088311   -0.11643565
   -7.66666667    0.07906168   -0.03136247   -0.11799105
   -7.58333333    0.07988873   -0.03184960   -0.11958123
   -7.50000000    0.08073528   -0.03234567   -0.12120719
   -7.41666667    0.08160191   -0.03285316   -0.12286990
   -7.33333333    0.08248922   -0.03337446   -0.12457036
   -7.25000000    0.08339784   -0.03391058   -0.12630961
   -7.16666667    0.08432840   -0.03446076   -0.12808865
   -7.08333333    0.08528156   -0.03502321   -0.12990852
   -7.00000000    0.08625798   -0.03559647   -0.13177024
   -6.91666667    0.08725835   -0.03618064   -0.13367483
   -6.83333333    0.08828336   -0.03677753   -0.13562327
   -6.75000000    0.08933372   -0.03738980   -0.13761654
   -6.66666667    0.09041014   -0.03801954   -0.13965558
   -6.58333333    0.09151334   -0.03866727   -0.14174123
   -6.50000000    0.09264406   -0.03933194   -0.14387433
   -6.41666667    0.09380303   -0.04001193   -0.14605560
   -6.33333333    0.09499097   -0.04070645   -0.14828561
   -6.25000000    0.09620862   -0.04141639   -0.15056487
   -6.16666667    0.09745668   -0.04214409   -0.15289365
   -6.08333333    0.09873584   -0.04289230   -0.15527204
   -6.00000000    0.10004680   -0.04366279   -0.15769991
   -5.91666667    0.10139019   -0.04445570   -0.16017677
   -5.83333333    0.10276661   -0.04526993   -0.16270179
   -5.75000000    0.10417661   -0.04610432   -0.16527375
   -5.66666667    0.10562068   -0.04695889   -0.16789085
   -5.58333333    0.10709922   -0.04783536   -0.17055070
   -5.50000000    0.10861255   -0.04873658   -0.17325025
   -5.41666667    0.11016087   -0.04966531   -0.17598553
   -5.33333333    0.11174421   -0.05062309   -0.17875159
   -5.25000000    0.11336250   -0.05160993   -0.18154237
   -5.16666667    0.11501543   -0.05262499   -0.18435040
   -5.08333333    0.11670246   -0.05366789   -0.18716662
   -5.00000000    0.11842282   -0.05473969   -0.18998023
   -4.91666667    0.12017541   -0.05584299   -0.19277822
   -4.83333333    0.12195876   -0.05698119   -0.19554520
   -4.75000000    0.12377101   -0.05815718   -0.19826304
   -4.66666667    0.12560979   -0.05937249   -0.20091043
   -4.58333333    0.12747220   -0.06062742   -0.20346255
   -4.50000000    0.12935471   -0.06192190   -0.20589068
   -4.41666667    0.13125303   -0.06325677   -0.20816174
   -4.33333333    0.13316204   -0.06463441   -0.21023794
   -4.25000000    0.13507570   -0.06605862   -0.21207658
   -4.16666667    0.13698685   -0.06753352   -0.21362972
   -4.08333333    0.13888710   -0.06906251   -0.21484427
   -4.00000000    0.14076670   -0.07064776   -0.21566224
   -3.91666667    0.14261427   -0.07229056   -0.21602125
   -3.83333333    0.14441669   -0.07399246   -0.21585565
   -3.75000000    0.14615881   -0.07575624   -0.21509811
   -3.66666667    0.14782326   -0.07758633   -0.21368185
   -3.58333333    0.14939014   -0.07948828   -0.21154365
   -3.50000000    0.15083676   -0.08146776   -0.20862761
   -3.41666667    0.15213732   -0.08352969   -0.20488962
   -3.33333333    0.15326260   -0.08567811   -0.20030223
   -3.25000000    0.15417955   -0.08791687   -0.19485994
   -3.16666667    0.15485096   -0.09025064   -0.18858392
   -3.08333333    0.15523508   -0.09268575   -0.18152604
   -3.00000000    0.15528517   -0.09523015   -0.17377138
   -2.91666667    0.15494910   -0.09789285   -0.16543835
   -2.83333333    0.15416897   -0.10068298   -0.15667648
   -2.75000000    0.15288068   -0.10360937   -0.14766143
   -2.66666667    0.15101354   -0.10668077   -0.13858729
   -2.58333333    0.14848998   -0.10990667   -0.12965729
   -2.50000000    0.14522530   -0.11329811   -0.12107373
   -2.41666667    0.14112753   -0.11686814   -0.11302778
   -2.33333333    0.13609749   -0.12063156   -0.10569100
   -2.25000000    0.13002917   -0.12460434   -0.09920892
   -2.16666667    0.12281036   -0.12880317   -0.09369706
   -2.08333333    0.11432391   -0.13324539   -0.08923986
   -2.00000000    0.10444972   -0.13794941   -0.08589190
   -1.91666667    0.09306749   -0.14293516   -0.08368094
   -1.83333333    0.08006101   -0.14822429   -0.08261230
   -1.75000000    0.06532362   -0.15383976   -0.08267384
   -1.66666667    0.04876590   -0.15980521   -0.08384102
   -1.58333333    0.03032518   -0.16614433   -0.08608172
   -1.50000000    0.00997724   -0.17288046   -0.08936058
   -1.41666667   -0.01224969   -0.18003598   -0.09364258
   -1.33333333   -0.03625995   -0.18763111   -0.09889610
   -1.25000000   -0.06187542   -0.19568137   -0.10509534
   -1.16666667   -0.08882222   -0.20419400   -0.11222217
   -1.08333333   -0.11672268   -0.21316389   -0.12026762
   -1.00000000   -0.14509534   -0.22257009   -0.12923315
   -0.91666667   -0.17336588   -0.23237307   -0.13913154
   -0.83333333   -0.20089168   -0.24251188   -0.14998793
   -0.75000000   -0.22699912   -0.25289934   -0.16184064
   -0.66666667   -0.25103114   -0.26341325   -0.17474218
   -0.58333333   -0.27239880   -0.27388387   -0.18876031
   -0.50000000   -0.29062902   -0.28408055   -0.20397917
   -0.41666667   -0.30540094   -0.29370391   -0.22050065
   -0.33333333   -0.31656453   -0.30239092   -0.23844570
   -0.25000000   -0.32413981   -0.30973839   -0.25795566
   -0.16666667   -0.32829803   -0.31534511   -0.27919324
   -0.08333333   -0.32933019   -0.31886619   -0.30234279
    0.00000000   -0.32760912   -0.32006754   -0.32760912
    0.08333333   -0.32355146   -0.31886619   -0.35521354
    0.16666667   -0.31758420   -0.31534511   -0.38538514
    0.25000000   -0.31011845   -0.30973839   -0.41834369
    0.33333333   -0.30153134   -0.30239092   -0.45426884
    0.41666667   -0.29215547   -0.29370391   -0.49324659
    0.50000000   -0.28227440   -0.28408055   -0.53517983
    0.58333333   -0.27212282   -0.27388387   -0.57964354
    0.66666667   -0.26188965   -0.26341325   -0.62566082
    0.75000000   -0.25172290   -0.25289934   -0.67137671
    0.83333333   -0.24173521   -0.24251188   -0.71363188
    0.91666667   -0.23200953   -0.23237307   -0.74751236
    1.00000000   -0.22260446   -0.22257009   -0.76611564
    1.08333333   -0.21355904   -0.21316389   -0.76101502
    1.16666667   -0.20489685   -0.20419400   -0.72403166
    1.25000000   -0.19662953   -0.19568137   -0.65046667
    1.33333333   -0.18875964   -0.18763111   -0.54256932
    1.41666667   -0.18128299   -0.18003598   -0.41066089
    1.50000000   -0.17419045   -0.17288046   -0.27019366
    1.58333333   -0.16746953   -0.16614433   -0.13629217
    1.66666667   -0.16110539   -0.15980521   -0.01938926
    1.75000000   -0.15508177   -0.15383976    0.07596343
    1.83333333   -0.14938168   -0.14822429    0.14979842
    1.91666667   -0.14398787   -0.14293516    0.20469077
    2.00000000   -0.13888315   -0.13794941    0.24411252
    2.08333333   -0.13405074   -0.13324539    0.27147316
    2.16666667   -0.12947436   -0.12880317    0.28970237
    2.25000000   -0.12513845   -0.12460434    0.30114654
    2.33333333   -0.12102816   -0.12063156    0.30761197
    2.41666667   -0.11712940   -0.11686814    0.31045760
    2.50000000   -0.11342893   -0.11329811    0.31069267
    2.58333333   -0.10991428   -0.10990667    0.30906155
    2.66666667   -0.10657373   -0.10668077    0.30611133
    2.75000000   -0.10339638   -0.10360937    0.30224366
    2.83333333   -0.10037199   -0.10068298    0.29775315
    2.91666667   -0.09749101   -0.09789285    0.29285593
    3.00000000   -0.09474459   -0.09523015    0.28771043
    3.08333333   -0.09212444   -0.09268575    0.28243254
    3.16666667   -0.08962283   -0.09025064    0.27710676
    3.25000000   -0.08723262   -0.08791687    0.27179442
    3.33333333   -0.08494711   -0.08567811    0.26653952
    3.41666667   -0.08276009   -0.08352969    0.26137328
    3.50000000   -0.08066579   -0.08146776    0.25631740
    3.58333333   -0.07865881   -0.07948828    0.25138640
    3.66666667   -0.07673413   -0.07758633    0.24658953
    3.75000000   -0.07488709   -0.07575624    0.24193213
    3.83333333   -0.07311333   -0.07399246    0.23741657
    3.91666667   -0.07140878   -0.07229056    0.23304308
    4.00000000   -0.06976965   -0.07064776    0.22881037
    4.08333333   -0.06819242   -0.06906251    0.22471595
    4.16666667   -0.06667377   -0.06753352    0.22075661
    4.25000000   -0.06521061   -0.06605862    0.21692851
    4.33333333   -0.06380006   -0.06463441    0.21322752
    4.41666667   -0.06243941   -0.06325677    0.20964929
    4.50000000   -0.06112613   -0.06192190    0.20618930
    4.58333333   -0.05985785   -0.06062742    0.20284309
    4.66666667   -0.05863235   -0.05937249    0.19960619
    4.75000000   -0.05744754   -0.05815718    0.19647418
    4.83333333   -0.05630146   -0.05698119    0.19344279
    4.91666667   -0.05519227   -0.05584299    0.19050788
    5.00000000   -0.05411824   -0.05473969    0.18766540
    5.08333333   -0.05307774   -0.05366789    0.18491150
    5.16666667   -0.05206925   -0.05262499    0.18224249
    5.25000000   -0.05109132   -0.05160993    0.17965476
    5.33333333   -0.05014258   -0.05062309    0.17714496
    5.41666667   -0.04922176   -0.04966531    0.17470983
    5.50000000   -0.04832764   -0.04873658    0.17234625
    5.58333333   -0.04745907   -0.04783536    0.17005130
    5.66666667   -0.04661500   -0.04695889    0.16782216
    5.75000000   -0.04579437   -0.04610432    0.16565614
    5.83333333   -0.04499623   -0.04526993    0.16355070
    5.91666667   -0.04421967   -0.04445570    0.16150343
    6.00000000   -0.04346381   -0.04366279    0.15951199
    6.08333333   -0.04272783   -0.04289230    0.15757421
    6.16666667   -0.04201096   -0.04214409    0.15568799
    6.25000000   -0.04131245   -0.04141639    0.15385134
    6.33333333   -0.04063159   -0.04070645    0.15206236
    6.41666667   -0.03996773   -0.04001193    0.15031926
    6.50000000   -0.03932023   -0.03933194    0.14862030
    6.58333333   -0.03868847   -0.03866727    0.14696386
    6.66666667   -0.03807189   -0.03801954    0.14534838
    6.75000000   -0.03746994   -0.03738980    0.14377237
    6.83333333   -0.03688210   -0.03677753    0.14223439
    6.91666667   -0.03630786   -0.03618064    0.14073313
    7.00000000   -0.03574676   -0.03559647    0.13926725
    7.08333333   -0.03519834   -0.03502321    0.13783555
    7.16666667   -0.03466218   -0.03446076    0.13643684
    7.25000000   -0.03413785   -0.03391058    0.13506999
    7.33333333   -0.03362496   -0.03337446    0.13373393
    7.41666667   -0.03312314   -0.03285316    0.13242764
    7.50000000   -0.03263203   -0.03234567    0.13115011
    7.58333333   -0.03215127   -0.03184960    0.12990042
    7.66666667   -0.03168055   -0.03136247    0.12867766
    7.75000000   -0.03121953   -0.03088311    0.12748097
    7.83333333   -0.03076793   -0.03041218    0.12630951
    7.91666667   -0.03032545   -0.02995158    0.12516251
    8.00000000   -0.02989180   -0.02950308    0.12403919
    8.08333333   -0.02946673   -0.02906695    0.12293883
    8.16666667   -0.02904998   -0.02864165    0.12186071
    8.25000000   -0.02864129   -0.02822459    0.12080419
    8.33333333   -0.02824044   -0.02781364    0.11976860
    8.41666667   -0.02784718   -0.02740830    0.11875332
    8.50000000   -0.02746132   -0.02700993    0.11775778
    8.58333333   -0.02708263   -0.02662072    0.11678138
    8.66666667   -0.02671092   -0.02624215    0.11582357
    8.75000000   -0.02634598   -0.02587391    0.11488384
    8.83333333   -0.02598763   -0.02551396    0.11396167
    8.91666667   -0.02563569   -0.02515966    0.11305655
    9.00000000   -0.02528999   -0.02480934    0.11216803
    9.08333333   -0.02495036   -0.02446326    0.11129565
    9.16666667   -0.02461662   -0.02412336    0.11043896
    9.25000000   -0.02428865   -0.02379189    0.10959755
    9.33333333   -0.02396627   -0.02346989    0.10877101
    9.41666667   -0.02364934   -0.02315639    0.10795893
    9.50000000   -0.02333773   -0.02284894    0.10716096
    9.58333333   -0.02303130   -0.02254500    0.10637671
    9.66666667   -0.02272991   -0.02224354    0.10560582
    9.75000000   -0.02243345   -0.02194556    0.10484797
    9.83333333   -0.02214178   -0.02165343    0.10410282
    9.91666667   -0.02185480   -0.02136926    0.10337004
   10.00000000   -0.02157238   -0.02109350    0.10264934
   10.08333333   -0.02129443   -0.02082452    0.10194041
   10.16666667   -0.02102082   -0.02055956    0.10124295
   10.25000000   -0.02075145   -0.02029640    0.10055671
   10.33333333   -0.02048624   -0.02003475    0.09988141
   10.41666667   -0.02022507   -0.01977630    0.09921676
   10.50000000   -0.01996786   -0.01952370    0.09856255
   10.58333333   -0.01971451   -0.01927870    0.09791851
   10.66666667   -0.01946494   -0.01904103    0.09728440
   10.75000000   -0.01921906   -0.01880844    0.09666000
   10.83333333   -0.01897679   -0.01857807    0.09604508
   10.91666667   -0.01873804   -0.01834820    0.09543942
   11.00000000   -0.01850274   -0.01811932    0.09484283
   11.08333333   -0.01827082   -0.01789377    0.09425509
   11.16666667   -0.01804219   -0.01767423    0.09367600
   11.25000000   -0.01781680   -0.01746192    0.09310538
   11.33333333   -0.01759456   -0.01725578    0.09254304
   11.41666667   -0.01737542   -0.01705305    0.09198879
   11.50000000   -0.01715930   -0.01685095    0.09144247
   11.58333333   -0.01694615   -0.01664844    0.09090391
   11.66666667   -0.01673590   -0.01644684    0.09037292
   11.75000000   -0.01652849   -0.01624897    0.08984937
   11.83333333   -0.01632386   -0.01605735    0.08933309
   11.91666667   -0.01612196   -0.01587248    0.08882392
   12.00000000   -0.01592274   -0.01569250    0.08832173
   12.08333333   -0.01572613   -0.01551427    0.08782636
   12.16666667   -0.01553208   -0.01533533    0.08733768
   12.25000000   -0.01534055   -0.01515547    0.08685556
   12.33333333   -0.01515149   -0.01497681    0.08637986
   12.41666667   -0.01496484   -0.01480249    0.08591045
   12.50000000   -0.01478056   -0.01463461    0.08544721
   12.58333333   -0.01459861   -0.01447282    0.08499001
   12.66666667   -0.01441894   -0.01431450    0.08453874
   12.75000000   -0.01424150   -0.01415634    0.08409328
   12.83333333   -0.01406626   -0.01399641    0.08365352
   12.91666667   -0.01389317   -0.01383543    0.08321935
   13.00000000   -0.01372220   -0.01367628    0.08279066
   13.08333333   -0.01355330   -0.01352217    0.08236735
   13.16666667   -0.01338644   -0.01337457    0.08194932
   13.25000000   -0.01322157   -0.01323218    0.08153647
   13.33333333   -0.01305867   -0.01309169    0.08112870
   13.41666667   -0.01289769   -0.01294986    0.08072591
   13.50000000   -0.01273861   -0.01280553    0.08032803
   13.58333333   -0.01258139   -0.01266042    0.07993495
   13.66666667   -0.01242599   -0.01251802    0.07954659
   13.75000000   -0.01227239   -0.01238139    0.07916286
   13.83333333   -0.01212054   -0.01225111    0.07878369
   13.91666667   -0.01197043   -0.01212490    0.07840899
   14.00000000   -0.01182202   -0.01199892    0.07803868
   14.08333333   -0.01167529   -0.01187023    0.07767268
   14.16666667   -0.01153020   -0.01173868    0.07731092
   14.25000000   -0.01138672   -0.01160700    0.07695332
   14.33333333   -0.01124484   -0.01147913    0.07659982
   14.41666667   -0.01110451   -0.01135765    0.07625034
   14.50000000   -0.01096572   -0.01124211    0.07590482
   14.58333333   -0.01082845   -0.01112918    0.07556318
   14.66666667   -0.01069265   -0.01101474    0.07522536
   14.75000000   -0.01055832   -0.01089644    0.07489130
   14.83333333   -0.01042543   -0.01077529    0.07456093
   14.91666667   -0.01029395   -0.01065505    0.07423419
   15.00000000   -0.01016387   -0.01053983    0.07391103
   15.08333333   -0.01003515   -0.01043148    0.07359138
   15.16666667   -0.00990778   -0.01032829    0.07327518
   15.25000000   -0.00978174   -0.01022596    0.07296239
   15.33333333   -0.00965700   -0.01012031    0.07265294
   15.41666667   -0.00953355   -0.01000992    0.07234678
   15.50000000   -0.00941136   -0.00989714    0.07204387
   15.58333333   -0.00929042   -0.00978664    0.07174414
   15.66666667   -0.00917070   -0.00968246    0.07144754
   15.75000000   -0.00905219   -0.00958537    0.07115404
   15.83333333   -0.00893487   -0.00949222    0.07086357
   15.91666667   -0.00881872   -0.00939786    0.07057610
   16.00000000   -0.00870372   -0.00929834    0.07029157
   16.08333333   -0.00858986   -0.00919351    0.07000995
   16.16666667   -0.00847712   -0.00908724    0.06973118
   16.25000000   -0.00836548   -0.00898498    0.06945522
   16.33333333   -0.00825492   -0.00889035    0.06918203
   16.41666667   -0.00814544   -0.00880266    0.06891158
   16.50000000   -0.00803701   -0.00871716    0.06864380
   16.58333333   -0.00792962   -0.00862796    0.06837868
   16.66666667   -0.00782325   -0.00853178    0.06811617
   16.75000000   -0.00771790   -0.00843011    0.06785622
   16.83333333   -0.00761353   -0.00832848    0.06759880
   16.91666667   -0.00751015   -0.00823300    0.06734389
   17.00000000   -0.00740774   -0.00814641    0.06709142
   17.08333333   -0.00730627   -0.00806609    0.06684138
   17.16666667   -0.00720575   -0.00798551    0.06659374
   17.25000000   -0.00710616   -0.00789822    0.06634844
   17.33333333   -0.00700747   -0.00780205    0.06610546
   17.41666667   -0.00690969   -0.00770068    0.06586478
   17.50000000   -0.00681280   -0.00760155    0.06562634
   17.58333333   -0.00671678   -0.00751122    0.06539013
   17.66666667   -0.00662163   -0.00743095    0.06515611
   17.75000000   -0.00652733   -0.00735557    0.06492425
   17.83333333   -0.00643387   -0.00727638    0.06469452
   17.91666667   -0.00634124   -0.00718657    0.06446690
   18.00000000   -0.00624943   -0.00708575    0.06424135
   18.08333333   -0.00615843   -0.00698061    0.06401785
   18.16666667   -0.00606822   -0.00688102    0.06379636
   18.25000000   -0.00597880   -0.00679376    0.06357686
   18.33333333   -0.00589016   -0.00671774    0.06335932
   18.41666667   -0.00580228   -0.00664400    0.06314373
   18.50000000   -0.00571516   -0.00656085    0.06293004
   18.58333333   -0.00562879   -0.00646117    0.06271823
   18.66666667   -0.00554315   -0.00634755    0.06250829
   18.75000000   -0.00545824   -0.00623145    0.06230019
   18.83333333   -0.00537404   -0.00612656    0.06209389
   18.91666667   -0.00529056   -0.00603993    0.06188938
   19.00000000   -0.00520777   -0.00596631    0.06168664
   19.08333333   -0.00512568   -0.00588988    0.06148564
   19.16666667   -0.00504426   -0.00579304    0.06128636
   19.25000000   -0.00496352   -0.00566771    0.06108878
   19.33333333   -0.00488345   -0.00552221    0.06089287
   19.41666667   -0.00480403   -0.00537874    0.06069862
   19.50000000   -0.00472526   -0.00526145    0.06050600
   19.58333333   -0.00464714   -0.00518076    0.06031499
   19.66666667   -0.00456964   -0.00512251    0.06012557
   19.75000000   -0.00449277   -0.00504900    0.05993773
   19.83333333   -0.00441652   -0.00491303    0.05975144
   19.91666667   -0.00434088   -0.00467925    0.05956669
   20.00000000   -0.00426584   -0.00434284    0.05938345
