  -20.00000000    0.01536843   -0.00635372   -0.04539694
  -19.91666667    0.01538805   -0.00661159   -0.04559910
  -19.83333333    0.01540765   -0.00684768   -0.04580286
  -19.75000000    0.01542724   -0.00706167   -0.04600824
  -19.66666667    0.01544681   -0.00725940   -0.04621525
  -19.58333333    0.01546636   -0.00744928   -0.04642393
  -19.50000000    0.01548589   -0.00763813   -0.04663428
  -19.41666667    0.01550539   -0.00782853   -0.04684633
  -19.33333333    0.01552486   -0.00801867   -0.04706010
  -19.25000000    0.01554430   -0.00820436   -0.04727562
  -19.16666667    0.01556371   -0.00838197   -0.04749290
  -19.08333333    0.01558308   -0.00855053   -0.04771195
  -19.00000000    0.01560241   -0.00871208   -0.04793282
  -18.91666667    0.01562169   -0.00887024   -0.04815551
  -18.83333333    0.01564092   -0.00902810   -0.04838006
  -18.75000000    0.01566010   -0.00918665   -0.04860648
  -18.66666667    0.01567923   -0.00934467   -0.04883480
  -18.58333333    0.01569829   -0.00949986   -0.04906503
  -18.50000000    0.01571729   -0.00965050   -0.04929722
  -18.41666667    0.01573622   -0.00979660   -0.04953139
  -18.33333333    0.01575508   -0.00993987   -0.04976754
  -18.25000000    0.01577386   -0.01008265   -0.05000572
  -18.16666667    0.01579256   -0.01022654   -0.05024595
  -18.08333333    0.01581117   -0.01037161   -0.05048825
  -18.00000000    0.01582969   -0.01051657   -0.05073266
  -17.91666667    0.01584811   -0.01065975   -0.05097920
  -17.83333333    0.01586643   -0.01080028   -0.05122789
  -17.75000000    0.01588463   -0.01093862   -0.05147877
  -17.66666667    0.01590273   -0.01107632   -0.05173187
  -17.58333333    0.01592070   -0.01121499   -0.05198721
  -17.50000000    0.01593855   -0.01135544   -0.05224483
  -17.41666667    0.01595627   -0.01149722   -0.05250476
  -17.33333333    0.01597384   -0.01163907   -0.05276702
  -17.25000000    0.01599127   -0.01177981   -0.05303165
  -17.16666667    0.01600855   -0.01191910   -0.05329869
  -17.08333333    0.01602567   -0.01205772   -0.05356816
  -17.00000000    0.01604262   -0.01219701   -0.05384009
  -16.91666667    0.01605939   -0.01233811   -0.05411454
  -16.83333333    0.01607598   -0.01248124   -0.05439151
  -16.75000000    0.01609238   -0.01262572   -0.05467106
  -16.66666667    0.01610858   -0.01277039   -0.05495322
  -16.58333333    0.01612457   -0.01291448   -0.05523802
  -16.50000000    0.01614034   -0.01305808   -0.05552551
  -16.41666667    0.01615588   -0.01320210   -0.05581572
  -16.33333333    0.01617119   -0.01334771   -0.05610868
  -16.25000000    0.01618625   -0.01349561   -0.05640445
  -16.16666667    0.01620105   -0.01364565   -0.05670307
  -16.08333333    0.01621558   -0.01379699   -0.05700455
  -16.00000000    0.01622983   -0.01394869   -0.05730897
  -15.91666667    0.01624379   -0.01410033   -0.05761635
  -15.83333333    0.01625745   -0.01425233   -0.05792675
  -15.75000000    0.01627079   -0.01440564   -0.05824019
  -15.66666667    0.01628381   -0.01456120   -0.05855674
  -15.58333333    0.01629648   -0.01471936   -0.05887644
  -15.50000000    0.01630880   -0.01487969   -0.05919932
  -15.41666667    0.01632075   -0.01504132   -0.05952546
  -15.33333333    0.01633231   -0.01520355   -0.05985488
  -15.25000000    0.01634347   -0.01536630   -0.06018765
  -15.16666667    0.01635422   -0.01553020   -0.06052381
  -15.08333333    0.01636454   -0.01569618   -0.06086342
  -15.00000000    0.01637441   -0.01586492   -0.06120652
  -14.91666667    0.01638381   -0.01603646   -0.06155318
  -14.83333333    0.01639273   -0.01621019   -0.06190345
  -14.75000000    0.01640115   -0.01638531   -0.06225739
  -14.66666667    0.01640905   -0.01656138   -0.06261505
  -14.58333333    0.01641640   -0.01673862   -0.06297649
  -14.50000000    0.01642319   -0.01691777   -0.06334178
  -14.41666667    0.01642940   -0.01709968   -0.06371098
  -14.33333333    0.01643500   -0.01728478   -0.06408415
  -14.25000000    0.01643997   -0.01747282   -0.06446135
  -14.16666667    0.01644429   -0.01766313   -0.06484265
  -14.08333333    0.01644793   -0.01785503   -0.06522812
  -14.00000000    0.01645087   -0.01804836   -0.06561783
  -13.91666667    0.01645308   -0.01824357   -0.06601184
  -13.83333333    0.01645452   -0.01844146   -0.06641024
  -13.75000000    0.01645518   -0.01864274   -0.06681309
  -13.66666667    0.01645503   -0.01884755   -0.06722046
  -13.58333333    0.01645402   -0.01905548   -0.06763245
  -13.50000000    0.01645214   -0.01926583   -0.06804912
  -13.41666667    0.01644934   -0.01947813   -0.06847055
  -13.33333333    0.01644560   -0.01969246   -0.06889683
  -13.25000000    0.01644087   -0.01990945   -0.06932805
  -13.16666667    0.01643512   -0.02012992   -0.06976428
  -13.08333333    0.01642831   -0.02035435   -0.07020563
  -13.00000000    0.01642040   -0.02058266   -0.07065217
  -12.91666667    0.01641136   -0.02081431   -0.07110400
  -12.83333333    0.01640113   -0.02104865   -0.07156122
  -12.75000000    0.01638967   -0.02128546   -0.07202392
  -12.66666667    0.01637693   -0.02152506   -0.07249220
  -12.58333333    0.01636287   -0.02176820   -0.07296618
  -12.50000000    0.01634744   -0.02201560   -0.07344594
  -12.41666667    0.01633058   -0.02226754   -0.07393159
  -12.33333333    0.01631224   -0.02252374   -0.07442326
  -12.25000000    0.01629236   -0.02278358   -0.07492104
  -12.16666667    0.01627088   -0.02304658   -0.07542506
  -12.08333333    0.01624775   -0.02331275   -0.07593543
  -12.00000000    0.01622289   -0.02358262   -0.07645227
  -11.91666667    0.01619625   -0.02385698   -0.07697572
  -11.83333333    0.01616775   -0.02413643   -0.07750589
  -11.75000000    0.01613733   -0.02442102   -0.07804292
  -11.66666667    0.01610490   -0.02471032   -0.07858694
  -11.58333333    0.01607039   -0.02500374   -0.07913809
  -11.50000000    0.01603372   -0.02530099   -0.07969651
  -11.41666667    0.01599480   -0.02560230   -0.08026235
  -11.33333333    0.01595355   -0.02590840   -0.08083576
  -11.25000000    0.01590987   -0.02622005   -0.08141689
  -11.16666667    0.01586367   -0.02653767   -0.08200589
  -11.08333333    0.01581485   -0.02686111   -0.08260293
  -11.00000000    0.01576331   -0.02718986   -0.08320817
  -10.91666667    0.01570893   -0.02752340   -0.08382179
  -10.83333333    0.01565161   -0.02786169   -0.08444397
  -10.75000000    0.01559122   -0.02820520   -0.08507487
  -10.66666667    0.01552765   -0.02855475   -0.08571469
  -10.58333333    0.01546076   -0.02891104   -0.08636362
  -10.50000000    0.01539042   -0.02927428   -0.08702185
  -10.41666667    0.01531650   -0.02964417   -0.08768959
  -10.33333333    0.01523884   -0.03002015   -0.08836705
  -10.25000000    0.01515729   -0.03040190   -0.08905442
  -10.16666667    0.01507170   -0.03078961   -0.08975195
  -10.08333333    0.01498189   -0.03118398   -0.09045986
  -10.00000000    0.01488769   -0.03158586   -0.09117836
   -9.91666667    0.01478892   -0.03199583   -0.09190772
   -9.83333333    0.01468540   -0.03241390   -0.09264817
   -9.75000000    0.01457691   -0.03283966   -0.09339997
   -9.66666667    0.01446325   -0.03327261   -0.09416338
   -9.58333333    0.01434420   -0.03371265   -0.09493869
   -9.50000000    0.01421954   -0.03416024   -0.09572614
   -9.41666667    0.01408902   -0.03461625   -0.09652605
   -9.33333333    0.01395239   -0.03508152   -0.09733871
   -9.25000000    0.01380940   -0.03555646   -0.09816442
   -9.16666667    0.01365975   -0.03604092   -0.09900349
   -9.08333333    0.01350317   -0.03653442   -0.09985627
   -9.00000000    0.01333936   -0.03703662   -0.10072307
   -8.91666667    0.01316799   -0.03754769   -0.10160425
   -8.83333333    0.01298872   -0.03806835   -0.10250017
   -8.75000000    0.01280122   -0.03859960   -0.10341119
   -8.66666667    0.01260512   -0.03914221   -0.10433769
   -8.58333333    0.01240001   -0.03969642   -0.10528009
   -8.50000000    0.01218551   -0.04026195   -0.10623877
   -8.41666667    0.01196119   -0.04083834   -0.10721415
   -8.33333333    0.01172660   -0.04142549   -0.10820669
   -8.25000000    0.01148126   -0.04202388   -0.10921681
   -8.16666667    0.01122469   -0.04263448   -0.11024499
   -8.08333333    0.01095636   -0.04325837   -0.11129172
   -8.00000000    0.01067573   -0.04389621   -0.11235747
   -7.91666667    0.01038222   -0.04454806   -0.11344277
   -7.83333333    0.01007523   -0.04521359   -0.11454814
   -7.75000000    0.00975411   -0.04589248   -0.11567415
   -7.66666667    0.00941819   -0.04658492   -0.11682134
   -7.58333333    0.00906677   -0.04729176   -0.11799029
   -7.50000000    0.00869909   -0.04801419   -0.11918164
   -7.41666667    0.00831438   -0.04875330   -0.12039599
   -7.33333333    0.00791180   -0.04950963   -0.12163398
   -7.25000000    0.00749047   -0.05028313   -0.12289630
   -7.16666667    0.00704947   -0.05107349   -0.12418362
   -7.08333333    0.00658784   -0.05188064   -0.12549665
   -7.00000000    0.00610454   -0.05270517   -0.12683614
   -6.91666667    0.00559847   -0.05354828   -0.12820284
   -6.83333333    0.00506851   -0.05441139   -0.12959752
   -6.75000000    0.00451344   -0.05529556   -0.13102100
   -6.66666667    0.00393197   -0.05620123   -0.13247410
   -6.58333333    0.00332276   -0.05712830   -0.13395767
   -6.50000000    0.00268437   -0.05807660   -0.13547258
   -6.41666667    0.00201530   -0.05904646   -0.13701974
   -6.33333333    0.00131395   -0.06003896   -0.13860005
   -6.25000000    0.00057864   -0.06105569   -0.14021445
   -6.16666667   -0.00019243   -0.06209824   -0.14186391
   -6.08333333   -0.00100114   -0.06316768   -0.14354937
   -6.00000000   -0.00184948   -0.06426436   -0.14527185
   -5.91666667   -0.00273958   -0.06538828   -0.14703231
   -5.83333333   -0.00367365   -0.06653960   -0.14883175
   -5.75000000   -0.00465408   -0.06771919   -0.15067118
   -5.66666667   -0.00568335   -0.06892870   -0.15255156
   -5.58333333   -0.00676409   -0.07017016   -0.15447384
   -5.50000000   -0.00789913   -0.07144536   -0.15643897
   -5.41666667   -0.00909140   -0.07275540   -0.15844783
   -5.33333333   -0.01034401   -0.07410068   -0.16050120
   -5.25000000   -0.01166029   -0.07548147   -0.16259984
   -5.16666667   -0.01304369   -0.07689847   -0.16474435
   -5.08333333   -0.01449790   -0.07835331   -0.16693520
   -5.00000000   -0.01602681   -0.07984836   -0.16917269
   -4.91666667   -0.01763448   -0.08138615   -0.17145687
   -4.83333333   -0.01932523   -0.08296872   -0.17378750
   -4.75000000   -0.02110360   -0.08459731   -0.17616399
   -4.66666667   -0.02297434   -0.08627257   -0.17858533
   -4.58333333   -0.02494244   -0.08799531   -0.18104989
   -4.50000000   -0.02701317   -0.08976712   -0.18355548
   -4.41666667   -0.02919200   -0.09159061   -0.18609900
   -4.33333333   -0.03148466   -0.09346906   -0.18867636
   -4.25000000   -0.03389715   -0.09540564   -0.19128229
   -4.16666667   -0.03643568   -0.09740277   -0.19390994
   -4.08333333   -0.03910666   -0.09946201   -0.19655068
   -4.00000000   -0.04191681   -0.10158460   -0.19919365
   -3.91666667   -0.04487296   -0.10377225   -0.20182525
   -3.83333333   -0.04798217   -0.10602782   -0.20442862
   -3.75000000   -0.05125160   -0.10835526   -0.20698292
   -3.66666667   -0.05468855   -0.11075896   -0.20946250
   -3.58333333   -0.05830037   -0.11324290   -0.21183599
   -3.50000000   -0.06209440   -0.11581002   -0.21406513
   -3.41666667   -0.06607790   -0.11846246   -0.21610361
   -3.33333333   -0.07025800   -0.12120235   -0.21789563
   -3.25000000   -0.07464155   -0.12403274   -0.21937449
   -3.16666667   -0.07923507   -0.12695808   -0.22046128
   -3.08333333   -0.08404459   -0.12998385   -0.22106375
   -3.00000000   -0.08907547   -0.13311559   -0.22107582
   -2.91666667   -0.09433235   -0.13635791   -0.22037813
   -2.83333333   -0.09981891   -0.13971408   -0.21884038
   -2.75000000   -0.10553766   -0.14318659   -0.21632630
   -2.66666667   -0.11148983   -0.14677822   -0.21270217
   -2.58333333   -0.11767510   -0.15049299   -0.20785018
   -2.50000000   -0.12409138   -0.15433633   -0.20168682
   -2.41666667   -0.13073466   -0.15831419   -0.19418615
   -2.33333333   -0.13759873   -0.16243163   -0.18540560
   -2.25000000   -0.14467490   -0.16669171   -0.17551001
   -2.16666667   -0.15195190   -0.17109534   -0.16478671
   -2.08333333   -0.15941555   -0.17564217   -0.15364436
   -2.00000000   -0.16704846   -0.18033193   -0.14258967
   -1.91666667   -0.17482990   -0.18516513   -0.13218096
   -1.83333333   -0.18273539   -0.19014255   -0.12296657
   -1.75000000   -0.19073649   -0.19526347   -0.11542065
   -1.66666667   -0.19880042   -0.20052363   -0.10989248
   -1.58333333   -0.20688984   -0.20591381   -0.10658006
   -1.50000000   -0.21496256   -0.21142007   -0.10553112
   -1.41666667   -0.22297136   -0.21702507   -0.10666646
   -1.33333333   -0.23086399   -0.22270959   -0.10981589
   -1.25000000   -0.23858345   -0.22845278   -0.11475665
   -1.16666667   -0.24606837   -0.23423057   -0.12124707
   -1.08333333   -0.25325395   -0.24001263   -0.12905182
   -1.00000000   -0.26007323   -0.24575966   -0.13795819
   -0.91666667   -0.26645861   -0.25142254   -0.14778463
   -0.83333333   -0.27234389   -0.25694425   -0.15838374
   -0.75000000   -0.27766638   -0.26226383   -0.16964144
   -0.66666667   -0.28236915   -0.26732010   -0.18147425
   -0.58333333   -0.28640315   -0.27205295   -0.19382562
   -0.50000000   -0.28972909   -0.27640119   -0.20666202
   -0.41666667   -0.29231891   -0.28029790   -0.21996943
   -0.33333333   -0.29415668   -0.28366648   -0.23375025
   -0.25000000   -0.29523900   -0.28642084   -0.24802066
   -0.16666667   -0.29557472   -0.28847191   -0.26280860
   -0.08333333   -0.29518420   -0.28974002   -0.27815212
    0.00000000   -0.29409812   -0.29016942   -0.29409812
    0.08333333   -0.29235596   -0.28974002   -0.31070140
    0.16666667   -0.29000421   -0.28847191   -0.32802381
    0.25000000   -0.28709464   -0.28642084   -0.34613356
    0.33333333   -0.28368247   -0.28366648   -0.36510444
    0.41666667   -0.27982469   -0.28029790   -0.38501479
    0.50000000   -0.27557863   -0.27640119   -0.40594619
    0.58333333   -0.27100063   -0.27205295   -0.42798129
    0.66666667   -0.26614498   -0.26732010   -0.45120081
    0.75000000   -0.26106320   -0.26226383   -0.47567873
    0.83333333   -0.25580336   -0.25694425   -0.50147547
    0.91666667   -0.25040974   -0.25142254   -0.52862748
    1.00000000   -0.24492261   -0.24575966   -0.55713210
    1.08333333   -0.23937815   -0.24001263   -0.58692594
    1.16666667   -0.23380851   -0.23423057   -0.61785343
    1.25000000   -0.22824191   -0.22845278   -0.64962330
    1.33333333   -0.22270289   -0.22270959   -0.68174786
    1.41666667   -0.21721252   -0.21702507   -0.71346232
    1.50000000   -0.21178867   -0.21142007   -0.74362167
    1.58333333   -0.20644628   -0.20591381   -0.77057780
    1.66666667   -0.20119771   -0.20052363   -0.79205244
    1.75000000   -0.19605291   -0.19526347   -0.80504166
    1.83333333   -0.19101980   -0.19014255   -0.80582125
    1.91666667   -0.18610444   -0.18516513   -0.79016040
    2.00000000   -0.18131131   -0.18033193   -0.75386584
    2.08333333   -0.17664350   -0.17564217   -0.69372074
    2.16666667   -0.17210290   -0.17109534   -0.60869452
    2.25000000   -0.16769041   -0.16669171   -0.50101424
    2.33333333   -0.16340605   -0.16243163   -0.37648541
    2.41666667   -0.15924911   -0.15831419   -0.24364090
    2.50000000   -0.15521834   -0.15433633   -0.11189645
    2.58333333   -0.15131191   -0.15049299    0.01050600
    2.66666667   -0.14752766   -0.14677822    0.11789661
    2.75000000   -0.14386308   -0.14318659    0.20754509
    2.83333333   -0.14031542   -0.13971408    0.27920110
    2.91666667   -0.13688172   -0.13635791    0.33426385
    3.00000000   -0.13355892   -0.13311559    0.37497385
    3.08333333   -0.13034383   -0.12998385    0.40381582
    3.16666667   -0.12723320   -0.12695808    0.42315690
    3.25000000   -0.12422378   -0.12403274    0.43507193
    3.33333333   -0.12131228   -0.12120235    0.44128906
    3.41666667   -0.11849545   -0.11846246    0.44320052
    3.50000000   -0.11577006   -0.11581002    0.44190355
    3.58333333   -0.11313296   -0.11324290    0.43824999
    3.66666667   -0.11058100   -0.11075896    0.43289435
    3.75000000   -0.10811118   -0.10835526    0.42633589
    3.83333333   -0.10572050   -0.10602782    0.41895317
    3.91666667   -0.10340607   -0.10377225    0.41103195
    4.00000000   -0.10116511   -0.10158460    0.40278696
    4.08333333   -0.09899488   -0.09946201    0.39437861
    4.16666667   -0.09689278   -0.09740277    0.38592615
    4.25000000   -0.09485624   -0.09540564    0.37751725
    4.33333333   -0.09288282   -0.09346906    0.36921586
    4.41666667   -0.09097018   -0.09159061    0.36106779
    4.50000000   -0.08911602   -0.08976712    0.35310498
    4.58333333   -0.08731816   -0.08799531    0.34534908
    4.66666667   -0.08557450   -0.08627257    0.33781386
    4.75000000   -0.08388301   -0.08459731    0.33050704
    4.83333333   -0.08224174   -0.08296872    0.32343201
    4.91666667   -0.08064884   -0.08138615    0.31658887
    5.00000000   -0.07910251   -0.07984836    0.30997515
    5.08333333   -0.07760102   -0.07835331    0.30358673
    5.16666667   -0.07614274   -0.07689847    0.29741823
    5.25000000   -0.07472607   -0.07548147    0.29146330
    5.33333333   -0.07334949   -0.07410068    0.28571510
    5.41666667   -0.07201157   -0.07275540    0.28016647
    5.50000000   -0.07071088   -0.07144536    0.27480997
    5.58333333   -0.06944610   -0.07017016    0.26963820
    5.66666667   -0.06821595   -0.06892870    0.26464382
    5.75000000   -0.06701918   -0.06771919    0.25981953
    5.83333333   -0.06585463   -0.06653960    0.25515828
    5.91666667   -0.06472116   -0.06538828    0.25065321
    6.00000000   -0.06361767   -0.06426436    0.24629764
    6.08333333   -0.06254313   -0.06316768    0.24208521
    6.16666667   -0.06149655   -0.06209824    0.23800979
    6.25000000   -0.06047696   -0.06105569    0.23406547
    6.33333333   -0.05948343   -0.06003896    0.23024665
    6.41666667   -0.05851510   -0.05904646    0.22654797
    6.50000000   -0.05757111   -0.05807660    0.22296429
    6.58333333   -0.05665064   -0.05712830    0.21949074
    6.66666667   -0.05575292   -0.05620123    0.21612270
    6.75000000   -0.05487720   -0.05529556    0.21285571
    6.83333333   -0.05402275   -0.05441139    0.20968558
    6.91666667   -0.05318889   -0.05354828    0.20660834
    7.00000000   -0.05237495   -0.05270517    0.20362013
    7.08333333   -0.05158028   -0.05188064    0.20071736
    7.16666667   -0.05080428   -0.05107349    0.19789660
    7.25000000   -0.05004635   -0.05028313    0.19515455
    7.33333333   -0.04930593   -0.04950963    0.19248810
    7.41666667   -0.04858248   -0.04875330    0.18989431
    7.50000000   -0.04787545   -0.04801419    0.18737032
    7.58333333   -0.04718436   -0.04729176    0.18491347
    7.66666667   -0.04650871   -0.04658492    0.18252122
    7.75000000   -0.04584802   -0.04589248    0.18019109
    7.83333333   -0.04520187   -0.04521359    0.17792079
    7.91666667   -0.04456980   -0.04454806    0.17570811
    8.00000000   -0.04395140   -0.04389621    0.17355092
    8.08333333   -0.04334627   -0.04325837    0.17144723
    8.16666667   -0.04275401   -0.04263448    0.16939510
    8.25000000   -0.04217426   -0.04202388    0.16739273
    8.33333333   -0.04160665   -0.04142549    0.16543835
    8.41666667   -0.04105082   -0.04083834    0.16353026
    8.50000000   -0.04050646   -0.04026195    0.16166693
    8.58333333   -0.03997324   -0.03969642    0.15984679
    8.66666667   -0.03945083   -0.03914221    0.15806838
    8.75000000   -0.03893894   -0.03859960    0.15633032
    8.83333333   -0.03843728   -0.03806835    0.15463128
    8.91666667   -0.03794556   -0.03754769    0.15296994
    9.00000000   -0.03746352   -0.03703662    0.15134512
    9.08333333   -0.03699089   -0.03653442    0.14975564
    9.16666667   -0.03652741   -0.03604092    0.14820034
    9.25000000   -0.03607285   -0.03555646    0.14667818
    9.33333333   -0.03562697   -0.03508152    0.14518811
    9.41666667   -0.03518952   -0.03461625    0.14372912
    9.50000000   -0.03476031   -0.03416024    0.14230030
    9.58333333   -0.03433911   -0.03371265    0.14090070
    9.66666667   -0.03392570   -0.03327261    0.13952943
    9.75000000   -0.03351990   -0.03283966    0.13818569
    9.83333333   -0.03312151   -0.03241390    0.13686864
    9.91666667   -0.03273033   -0.03199583    0.13557749
   10.00000000   -0.03234620   -0.03158586    0.13431151
   10.08333333   -0.03196893   -0.03118398    0.13306997
   10.16666667   -0.03159834   -0.03078961    0.13185216
   10.25000000   -0.03123429   -0.03040190    0.13065744
   10.33333333   -0.03087660   -0.03002015    0.12948514
   10.41666667   -0.03052512   -0.02964417    0.12833464
   10.50000000   -0.03017970   -0.02927428    0.12720536
   10.58333333   -0.02984019   -0.02891104    0.12609670
   10.66666667   -0.02950645   -0.02855475    0.12500811
   10.75000000   -0.02917835   -0.02820520    0.12393906
   10.83333333   -0.02885575   -0.02786169    0.12288903
   10.91666667   -0.02853852   -0.02752340    0.12185751
   11.00000000   -0.02822655   -0.02718986    0.12084403
   11.08333333   -0.02791969   -0.02686111    0.11984811
   11.16666667   -0.02761784   -0.02653767    0.11886930
   11.25000000   -0.02732089   -0.02622005    0.11790719
   11.33333333   -0.02702872   -0.02590840    0.11696132
   11.41666667   -0.02674122   -0.02560230    0.11603131
   11.50000000   -0.02645829   -0.02530099    0.11511675
   11.58333333   -0.02617983   -0.02500374    0.11421728
   11.66666667   -0.02590573   -0.02471032    0.11333250
   11.75000000   -0.02563590   -0.02442102    0.11246209
   11.83333333   -0.02537025   -0.02413643    0.11160568
   11.91666667   -0.02510869   -0.02385698    0.11076293
   12.00000000   -0.02485112   -0.02358262    0.10993355
   12.08333333   -0.02459746   -0.02331275    0.10911719
   12.16666667   -0.02434763   -0.02304658    0.10831356
   12.25000000   -0.02410155   -0.02278358    0.10752237
   12.33333333   -0.02385914   -0.02252374    0.10674333
   12.41666667   -0.02362031   -0.02226754    0.10597615
   12.50000000   -0.02338500   -0.02201560    0.10522059
   12.58333333   -0.02315313   -0.02176820    0.10447636
   12.66666667   -0.02292463   -0.02152506    0.10374322
   12.75000000   -0.02269943   -0.02128546    0.10302094
   12.83333333   -0.02247746   -0.02104865    0.10230925
   12.91666667   -0.02225866   -0.02081431    0.10160794
   13.00000000   -0.02204296   -0.02058266    0.10091678
   13.08333333   -0.02183031   -0.02035435    0.10023555
   13.16666667   -0.02162064   -0.02012992    0.09956403
   13.25000000   -0.02141388   -0.01990945    0.09890203
   13.33333333   -0.02120999   -0.01969246    0.09824934
   13.41666667   -0.02100891   -0.01947813    0.09760577
   13.50000000   -0.02081058   -0.01926583    0.09697113
   13.58333333   -0.02061495   -0.01905548    0.09634523
   13.66666667   -0.02042197   -0.01884755    0.09572788
   13.75000000   -0.02023158   -0.01864274    0.09511894
   13.83333333   -0.02004374   -0.01844146    0.09451821
   13.91666667   -0.01985839   -0.01824357    0.09392553
   14.00000000   -0.01967550   -0.01804836    0.09334076
   14.08333333   -0.01949501   -0.01785503    0.09276371
   14.16666667   -0.01931687   -0.01766313    0.09219425
   14.25000000   -0.01914106   -0.01747282    0.09163223
   14.33333333   -0.01896752   -0.01728478    0.09107750
   14.41666667   -0.01879620   -0.01709968    0.09052992
   14.50000000   -0.01862708   -0.01691777    0.08998935
   14.58333333   -0.01846011   -0.01673862    0.08945567
   14.66666667   -0.01829525   -0.01656138    0.08892873
   14.75000000   -0.01813246   -0.01638531    0.08840841
   14.83333333   -0.01797171   -0.01621019    0.08789459
   14.91666667   -0.01781296   -0.01603646    0.08738715
   15.00000000   -0.01765617   -0.01586492    0.08688597
   15.08333333   -0.01750131   -0.01569618    0.08639093
   15.16666667   -0.01734834   -0.01553020    0.08590192
   15.25000000   -0.01719724   -0.01536630    0.08541883
   15.33333333   -0.01704797   -0.01520355    0.08494156
   15.41666667   -0.01690049   -0.01504132    0.08447000
   15.50000000   -0.01675479   -0.01487969    0.08400405
   15.58333333   -0.01661082   -0.01471936    0.08354361
   15.66666667   -0.01646855   -0.01456120    0.08308858
   15.75000000   -0.01632797   -0.01440564    0.08263886
   15.83333333   -0.01618903   -0.01425233    0.08219438
   15.91666667   -0.01605172   -0.01410033    0.08175502
   16.00000000   -0.01591600   -0.01394869    0.08132071
   16.08333333   -0.01578185   -0.01379699    0.08089136
   16.16666667   -0.01564924   -0.01364565    0.08046689
   16.25000000   -0.01551815   -0.01349561    0.08004721
   16.33333333   -0.01538855   -0.01334771    0.07963223
   16.41666667   -0.01526042   -0.01320210    0.07922190
   16.50000000   -0.01513373   -0.01305808    0.07881611
   16.58333333   -0.01500847   -0.01291448    0.07841481
   16.66666667   -0.01488460   -0.01277039    0.07801792
   16.75000000   -0.01476211   -0.01262572    0.07762535
   16.83333333   -0.01464096   -0.01248124    0.07723705
   16.91666667   -0.01452116   -0.01233811    0.07685294
   17.00000000   -0.01440266   -0.01219701    0.07647296
   17.08333333   -0.01428545   -0.01205772    0.07609704
   17.16666667   -0.01416952   -0.01191910    0.07572512
   17.25000000   -0.01405483   -0.01177981    0.07535713
   17.33333333   -0.01394138   -0.01163907    0.07499300
   17.41666667   -0.01382913   -0.01149722    0.07463270
   17.50000000   -0.01371808   -0.01135544    0.07427613
   17.58333333   -0.01360821   -0.01121499    0.07392326
   17.66666667   -0.01349949   -0.01107632    0.07357403
   17.75000000   -0.01339191   -0.01093862    0.07322837
   17.83333333   -0.01328545   -0.01080028    0.07288623
   17.91666667   -0.01318011   -0.01065975    0.07254757
   18.00000000   -0.01307584   -0.01051657    0.07221232
   18.08333333   -0.01297265   -0.01037161    0.07188044
   18.16666667   -0.01287052   -0.01022654    0.07155188
   18.25000000   -0.01276943   -0.01008265    0.07122658
   18.33333333   -0.01266937   -0.00993987    0.07090450
   18.41666667   -0.01257031   -0.00979660    0.07058559
   18.50000000   -0.01247226   -0.00965050    0.07026981
   18.58333333   -0.01237518   -0.00949986    0.06995710
   18.66666667   -0.01227907   -0.00934467    0.06964742
   18.75000000   -0.01218392   -0.00918665    0.06934074
   18.83333333   -0.01208970   -0.00902810    0.06903699
   18.91666667   -0.01199642   -0.00887024    0.06873616
   19.00000000   -0.01190404   -0.00871208    0.06843819
   19.08333333   -0.01181257   -0.00855053    0.06814303
   19.16666667   -0.01172198   -0.00838197    0.06785067
   19.25000000   -0.01163227   -0.00820436    0.06756104
   19.33333333   -0.01154342   -0.00801867    0.06727411
   19.41666667   -0.01145543   -0.00782853    0.06698986
   19.50000000   -0.01136827   -0.00763813    0.06670823
   19.58333333   -0.01128194   -0.00744928    0.06642919
   19.66666667   -0.01119643   -0.00725940    0.06615271
   19.75000000   -0.01111172   -0.00706167    0.06587876
   19.83333333   -0.01102781   -0.00684768    0.06560729
   19.91666667   -0.01094468   -0.00661159    0.06533828
   20.00000000   -0.01086232   -0.00635372    0.06507168
