  -20.00000000   -0.03351800   -0.00275699   -0.07284818
  -19.91666667   -0.03364366   -0.00262845   -0.07307492
  -19.83333333   -0.03377071   -0.00258517   -0.07330341
  -19.75000000   -0.03389917   -0.00262692   -0.07353367
  -19.66666667   -0.03402906   -0.00272881   -0.07376572
  -19.58333333   -0.03416040   -0.00285401   -0.07399957
  -19.50000000   -0.03429322   -0.00296975   -0.07423527
  -19.41666667   -0.03442753   -0.00305919   -0.07447283
  -19.33333333   -0.03456337   -0.00312464   -0.07471225
  -19.25000000   -0.03470076   -0.00318151   -0.07495358
  -19.16666667   -0.03483971   -0.00324735   -0.07519684
  -19.08333333   -0.03498026   -0.00333175   -0.07544204
  -19.00000000   -0.03512244   -0.00343216   -0.07568921
  -18.91666667   -0.03526626   -0.00353678   -0.07593838
  -18.83333333   -0.03541176   -0.00363224   -0.07618956
  -18.75000000   -0.03555895   -0.00371126   -0.07644280
  -18.66666667   -0.03570788   -0.00377609   -0.07669811
  -18.58333333   -0.03585857   -0.00383626   -0.07695550
  -18.50000000   -0.03601104   -0.00390252   -0.07721503
  -18.41666667   -0.03616533   -0.00398051   -0.07747670
  -18.33333333   -0.03632146   -0.00406794   -0.07774055
  -18.25000000   -0.03647947   -0.00415662   -0.07800660
  -18.16666667   -0.03663939   -0.00423765   -0.07827489
  -18.08333333   -0.03680125   -0.00430677   -0.07854544
  -18.00000000   -0.03696508   -0.00436659   -0.07881828
  -17.91666667   -0.03713092   -0.00442470   -0.07909344
  -17.83333333   -0.03729879   -0.00448892   -0.07937095
  -17.75000000   -0.03746875   -0.00456267   -0.07965084
  -17.66666667   -0.03764081   -0.00464320   -0.07993315
  -17.58333333   -0.03781502   -0.00472355   -0.08021789
  -17.50000000   -0.03799142   -0.00479693   -0.08050512
  -17.41666667   -0.03817004   -0.00486082   -0.08079486
  -17.33333333   -0.03835091   -0.00491835   -0.08108714
  -17.25000000   -0.03853409   -0.00497621   -0.08138200
  -17.16666667   -0.03871961   -0.00504055   -0.08167947
  -17.08333333   -0.03890751   -0.00511326   -0.08197959
  -17.00000000   -0.03909784   -0.00519103   -0.08228240
  -16.91666667   -0.03929064   -0.00526752   -0.08258793
  -16.83333333   -0.03948594   -0.00533731   -0.08289621
  -16.75000000   -0.03968380   -0.00539921   -0.08320730
  -16.66666667   -0.03988427   -0.00545687   -0.08352122
  -16.58333333   -0.04008738   -0.00551649   -0.08383802
  -16.50000000   -0.04029320   -0.00558298   -0.08415773
  -16.41666667   -0.04050176   -0.00565699   -0.08448041
  -16.33333333   -0.04071312   -0.00573466   -0.08480608
  -16.25000000   -0.04092733   -0.00581006   -0.08513480
  -16.16666667   -0.04114445   -0.00587887   -0.08546660
  -16.08333333   -0.04136452   -0.00594106   -0.08580153
  -16.00000000   -0.04158760   -0.00600080   -0.08613965
  -15.91666667   -0.04181375   -0.00606390   -0.08648098
  -15.83333333   -0.04204304   -0.00613419   -0.08682559
  -15.75000000   -0.04227550   -0.00621123   -0.08717352
  -15.66666667   -0.04251121   -0.00629063   -0.08752481
  -15.58333333   -0.04275023   -0.00636683   -0.08787953
  -15.50000000   -0.04299262   -0.00643655   -0.08823771
  -15.41666667   -0.04323845   -0.00650084   -0.08859941
  -15.33333333   -0.04348779   -0.00656433   -0.08896470
  -15.25000000   -0.04374070   -0.00663244   -0.08933361
  -15.16666667   -0.04399724   -0.00670795   -0.08970620
  -15.08333333   -0.04425751   -0.00678936   -0.09008255
  -15.00000000   -0.04452156   -0.00687185   -0.09046269
  -14.91666667   -0.04478947   -0.00695030   -0.09084669
  -14.83333333   -0.04506132   -0.00702248   -0.09123461
  -14.75000000   -0.04533719   -0.00709045   -0.09162652
  -14.66666667   -0.04561715   -0.00715925   -0.09202247
  -14.58333333   -0.04590130   -0.00723378   -0.09242253
  -14.50000000   -0.04618971   -0.00731575   -0.09282677
  -14.41666667   -0.04648248   -0.00740267   -0.09323525
  -14.33333333   -0.04677969   -0.00748939   -0.09364805
  -14.25000000   -0.04708143   -0.00757133   -0.09406523
  -14.16666667   -0.04738779   -0.00764738   -0.09448686
  -14.08333333   -0.04769888   -0.00772057   -0.09491303
  -14.00000000   -0.04801479   -0.00779619   -0.09534379
  -13.91666667   -0.04833562   -0.00787850   -0.09577924
  -13.83333333   -0.04866148   -0.00796810   -0.09621946
  -13.75000000   -0.04899247   -0.00806154   -0.09666451
  -13.66666667   -0.04932870   -0.00815350   -0.09711448
  -13.58333333   -0.04967028   -0.00824014   -0.09756947
  -13.50000000   -0.05001732   -0.00832148   -0.09802955
  -13.41666667   -0.05036995   -0.00840145   -0.09849481
  -13.33333333   -0.05072829   -0.00848543   -0.09896536
  -13.25000000   -0.05109245   -0.00857688   -0.09944126
  -13.16666667   -0.05146256   -0.00867522   -0.09992263
  -13.08333333   -0.05183876   -0.00877614   -0.10040957
  -13.00000000   -0.05222118   -0.00887437   -0.10090216
  -12.91666667   -0.05260995   -0.00896693   -0.10140051
  -12.83333333   -0.05300522   -0.00905507   -0.10190474
  -12.75000000   -0.05340713   -0.00914349   -0.10241493
  -12.66666667   -0.05381583   -0.00923743   -0.10293122
  -12.58333333   -0.05423147   -0.00933938   -0.10345371
  -12.50000000   -0.05465420   -0.00944755   -0.10398250
  -12.41666667   -0.05508420   -0.00955693   -0.10451774
  -12.33333333   -0.05552162   -0.00966250   -0.10505953
  -12.25000000   -0.05596663   -0.00976234   -0.10560800
  -12.16666667   -0.05641941   -0.00985893   -0.10616329
  -12.08333333   -0.05688014   -0.00995758   -0.10672552
  -12.00000000   -0.05734899   -0.01006315   -0.10729483
  -11.91666667   -0.05782616   -0.01017700   -0.10787135
  -11.83333333   -0.05831184   -0.01029610   -0.10845525
  -11.75000000   -0.05880623   -0.01041497   -0.10904665
  -11.66666667   -0.05930953   -0.01052907   -0.10964571
  -11.58333333   -0.05982197   -0.01063773   -0.11025259
  -11.50000000   -0.06034373   -0.01074460   -0.11086744
  -11.41666667   -0.06087506   -0.01085539   -0.11149044
  -11.33333333   -0.06141619   -0.01097432   -0.11212175
  -11.25000000   -0.06196733   -0.01110146   -0.11276154
  -11.16666667   -0.06252874   -0.01123265   -0.11340999
  -11.08333333   -0.06310066   -0.01136212   -0.11406731
  -11.00000000   -0.06368334   -0.01148611   -0.11473365
  -10.91666667   -0.06427704   -0.01160531   -0.11540923
  -10.83333333   -0.06488205   -0.01172446   -0.11609425
  -10.75000000   -0.06549861   -0.01184942   -0.11678891
  -10.66666667   -0.06612703   -0.01198351   -0.11749343
  -10.58333333   -0.06676760   -0.01212536   -0.11820803
  -10.50000000   -0.06742060   -0.01226981   -0.11893294
  -10.41666667   -0.06808635   -0.01241107   -0.11966838
  -10.33333333   -0.06876516   -0.01254647   -0.12041463
  -10.25000000   -0.06945736   -0.01267812   -0.12117189
  -10.16666667   -0.07016327   -0.01281172   -0.12194046
  -10.08333333   -0.07088325   -0.01295297   -0.12272059
  -10.00000000   -0.07161763   -0.01310398   -0.12351255
   -9.91666667   -0.07236678   -0.01326194   -0.12431663
   -9.83333333   -0.07313108   -0.01342082   -0.12513313
   -9.75000000   -0.07391089   -0.01357518   -0.12596235
   -9.66666667   -0.07470660   -0.01372363   -0.12680461
   -9.58333333   -0.07551863   -0.01386980   -0.12766023
   -9.50000000   -0.07634737   -0.01402009   -0.12852955
   -9.41666667   -0.07719325   -0.01417971   -0.12941291
   -9.33333333   -0.07805669   -0.01434933   -0.13031070
   -9.25000000   -0.07893814   -0.01452466   -0.13122327
   -9.16666667   -0.07983805   -0.01469906   -0.13215101
   -9.08333333   -0.08075689   -0.01486778   -0.13309433
   -9.00000000   -0.08169512   -0.01503098   -0.13405365
   -8.91666667   -0.08265323   -0.01519373   -0.13502940
   -8.83333333   -0.08363174   -0.01536288   -0.13602204
   -8.75000000   -0.08463112   -0.01554276   -0.13703203
   -8.66666667   -0.08565191   -0.01573237   -0.13805985
   -8.58333333   -0.08669464   -0.01592601   -0.13910603
   -8.50000000   -0.08775985   -0.01611675   -0.14017106
   -8.41666667   -0.08884808   -0.01630089   -0.14125552
   -8.33333333   -0.08995993   -0.01648032   -0.14235997
   -8.25000000   -0.09109593   -0.01666145   -0.14348500
   -8.16666667   -0.09225668   -0.01685122   -0.14463123
   -8.08333333   -0.09344278   -0.01705268   -0.14579932
   -8.00000000   -0.09465482   -0.01726301   -0.14698991
   -7.91666667   -0.09589342   -0.01747520   -0.14820373
   -7.83333333   -0.09715920   -0.01768242   -0.14944150
   -7.75000000   -0.09845277   -0.01788237   -0.15070400
   -7.66666667   -0.09977479   -0.01807882   -0.15199202
   -7.58333333   -0.10112586   -0.01827932   -0.15330639
   -7.50000000   -0.10250665   -0.01849045   -0.15464800
   -7.41666667   -0.10391779   -0.01871360   -0.15601777
   -7.33333333   -0.10535992   -0.01894399   -0.15741665
   -7.25000000   -0.10683370   -0.01917351   -0.15884566
   -7.16666667   -0.10833975   -0.01939586   -0.16030586
   -7.08333333   -0.10987871   -0.01961049   -0.16179834
   -7.00000000   -0.11145120   -0.01982310   -0.16332428
   -6.91666667   -0.11305785   -0.02004207   -0.16488492
   -6.83333333   -0.11469924   -0.02027313   -0.16648153
   -6.75000000   -0.11637597   -0.02051561   -0.16811549
   -6.66666667   -0.11808859   -0.02076265   -0.16978822
   -6.58333333   -0.11983763   -0.02100538   -0.17150123
   -6.50000000   -0.12162361   -0.02123843   -0.17325613
   -6.41666667   -0.12344698   -0.02146337   -0.17505459
   -6.33333333   -0.12530815   -0.02168774   -0.17689838
   -6.25000000   -0.12720753   -0.02192034   -0.17878941
   -6.16666667   -0.12914542   -0.02216547   -0.18072967
   -6.08333333   -0.13112206   -0.02241997   -0.18272126
   -6.00000000   -0.13313764   -0.02267489   -0.18476645
   -5.91666667   -0.13519226   -0.02292090   -0.18686761
   -5.83333333   -0.13728590   -0.02315405   -0.18902728
   -5.75000000   -0.13941848   -0.02337825   -0.19124816
   -5.66666667   -0.14158977   -0.02360275   -0.19353313
   -5.58333333   -0.14379939   -0.02383615   -0.19588524
   -5.50000000   -0.14604688   -0.02408063   -0.19830780
   -5.41666667   -0.14833154   -0.02433006   -0.20080431
   -5.33333333   -0.15065253   -0.02457339   -0.20337849
   -5.25000000   -0.15300882   -0.02480120   -0.20603440
   -5.16666667   -0.15539911   -0.02501138   -0.20877634
   -5.08333333   -0.15782189   -0.02521030   -0.21160895
   -5.00000000   -0.16027540   -0.02540854   -0.21453725
   -4.91666667   -0.16275753   -0.02561370   -0.21756660
   -4.83333333   -0.16526587   -0.02582494   -0.22070281
   -4.75000000   -0.16779767   -0.02603257   -0.22395219
   -4.66666667   -0.17034978   -0.02622334   -0.22732154
   -4.58333333   -0.17291859   -0.02638801   -0.23081821
   -4.50000000   -0.17550009   -0.02652665   -0.23445027
   -4.41666667   -0.17808970   -0.02664800   -0.23822643
   -4.33333333   -0.18068230   -0.02676323   -0.24215617
   -4.25000000   -0.18327221   -0.02687776   -0.24624994
   -4.16666667   -0.18585305   -0.02698642   -0.25051909
   -4.08333333   -0.18841773   -0.02707505   -0.25497606
   -4.00000000   -0.19095842   -0.02712779   -0.25963460
   -3.91666667   -0.19346641   -0.02713565   -0.26450974
   -3.83333333   -0.19593211   -0.02710085   -0.26961814
   -3.75000000   -0.19834490   -0.02703395   -0.27497813
   -3.66666667   -0.20069313   -0.02694534   -0.28061007
   -3.58333333   -0.20296395   -0.02683629   -0.28653653
   -3.50000000   -0.20514323   -0.02669514   -0.29278253
   -3.41666667   -0.20721549   -0.02650147   -0.29937601
   -3.33333333   -0.20916370   -0.02623571   -0.30634809
   -3.25000000   -0.21096920   -0.02588843   -0.31373346
   -3.16666667   -0.21261152   -0.02546318   -0.32157092
   -3.08333333   -0.21406822   -0.02497077   -0.32990382
   -3.00000000   -0.21531466   -0.02441813   -0.33878048
   -2.91666667   -0.21632386   -0.02379864   -0.34825479
   -2.83333333   -0.21706618   -0.02309011   -0.35838652
   -2.75000000   -0.21750908   -0.02226212   -0.36924137
   -2.66666667   -0.21761681   -0.02128846   -0.38089086
   -2.58333333   -0.21735011   -0.02015692   -0.39341108
   -2.50000000   -0.21666579   -0.01886991   -0.40688000
   -2.41666667   -0.21551636   -0.01743492   -0.42137226
   -2.33333333   -0.21384961   -0.01585012   -0.43694890
   -2.25000000   -0.21160819   -0.01409408   -0.45363828
   -2.16666667   -0.20872919   -0.01212636   -0.47140184
   -2.08333333   -0.20514375   -0.00989936   -0.49007062
   -2.00000000   -0.20077688   -0.00737457   -0.50922887
   -1.91666667   -0.19554730   -0.00453310   -0.52799865
   -1.83333333   -0.18936778   -0.00137331   -0.54463610
   -1.75000000   -0.18214572    0.00210403   -0.55577605
   -1.66666667   -0.17378466    0.00591444   -0.55503952
   -1.58333333   -0.16418659    0.01010046   -0.53062835
   -1.50000000   -0.15325557    0.01472633   -0.46194160
   -1.41666667   -0.14090324    0.01985801   -0.31801864
   -1.33333333   -0.12705634    0.02553897   -0.06925337
   -1.25000000   -0.11166680    0.03177573    0.27008270
   -1.16666667   -0.09472476    0.03854229    0.60018195
   -1.08333333   -0.07627404    0.04580120    0.80130037
   -1.00000000   -0.05642941    0.05352821    0.84964759
   -0.91666667   -0.03539414    0.06172272    0.80107839
   -0.83333333   -0.01347434    0.07039230    0.71346823
   -0.75000000    0.00891330    0.07951311    0.61920530
   -0.66666667    0.03124574    0.08898200    0.53156425
   -0.58333333    0.05291345    0.09858347    0.45441286
   -0.50000000    0.07325819    0.10798972    0.38782081
   -0.41666667    0.09162676    0.11679780    0.33058669
   -0.33333333    0.10743360    0.12459113    0.28124840
   -0.25000000    0.12022159    0.13100176    0.23844362
   -0.16666667    0.12970854    0.13575156    0.20101176
   -0.08333333    0.13581003    0.13866242    0.16799937
    0.00000000    0.13863447    0.13964192    0.13863447
    0.08333333    0.13845382    0.13866242    0.11229449
    0.16666667    0.13565804    0.13575156    0.08847665
    0.25000000    0.13070392    0.13100176    0.06677320
    0.33333333    0.12406747    0.12459113    0.04685154
    0.41666667    0.11620589    0.11679780    0.02843867
    0.50000000    0.10753161    0.10798972    0.01130901
    0.58333333    0.09839802    0.09858347   -0.00472501
    0.66666667    0.08909459    0.08898200   -0.01982032
    0.75000000    0.07984874    0.07951311   -0.03410891
    0.83333333    0.07083174    0.07039230   -0.04770231
    0.91666667    0.06216666    0.06172272   -0.06069509
    1.00000000    0.05393686    0.05352821   -0.07316755
    1.08333333    0.04619397    0.04580120   -0.08518794
    1.16666667    0.03896508    0.03854229   -0.09681399
    1.25000000    0.03225880    0.03177573   -0.10809427
    1.33333333    0.02607024    0.02553897   -0.11906900
    1.41666667    0.02038499    0.01985801   -0.12977074
    1.50000000    0.01518213    0.01472633   -0.14022478
    1.58333333    0.01043668    0.01010046   -0.15044919
    1.66666667    0.00612131    0.00591444   -0.16045479
    1.75000000    0.00220764    0.00210403   -0.17024486
    1.83333333   -0.00133281   -0.00137331   -0.17981450
    1.91666667   -0.00452797   -0.00453310   -0.18914991
    2.00000000   -0.00740480   -0.00737457   -0.19822732
    2.08333333   -0.00998897   -0.00989936   -0.20701160
    2.16666667   -0.01230471   -0.01212636   -0.21545470
    2.25000000   -0.01437473   -0.01409408   -0.22349355
    2.33333333   -0.01622018   -0.01585012   -0.23104787
    2.41666667   -0.01786067   -0.01743492   -0.23801752
    2.50000000   -0.01931433   -0.01886991   -0.24427945
    2.58333333   -0.02059787   -0.02015692   -0.24968467
    2.66666667   -0.02172663   -0.02128846   -0.25405504
    2.75000000   -0.02271470   -0.02226212   -0.25718014
    2.83333333   -0.02357500   -0.02309011   -0.25881496
    2.91666667   -0.02431934   -0.02379864   -0.25867857
    3.00000000   -0.02495850   -0.02441813   -0.25645479
    3.08333333   -0.02550236   -0.02497077   -0.25179587
    3.16666667   -0.02595992   -0.02546318   -0.24433034
    3.25000000   -0.02633939   -0.02588843   -0.23367664
    3.33333333   -0.02664826   -0.02623571   -0.21946337
    3.41666667   -0.02689337   -0.02650147   -0.20135753
    3.50000000   -0.02708093   -0.02669514   -0.17910049
    3.58333333   -0.02721661   -0.02683629   -0.15254927
    3.66666667   -0.02730559   -0.02694534   -0.12172018
    3.75000000   -0.02735256   -0.02703395   -0.08682833
    3.83333333   -0.02736182   -0.02710085   -0.04831368
    3.91666667   -0.02733725   -0.02713565   -0.00684695
    4.00000000   -0.02728241   -0.02712779    0.03669170
    4.08333333   -0.02720053   -0.02707505    0.08126432
    4.16666667   -0.02709456   -0.02698642    0.12574951
    4.25000000   -0.02696715   -0.02687776    0.16903310
    4.33333333   -0.02682076   -0.02676323    0.21009495
    4.41666667   -0.02665759   -0.02664800    0.24808309
    4.50000000   -0.02647966   -0.02652665    0.28236224
    4.58333333   -0.02628878   -0.02638801    0.31253089
    4.66666667   -0.02608663   -0.02622334    0.33841331
    4.75000000   -0.02587471   -0.02603257    0.36003074
    4.83333333   -0.02565439   -0.02582494    0.37755962
    4.91666667   -0.02542692   -0.02561370    0.39128766
    5.00000000   -0.02519341   -0.02540854    0.40157203
    5.08333333   -0.02495490   -0.02521030    0.40880334
    5.16666667   -0.02471230   -0.02501138    0.41337833
    5.25000000   -0.02446645   -0.02480120    0.41568012
    5.33333333   -0.02421811   -0.02457339    0.41606530
    5.41666667   -0.02396796   -0.02433006    0.41485689
    5.50000000   -0.02371662   -0.02408063    0.41234123
    5.58333333   -0.02346465   -0.02383615    0.40876796
    5.66666667   -0.02321254   -0.02360275    0.40435176
    5.75000000   -0.02296075   -0.02337825    0.39927509
    5.83333333   -0.02270967   -0.02315405    0.39369166
    5.91666667   -0.02245967   -0.02292090    0.38772990
    6.00000000   -0.02221107   -0.02267489    0.38149621
    6.08333333   -0.02196415   -0.02241997    0.37507833
    6.16666667   -0.02171918   -0.02216547    0.36854805
    6.25000000   -0.02147637   -0.02192034    0.36196364
    6.33333333   -0.02123594   -0.02168774    0.35537222
    6.41666667   -0.02099804   -0.02146337    0.34881155
    6.50000000   -0.02076284   -0.02123843    0.34231150
    6.58333333   -0.02053046   -0.02100538    0.33589559
    6.66666667   -0.02030103   -0.02076265    0.32958207
    6.75000000   -0.02007464   -0.02051561    0.32338469
    6.83333333   -0.01985138   -0.02027313    0.31731374
    6.91666667   -0.01963130   -0.02004207    0.31137661
    7.00000000   -0.01941447   -0.01982310    0.30557819
    7.08333333   -0.01920094   -0.01961049    0.29992157
    7.16666667   -0.01899074   -0.01939586    0.29440827
    7.25000000   -0.01878389   -0.01917351    0.28903849
    7.33333333   -0.01858041   -0.01894399    0.28381152
    7.41666667   -0.01838032   -0.01871360    0.27872587
    7.50000000   -0.01818361   -0.01849045    0.27377934
    7.58333333   -0.01799028   -0.01827932    0.26896936
    7.66666667   -0.01780033   -0.01807882    0.26429301
    7.75000000   -0.01761374   -0.01788237    0.25974700
    7.83333333   -0.01743049   -0.01768242    0.25532797
    7.91666667   -0.01725056   -0.01747520    0.25103240
    8.00000000   -0.01707392   -0.01726301    0.24685666
    8.08333333   -0.01690055   -0.01705268    0.24279715
    8.16666667   -0.01673042   -0.01685122    0.23885017
    8.25000000   -0.01656348   -0.01666145    0.23501223
    8.33333333   -0.01639971   -0.01648032    0.23127970
    8.41666667   -0.01623907   -0.01630089    0.22764905
    8.50000000   -0.01608151   -0.01611675    0.22411696
    8.58333333   -0.01592700   -0.01592601    0.22068004
    8.66666667   -0.01577550   -0.01573237    0.21733501
    8.75000000   -0.01562695   -0.01554276    0.21407879
    8.83333333   -0.01548133   -0.01536288    0.21090830
    8.91666667   -0.01533858   -0.01519373    0.20782055
    9.00000000   -0.01519865   -0.01503098    0.20481276
    9.08333333   -0.01506151   -0.01486778    0.20188214
    9.16666667   -0.01492711   -0.01469906    0.19902600
    9.25000000   -0.01479540   -0.01452466    0.19624186
    9.33333333   -0.01466634   -0.01434933    0.19352721
    9.41666667   -0.01453988   -0.01417971    0.19087967
    9.50000000   -0.01441597   -0.01402009    0.18829702
    9.58333333   -0.01429457   -0.01386980    0.18577703
    9.66666667   -0.01417564   -0.01372363    0.18331758
    9.75000000   -0.01405913   -0.01357518    0.18091668
    9.83333333   -0.01394499   -0.01342082    0.17857238
    9.91666667   -0.01383318   -0.01326194    0.17628278
   10.00000000   -0.01372366   -0.01310398    0.17404614
   10.08333333   -0.01361638   -0.01295297    0.17186070
   10.16666667   -0.01351131   -0.01281172    0.16972478
   10.25000000   -0.01340839   -0.01267812    0.16763685
   10.33333333   -0.01330759   -0.01254647    0.16559534
   10.41666667   -0.01320887   -0.01241107    0.16359877
   10.50000000   -0.01311218   -0.01226981    0.16164576
   10.58333333   -0.01301748   -0.01212536    0.15973494
   10.66666667   -0.01292475   -0.01198351    0.15786497
   10.75000000   -0.01283393   -0.01184942    0.15603465
   10.83333333   -0.01274499   -0.01172446    0.15424275
   10.91666667   -0.01265789   -0.01160531    0.15248808
   11.00000000   -0.01257259   -0.01148611    0.15076956
   11.08333333   -0.01248906   -0.01136212    0.14908611
   11.16666667   -0.01240727   -0.01123265    0.14743666
   11.25000000   -0.01232717   -0.01110146    0.14582026
   11.33333333   -0.01224874   -0.01097432    0.14423593
   11.41666667   -0.01217194   -0.01085539    0.14268273
   11.50000000   -0.01209673   -0.01074460    0.14115979
   11.58333333   -0.01202309   -0.01063773    0.13966626
   11.66666667   -0.01195098   -0.01052907    0.13820127
   11.75000000   -0.01188037   -0.01041497    0.13676407
   11.83333333   -0.01181123   -0.01029610    0.13535387
   11.91666667   -0.01174353   -0.01017700    0.13396992
   12.00000000   -0.01167724   -0.01006315    0.13261152
   12.08333333   -0.01161233   -0.00995758    0.13127798
   12.16666667   -0.01154878   -0.00985893    0.12996861
   12.25000000   -0.01148655   -0.00976234    0.12868280
   12.33333333   -0.01142562   -0.00966250    0.12741991
   12.41666667   -0.01136596   -0.00955693    0.12617933
   12.50000000   -0.01130755   -0.00944755    0.12496050
   12.58333333   -0.01125036   -0.00933938    0.12376286
   12.66666667   -0.01119437   -0.00923743    0.12258584
   12.75000000   -0.01113955   -0.00914349    0.12142895
   12.83333333   -0.01108587   -0.00905507    0.12029166
   12.91666667   -0.01103332   -0.00896693    0.11917348
   13.00000000   -0.01098186   -0.00887437    0.11807396
   13.08333333   -0.01093149   -0.00877614    0.11699262
   13.16666667   -0.01088217   -0.00867522    0.11592901
   13.25000000   -0.01083389   -0.00857688    0.11488273
   13.33333333   -0.01078662   -0.00848543    0.11385334
   13.41666667   -0.01074034   -0.00840145    0.11284042
   13.50000000   -0.01069504   -0.00832148    0.11184362
   13.58333333   -0.01065068   -0.00824014    0.11086254
   13.66666667   -0.01060727   -0.00815350    0.10989680
   13.75000000   -0.01056476   -0.00806154    0.10894607
   13.83333333   -0.01052315   -0.00796810    0.10800999
   13.91666667   -0.01048242   -0.00787850    0.10708822
   14.00000000   -0.01044255   -0.00779619    0.10618046
   14.08333333   -0.01040353   -0.00772057    0.10528637
   14.16666667   -0.01036532   -0.00764738    0.10440564
   14.25000000   -0.01032793   -0.00757133    0.10353800
   14.33333333   -0.01029133   -0.00748939    0.10268314
   14.41666667   -0.01025551   -0.00740267    0.10184078
   14.50000000   -0.01022045   -0.00731575    0.10101067
   14.58333333   -0.01018613   -0.00723378    0.10019253
   14.66666667   -0.01015254   -0.00715925    0.09938609
   14.75000000   -0.01011967   -0.00709045    0.09859112
   14.83333333   -0.01008751   -0.00702248    0.09780738
   14.91666667   -0.01005603   -0.00695030    0.09703461
   15.00000000   -0.01002522   -0.00687185    0.09627262
   15.08333333   -0.00999508   -0.00678936    0.09552115
   15.16666667   -0.00996558   -0.00670795    0.09478000
   15.25000000   -0.00993672   -0.00663244    0.09404896
   15.33333333   -0.00990848   -0.00656433    0.09332782
   15.41666667   -0.00988085   -0.00650084    0.09261638
   15.50000000   -0.00985382   -0.00643655    0.09191445
   15.58333333   -0.00982738   -0.00636683    0.09122183
   15.66666667   -0.00980151   -0.00629063    0.09053835
   15.75000000   -0.00977620   -0.00621123    0.08986383
   15.83333333   -0.00975144   -0.00613419    0.08919808
   15.91666667   -0.00972723   -0.00606390    0.08854094
   16.00000000   -0.00970355   -0.00600080    0.08789224
   16.08333333   -0.00968039   -0.00594106    0.08725182
   16.16666667   -0.00965773   -0.00587887    0.08661954
   16.25000000   -0.00963558   -0.00581006    0.08599522
   16.33333333   -0.00961392   -0.00573466    0.08537871
   16.41666667   -0.00959274   -0.00565699    0.08476989
   16.50000000   -0.00957203   -0.00558298    0.08416858
   16.58333333   -0.00955179   -0.00551649    0.08357467
   16.66666667   -0.00953200   -0.00545687    0.08298803
   16.75000000   -0.00951265   -0.00539921    0.08240850
   16.83333333   -0.00949374   -0.00533731    0.08183596
   16.91666667   -0.00947526   -0.00526752    0.08127031
   17.00000000   -0.00945719   -0.00519103    0.08071138
   17.08333333   -0.00943954   -0.00511326    0.08015908
   17.16666667   -0.00942230   -0.00504055    0.07961331
   17.25000000   -0.00940544   -0.00497621    0.07907391
   17.33333333   -0.00938898   -0.00491835    0.07854079
   17.41666667   -0.00937290   -0.00486082    0.07801386
   17.50000000   -0.00935719   -0.00479693    0.07749298
   17.58333333   -0.00934185   -0.00472355    0.07697807
   17.66666667   -0.00932687   -0.00464320    0.07646902
   17.75000000   -0.00931224   -0.00456267    0.07596572
   17.83333333   -0.00929796   -0.00448892    0.07546808
   17.91666667   -0.00928401   -0.00442470    0.07497602
   18.00000000   -0.00927040   -0.00436659    0.07448942
   18.08333333   -0.00925712   -0.00430677    0.07400821
   18.16666667   -0.00924416   -0.00423765    0.07353230
   18.25000000   -0.00923151   -0.00415662    0.07306158
   18.33333333   -0.00921917   -0.00406794    0.07259599
   18.41666667   -0.00920714   -0.00398051    0.07213544
   18.50000000   -0.00919540   -0.00390252    0.07167984
   18.58333333   -0.00918396   -0.00383626    0.07122912
   18.66666667   -0.00917280   -0.00377609    0.07078320
   18.75000000   -0.00916192   -0.00371126    0.07034200
   18.83333333   -0.00915131   -0.00363224    0.06990544
   18.91666667   -0.00914098   -0.00353678    0.06947346
   19.00000000   -0.00913092   -0.00343216    0.06904598
   19.08333333   -0.00912111   -0.00333175    0.06862293
   19.16666667   -0.00911156   -0.00324735    0.06820426
   19.25000000   -0.00910226   -0.00318151    0.06778987
   19.33333333   -0.00909321   -0.00312464    0.06737970
   19.41666667   -0.00908440   -0.00305919    0.06697372
   19.50000000   -0.00907583   -0.00296975    0.06657182
   19.58333333   -0.00906749   -0.00285401    0.06617397
   19.66666667   -0.00905937   -0.00272881    0.06578010
   19.75000000   -0.00905149   -0.00262692    0.06539014
   19.83333333   -0.00904382   -0.00258517    0.06500405
   19.91666667   -0.00903637   -0.00262845    0.06462177
   20.00000000   -0.00902914   -0.00275699    0.06424322
