  -20.00000000   -0.04691810   -0.00061985   -0.08279531
  -19.91666667   -0.04706367   -0.00056241   -0.08303716
  -19.83333333   -0.04721077   -0.00050844   -0.08328090
  -19.75000000   -0.04735940   -0.00046108   -0.08352658
  -19.66666667   -0.04750959   -0.00042360   -0.08377422
  -19.58333333   -0.04766137   -0.00039815   -0.08402382
  -19.50000000   -0.04781476   -0.00038485   -0.08427544
  -19.41666667   -0.04796978   -0.00038160   -0.08452909
  -19.33333333   -0.04812645   -0.00038489   -0.08478478
  -19.25000000   -0.04828482   -0.00039118   -0.08504256
  -19.16666667   -0.04844489   -0.00039813   -0.08530243
  -19.08333333   -0.04860670   -0.00040516   -0.08556444
  -19.00000000   -0.04877027   -0.00041309   -0.08582860
  -18.91666667   -0.04893563   -0.00042315   -0.08609496
  -18.83333333   -0.04910281   -0.00043596   -0.08636351
  -18.75000000   -0.04927184   -0.00045108   -0.08663431
  -18.66666667   -0.04944274   -0.00046722   -0.08690738
  -18.58333333   -0.04961555   -0.00048298   -0.08718274
  -18.50000000   -0.04979030   -0.00049765   -0.08746044
  -18.41666667   -0.04996701   -0.00051145   -0.08774049
  -18.33333333   -0.05014573   -0.00052529   -0.08802292
  -18.25000000   -0.05032647   -0.00054008   -0.08830778
  -18.16666667   -0.05050929   -0.00055612   -0.08859509
  -18.08333333   -0.05069419   -0.00057294   -0.08888487
  -18.00000000   -0.05088124   -0.00058961   -0.08917718
  -17.91666667   -0.05107045   -0.00060534   -0.08947204
  -17.83333333   -0.05126186   -0.00061996   -0.08976947
  -17.75000000   -0.05145552   -0.00063395   -0.09006953
  -17.66666667   -0.05165146   -0.00064814   -0.09037224
  -17.58333333   -0.05184970   -0.00066312   -0.09067764
  -17.50000000   -0.05205031   -0.00067888   -0.09098576
  -17.41666667   -0.05225331   -0.00069485   -0.09129665
  -17.33333333   -0.05245874   -0.00071027   -0.09161034
  -17.25000000   -0.05266666   -0.00072469   -0.09192687
  -17.16666667   -0.05287709   -0.00073824   -0.09224629
  -17.08333333   -0.05309008   -0.00075155   -0.09256861
  -17.00000000   -0.05330568   -0.00076529   -0.09289391
  -16.91666667   -0.05352394   -0.00077977   -0.09322220
  -16.83333333   -0.05374489   -0.00079475   -0.09355354
  -16.75000000   -0.05396859   -0.00080959   -0.09388797
  -16.66666667   -0.05419509   -0.00082370   -0.09422554
  -16.58333333   -0.05442443   -0.00083691   -0.09456627
  -16.50000000   -0.05465666   -0.00084956   -0.09491024
  -16.41666667   -0.05489184   -0.00086230   -0.09525748
  -16.33333333   -0.05513002   -0.00087565   -0.09560803
  -16.25000000   -0.05537125   -0.00088965   -0.09596196
  -16.16666667   -0.05561560   -0.00090390   -0.09631930
  -16.08333333   -0.05586310   -0.00091776   -0.09668011
  -16.00000000   -0.05611384   -0.00093083   -0.09704444
  -15.91666667   -0.05636785   -0.00094315   -0.09741235
  -15.83333333   -0.05662521   -0.00095523   -0.09778388
  -15.75000000   -0.05688597   -0.00096767   -0.09815910
  -15.66666667   -0.05715020   -0.00098079   -0.09853805
  -15.58333333   -0.05741796   -0.00099445   -0.09892081
  -15.50000000   -0.05768933   -0.00100809   -0.09930741
  -15.41666667   -0.05796436   -0.00102117   -0.09969793
  -15.33333333   -0.05824313   -0.00103345   -0.10009243
  -15.25000000   -0.05852571   -0.00104521   -0.10049097
  -15.16666667   -0.05881217   -0.00105701   -0.10089360
  -15.08333333   -0.05910259   -0.00106938   -0.10130041
  -15.00000000   -0.05939704   -0.00108242   -0.10171145
  -14.91666667   -0.05969560   -0.00109581   -0.10212680
  -14.83333333   -0.05999836   -0.00110895   -0.10254651
  -14.75000000   -0.06030539   -0.00112139   -0.10297067
  -14.66666667   -0.06061678   -0.00113313   -0.10339935
  -14.58333333   -0.06093262   -0.00114457   -0.10383262
  -14.50000000   -0.06125300   -0.00115632   -0.10427055
  -14.41666667   -0.06157799   -0.00116875   -0.10471322
  -14.33333333   -0.06190771   -0.00118177   -0.10516073
  -14.25000000   -0.06224224   -0.00119491   -0.10561313
  -14.16666667   -0.06258168   -0.00120759   -0.10607053
  -14.08333333   -0.06292613   -0.00121952   -0.10653300
  -14.00000000   -0.06327570   -0.00123086   -0.10700063
  -13.91666667   -0.06363048   -0.00124217   -0.10747351
  -13.83333333   -0.06399060   -0.00125398   -0.10795174
  -13.75000000   -0.06435615   -0.00126651   -0.10843540
  -13.66666667   -0.06472726   -0.00127949   -0.10892459
  -13.58333333   -0.06510404   -0.00129233   -0.10941942
  -13.50000000   -0.06548660   -0.00130454   -0.10991997
  -13.41666667   -0.06587507   -0.00131599   -0.11042635
  -13.33333333   -0.06626959   -0.00132704   -0.11093868
  -13.25000000   -0.06667027   -0.00133829   -0.11145705
  -13.16666667   -0.06707725   -0.00135019   -0.11198158
  -13.08333333   -0.06749067   -0.00136276   -0.11251239
  -13.00000000   -0.06791066   -0.00137555   -0.11304959
  -12.91666667   -0.06833737   -0.00138797   -0.11359329
  -12.83333333   -0.06877095   -0.00139961   -0.11414363
  -12.75000000   -0.06921154   -0.00141056   -0.11470073
  -12.66666667   -0.06965931   -0.00142132   -0.11526471
  -12.58333333   -0.07011442   -0.00143248   -0.11583572
  -12.50000000   -0.07057701   -0.00144436   -0.11641388
  -12.41666667   -0.07104727   -0.00145677   -0.11699933
  -12.33333333   -0.07152537   -0.00146915   -0.11759224
  -12.25000000   -0.07201149   -0.00148090   -0.11819272
  -12.16666667   -0.07250579   -0.00149180   -0.11880095
  -12.08333333   -0.07300849   -0.00150212   -0.11941708
  -12.00000000   -0.07351976   -0.00151245   -0.12004126
  -11.91666667   -0.07403980   -0.00152335   -0.12067366
  -11.83333333   -0.07456883   -0.00153494   -0.12131446
  -11.75000000   -0.07510704   -0.00154684   -0.12196382
  -11.66666667   -0.07565464   -0.00155841   -0.12262193
  -11.58333333   -0.07621187   -0.00156914   -0.12328897
  -11.50000000   -0.07677895   -0.00157897   -0.12396512
  -11.41666667   -0.07735610   -0.00158837   -0.12465059
  -11.33333333   -0.07794358   -0.00159797   -0.12534559
  -11.25000000   -0.07854161   -0.00160822   -0.12605030
  -11.16666667   -0.07915047   -0.00161903   -0.12676495
  -11.08333333   -0.07977040   -0.00162986   -0.12748977
  -11.00000000   -0.08040168   -0.00164003   -0.12822497
  -10.91666667   -0.08104457   -0.00164915   -0.12897078
  -10.83333333   -0.08169937   -0.00165740   -0.12972747
  -10.75000000   -0.08236635   -0.00166535   -0.13049526
  -10.66666667   -0.08304582   -0.00167366   -0.13127442
  -10.58333333   -0.08373809   -0.00168258   -0.13206522
  -10.50000000   -0.08444346   -0.00169183   -0.13286792
  -10.41666667   -0.08516226   -0.00170070   -0.13368281
  -10.33333333   -0.08589483   -0.00170857   -0.13451020
  -10.25000000   -0.08664150   -0.00171522   -0.13535036
  -10.16666667   -0.08740263   -0.00172102   -0.13620362
  -10.08333333   -0.08817857   -0.00172666   -0.13707031
  -10.00000000   -0.08896970   -0.00173269   -0.13795075
   -9.91666667   -0.08977639   -0.00173918   -0.13884529
   -9.83333333   -0.09059905   -0.00174562   -0.13975430
   -9.75000000   -0.09143805   -0.00175121   -0.14067813
   -9.66666667   -0.09229382   -0.00175542   -0.14161718
   -9.58333333   -0.09316679   -0.00175825   -0.14257185
   -9.50000000   -0.09405737   -0.00176024   -0.14354253
   -9.41666667   -0.09496602   -0.00176211   -0.14452966
   -9.33333333   -0.09589320   -0.00176430   -0.14553371
   -9.25000000   -0.09683936   -0.00176659   -0.14655510
   -9.16666667   -0.09780498   -0.00176829   -0.14759432
   -9.08333333   -0.09879058   -0.00176859   -0.14865189
   -9.00000000   -0.09979663   -0.00176707   -0.14972829
   -8.91666667   -0.10082364   -0.00176396   -0.15082407
   -8.83333333   -0.10187217   -0.00175995   -0.15193981
   -8.75000000   -0.10294273   -0.00175575   -0.15307605
   -8.66666667   -0.10403587   -0.00175154   -0.15423342
   -8.58333333   -0.10515217   -0.00174687   -0.15541255
   -8.50000000   -0.10629218   -0.00174086   -0.15661407
   -8.41666667   -0.10745649   -0.00173273   -0.15783869
   -8.33333333   -0.10864571   -0.00172226   -0.15908711
   -8.25000000   -0.10986042   -0.00170988   -0.16036006
   -8.16666667   -0.11110124   -0.00169640   -0.16165833
   -8.08333333   -0.11236881   -0.00168237   -0.16298273
   -8.00000000   -0.11366375   -0.00166772   -0.16433409
   -7.91666667   -0.11498670   -0.00165171   -0.16571330
   -7.83333333   -0.11633830   -0.00163333   -0.16712128
   -7.75000000   -0.11771923   -0.00161188   -0.16855901
   -7.66666667   -0.11913012   -0.00158737   -0.17002750
   -7.58333333   -0.12057164   -0.00156042   -0.17152778
   -7.50000000   -0.12204445   -0.00153182   -0.17306101
   -7.41666667   -0.12354922   -0.00150193   -0.17462832
   -7.33333333   -0.12508659   -0.00147033   -0.17623094
   -7.25000000   -0.12665723   -0.00143598   -0.17787016
   -7.16666667   -0.12826178   -0.00139781   -0.17954734
   -7.08333333   -0.12990085   -0.00135524   -0.18126388
   -7.00000000   -0.13157509   -0.00130850   -0.18302130
   -6.91666667   -0.13328509   -0.00125834   -0.18482116
   -6.83333333   -0.13503140   -0.00120545   -0.18666511
   -6.75000000   -0.13681460   -0.00114983   -0.18855492
   -6.66666667   -0.13863519   -0.00109068   -0.19049244
   -6.58333333   -0.14049363   -0.00102666   -0.19247959
   -6.50000000   -0.14239037   -0.00095665   -0.19451847
   -6.41666667   -0.14432575   -0.00088024   -0.19661125
   -6.33333333   -0.14630009   -0.00079784   -0.19876023
   -6.25000000   -0.14831363   -0.00071021   -0.20096788
   -6.16666667   -0.15036652   -0.00061778   -0.20323679
   -6.08333333   -0.15245880   -0.00052009   -0.20556971
   -6.00000000   -0.15459044   -0.00041582   -0.20796958
   -5.91666667   -0.15676126   -0.00030336   -0.21043952
   -5.83333333   -0.15897094   -0.00018155   -0.21298282
   -5.75000000   -0.16121904   -0.00005009   -0.21560305
   -5.66666667   -0.16350492    0.00009050   -0.21830397
   -5.58333333   -0.16582776    0.00023962   -0.22108959
   -5.50000000   -0.16818653    0.00039735   -0.22396423
   -5.41666667   -0.17057996    0.00056478   -0.22693248
   -5.33333333   -0.17300650    0.00074385   -0.22999924
   -5.25000000   -0.17546437    0.00093653   -0.23316983
   -5.16666667   -0.17795140    0.00114408   -0.23644989
   -5.08333333   -0.18046509    0.00136674   -0.23984548
   -5.00000000   -0.18300259    0.00160413   -0.24336317
   -4.91666667   -0.18556058    0.00185611   -0.24700997
   -4.83333333   -0.18813527    0.00212355   -0.25079341
   -4.75000000   -0.19072240    0.00240849   -0.25472171
   -4.66666667   -0.19331712    0.00271369   -0.25880362
   -4.58333333   -0.19591397    0.00304165   -0.26304860
   -4.50000000   -0.19850685    0.00339387   -0.26746695
   -4.41666667   -0.20108891    0.00377082   -0.27206971
   -4.33333333   -0.20365254    0.00417262   -0.27686877
   -4.25000000   -0.20618930    0.00460008   -0.28187710
   -4.16666667   -0.20868980    0.00505536   -0.28710857
   -4.08333333   -0.21114367    0.00554193   -0.29257816
   -4.00000000   -0.21353954    0.00606376   -0.29830205
   -3.91666667   -0.21586482    0.00662420   -0.30429751
   -3.83333333   -0.21810577    0.00722538   -0.31058306
   -3.75000000   -0.22024731    0.00786850   -0.31717830
   -3.66666667   -0.22227298    0.00855486   -0.32410393
   -3.58333333   -0.22416484    0.00928696   -0.33138148
   -3.50000000   -0.22590337    0.01006911   -0.33903286
   -3.41666667   -0.22746740    0.01090692   -0.34707988
   -3.33333333   -0.22883400    0.01180619   -0.35554318
   -3.25000000   -0.22997835    0.01277171   -0.36444057
   -3.16666667   -0.23087371    0.01380688   -0.37378481
   -3.08333333   -0.23149129    0.01491441   -0.38357982
   -3.00000000   -0.23180017    0.01609768   -0.39381494
   -2.91666667   -0.23176722    0.01736197   -0.40445633
   -2.83333333   -0.23135704    0.01871469   -0.41543355
   -2.75000000   -0.23053191    0.02016443   -0.42661856
   -2.66666667   -0.22925177    0.02171937   -0.43779347
   -2.58333333   -0.22747425    0.02338608   -0.44859939
   -2.50000000   -0.22515471    0.02516944   -0.45845556
   -2.41666667   -0.22224643    0.02707387   -0.46643137
   -2.33333333   -0.21870077    0.02910502   -0.47104294
   -2.25000000   -0.21446763    0.03127090   -0.46993468
   -2.16666667   -0.20949587    0.03358147   -0.45939657
   -2.08333333   -0.20373410    0.03604692   -0.43368837
   -2.00000000   -0.19713172    0.03867540   -0.38427290
   -1.91666667   -0.18964012    0.04147171   -0.29949222
   -1.83333333   -0.18121454    0.04443760   -0.16625544
   -1.75000000   -0.17181611    0.04757352    0.02334831
   -1.66666667   -0.16141466    0.05088050    0.25903992
   -1.58333333   -0.14999188    0.05436070    0.50184607
   -1.50000000   -0.13754510    0.05801577    0.69648260
   -1.41666667   -0.12409156    0.06184340    0.80625567
   -1.33333333   -0.10967293    0.06583400    0.83255439
   -1.25000000   -0.09435983    0.06996902    0.80092690
   -1.16666667   -0.07825600    0.07422195    0.73894165
   -1.08333333   -0.06150149    0.07856117    0.66588385
   -1.00000000   -0.04427401    0.08295244    0.59247508
   -0.91666667   -0.02678824    0.08735880    0.52370654
   -0.83333333   -0.00929178    0.09173703    0.46139424
   -0.75000000    0.00794211    0.09603209    0.40579037
   -0.66666667    0.02462537    0.10017270    0.35645941
   -0.58333333    0.04046880    0.10407168    0.31271745
   -0.50000000    0.05519767    0.10763275    0.27383818
   -0.41666667    0.06856764    0.11076250    0.23914121
   -0.33333333    0.08037904    0.11338355    0.20802413
   -0.25000000    0.09048799    0.11544366    0.17996818
   -0.16666667    0.09881287    0.11691723    0.15453295
   -0.08333333    0.10533558    0.11779875    0.13134700
    0.00000000    0.11009782    0.11809175    0.11009782
    0.08333333    0.11319305    0.11779875    0.09052252
    0.16666667    0.11475573    0.11691723    0.07239960
    0.25000000    0.11494913    0.11544366    0.05554209
    0.33333333    0.11395326    0.11338355    0.03979181
    0.41666667    0.11195393    0.11076250    0.02501472
    0.50000000    0.10913365    0.10763275    0.01109708
    0.58333333    0.10566482    0.10407168   -0.00205762
    0.66666667    0.10170492    0.10017270   -0.01453112
    0.75000000    0.09739388    0.09603209   -0.02639239
    0.83333333    0.09285281    0.09173703   -0.03769919
    0.91666667    0.08818421    0.08735880   -0.04849932
    1.00000000    0.08347282    0.08295244   -0.05883144
    1.08333333    0.07878719    0.07856117   -0.06872590
    1.16666667    0.07418143    0.07422195   -0.07820504
    1.25000000    0.06969709    0.06996902   -0.08728355
    1.33333333    0.06536506    0.06583400   -0.09596845
    1.41666667    0.06120727    0.06184340   -0.10425902
    1.50000000    0.05723831    0.05801577   -0.11214656
    1.58333333    0.05346679    0.05436070   -0.11961389
    1.66666667    0.04989661    0.05088050   -0.12663483
    1.75000000    0.04652789    0.04757352   -0.13317347
    1.83333333    0.04335794    0.04443760   -0.13918331
    1.91666667    0.04038188    0.04147171   -0.14460630
    2.00000000    0.03759326    0.03867540   -0.14937188
    2.08333333    0.03498456    0.03604692   -0.15339582
    2.16666667    0.03254751    0.03358147   -0.15657936
    2.25000000    0.03027341    0.03127090   -0.15880825
    2.33333333    0.02815338    0.02910502   -0.15995235
    2.41666667    0.02617849    0.02707387   -0.15986554
    2.50000000    0.02433998    0.02516944   -0.15838653
    2.58333333    0.02262925    0.02338608   -0.15534069
    2.66666667    0.02103801    0.02171937   -0.15054328
    2.75000000    0.01955834    0.02016443   -0.14380470
    2.83333333    0.01818265    0.01871469   -0.13493766
    2.91666667    0.01690376    0.01736197   -0.12376702
    3.00000000    0.01571488    0.01609768   -0.11014232
    3.08333333    0.01460962    0.01491441   -0.09395236
    3.16666667    0.01358199    0.01380688   -0.07514163
    3.25000000    0.01262638    0.01277171   -0.05372735
    3.33333333    0.01173754    0.01180619   -0.02981454
    3.41666667    0.01091059    0.01090692   -0.00360776
    3.50000000    0.01014097    0.01006911    0.02458327
    3.58333333    0.00942444    0.00928696    0.05434738
    3.66666667    0.00875708    0.00855486    0.08518471
    3.75000000    0.00813523    0.00786850    0.11652930
    3.83333333    0.00755550    0.00722538    0.14778046
    3.91666667    0.00701475    0.00662420    0.17833813
    4.00000000    0.00651009    0.00606376    0.20763853
    4.08333333    0.00603881    0.00554193    0.23518663
    4.16666667    0.00559842    0.00505536    0.26057959
    4.25000000    0.00518662    0.00460008    0.28352178
    4.33333333    0.00480128    0.00417262    0.30382778
    4.41666667    0.00444042    0.00377082    0.32141744
    4.50000000    0.00410222    0.00339387    0.33630391
    4.58333333    0.00378498    0.00304165    0.34857637
    4.66666667    0.00348716    0.00271369    0.35838208
    4.75000000    0.00320731    0.00240849    0.36590854
    4.83333333    0.00294410    0.00212355    0.37136700
    4.91666667    0.00269629    0.00185611    0.37497918
    5.00000000    0.00246274    0.00160413    0.37696669
    5.08333333    0.00224241    0.00136674    0.37754316
    5.16666667    0.00203432    0.00114408    0.37690912
    5.25000000    0.00183756    0.00093653    0.37524872
    5.33333333    0.00165130    0.00074385    0.37272825
    5.41666667    0.00147478    0.00056478    0.36949574
    5.50000000    0.00130728    0.00039735    0.36568135
    5.58333333    0.00114814    0.00023962    0.36139852
    5.66666667    0.00099675    0.00009050    0.35674522
    5.75000000    0.00085254   -0.00005009    0.35180532
    5.83333333    0.00071500   -0.00018155    0.34665033
    5.91666667    0.00058364   -0.00030336    0.34134074
    6.00000000    0.00045802   -0.00041582    0.33592735
    6.08333333    0.00033771   -0.00052009    0.33045270
    6.16666667    0.00022234   -0.00061778    0.32495219
    6.25000000    0.00011155   -0.00071021    0.31945494
    6.33333333    0.00000501   -0.00079784    0.31398495
    6.41666667   -0.00009757   -0.00088024    0.30856174
    6.50000000   -0.00019650   -0.00095665    0.30320096
    6.58333333   -0.00029202   -0.00102666    0.29791517
    6.66666667   -0.00038437   -0.00109068    0.29271425
    6.75000000   -0.00047379   -0.00114983    0.28760574
    6.83333333   -0.00056048   -0.00120545    0.28259536
    6.91666667   -0.00064462   -0.00125834    0.27768728
    7.00000000   -0.00072641   -0.00130850    0.27288429
    7.08333333   -0.00080600   -0.00135524    0.26818815
    7.16666667   -0.00088355   -0.00139781    0.26359975
    7.25000000   -0.00095920   -0.00143598    0.25911916
    7.33333333   -0.00103308   -0.00147033    0.25474592
    7.41666667   -0.00110532   -0.00150193    0.25047911
    7.50000000   -0.00117601   -0.00153182    0.24631732
    7.58333333   -0.00124529   -0.00156042    0.24225892
    7.66666667   -0.00131322   -0.00158737    0.23830203
    7.75000000   -0.00137992   -0.00161188    0.23444453
    7.83333333   -0.00144545   -0.00163333    0.23068420
    7.91666667   -0.00150991   -0.00165171    0.22701875
    8.00000000   -0.00157335   -0.00166772    0.22344573
    8.08333333   -0.00163585   -0.00168237    0.21996274
    8.16666667   -0.00169746   -0.00169640    0.21656728
    8.25000000   -0.00175825   -0.00170988    0.21325697
    8.33333333   -0.00181827   -0.00172226    0.21002931
    8.41666667   -0.00187756   -0.00173273    0.20688186
    8.50000000   -0.00193617   -0.00174086    0.20381230
    8.58333333   -0.00199414   -0.00174687    0.20081825
    8.66666667   -0.00205152   -0.00175154    0.19789739
    8.75000000   -0.00210833   -0.00175575    0.19504753
    8.83333333   -0.00216461   -0.00175995    0.19226646
    8.91666667   -0.00222039   -0.00176396    0.18955201
    9.00000000   -0.00227570   -0.00176707    0.18690219
    9.08333333   -0.00233056   -0.00176859    0.18431495
    9.16666667   -0.00238500   -0.00176829    0.18178831
    9.25000000   -0.00243905   -0.00176659    0.17932044
    9.33333333   -0.00249271   -0.00176430    0.17690950
    9.41666667   -0.00254602   -0.00176211    0.17455368
    9.50000000   -0.00259898   -0.00176024    0.17225134
    9.58333333   -0.00265162   -0.00175825    0.17000080
    9.66666667   -0.00270395   -0.00175542    0.16780043
    9.75000000   -0.00275599   -0.00175121    0.16564875
    9.83333333   -0.00280774   -0.00174562    0.16354426
    9.91666667   -0.00285922   -0.00173918    0.16148549
   10.00000000   -0.00291043   -0.00173269    0.15947111
   10.08333333   -0.00296140   -0.00172666    0.15749976
   10.16666667   -0.00301212   -0.00172102    0.15557013
   10.25000000   -0.00306261   -0.00171522    0.15368102
   10.33333333   -0.00311287   -0.00170857    0.15183123
   10.41666667   -0.00316291   -0.00170070    0.15001956
   10.50000000   -0.00321274   -0.00169183    0.14824495
   10.58333333   -0.00326236   -0.00168258    0.14650630
   10.66666667   -0.00331178   -0.00167366    0.14480256
   10.75000000   -0.00336101   -0.00166535    0.14313276
   10.83333333   -0.00341004   -0.00165740    0.14149593
   10.91666667   -0.00345888   -0.00164915    0.13989111
   11.00000000   -0.00350754   -0.00164003    0.13831743
   11.08333333   -0.00355601   -0.00162986    0.13677402
   11.16666667   -0.00360431   -0.00161903    0.13526002
   11.25000000   -0.00365243   -0.00160822    0.13377465
   11.33333333   -0.00370038   -0.00159797    0.13231712
   11.41666667   -0.00374816   -0.00158837    0.13088666
   11.50000000   -0.00379576   -0.00157897    0.12948257
   11.58333333   -0.00384320   -0.00156914    0.12810413
   11.66666667   -0.00389048   -0.00155841    0.12675065
   11.75000000   -0.00393759   -0.00154684    0.12542150
   11.83333333   -0.00398454   -0.00153494    0.12411602
   11.91666667   -0.00403132   -0.00152335    0.12283360
   12.00000000   -0.00407795   -0.00151245    0.12157366
   12.08333333   -0.00412441   -0.00150212    0.12033562
   12.16666667   -0.00417072   -0.00149180    0.11911891
   12.25000000   -0.00421687   -0.00148090    0.11792302
   12.33333333   -0.00426285   -0.00146915    0.11674741
   12.41666667   -0.00430869   -0.00145677    0.11559156
   12.50000000   -0.00435436   -0.00144436    0.11445502
   12.58333333   -0.00439988   -0.00143248    0.11333731
   12.66666667   -0.00444524   -0.00142132    0.11223794
   12.75000000   -0.00449044   -0.00141056    0.11115651
   12.83333333   -0.00453549   -0.00139961    0.11009256
   12.91666667   -0.00458038   -0.00138797    0.10904568
   13.00000000   -0.00462512   -0.00137555    0.10801549
   13.08333333   -0.00466970   -0.00136276    0.10700157
   13.16666667   -0.00471412   -0.00135019    0.10600355
   13.25000000   -0.00475839   -0.00133829    0.10502107
   13.33333333   -0.00480250   -0.00132704    0.10405377
   13.41666667   -0.00484646   -0.00131599    0.10310129
   13.50000000   -0.00489026   -0.00130454    0.10216332
   13.58333333   -0.00493390   -0.00129233    0.10123952
   13.66666667   -0.00497739   -0.00127949    0.10032956
   13.75000000   -0.00502073   -0.00126651    0.09943316
   13.83333333   -0.00506390   -0.00125398    0.09855001
   13.91666667   -0.00510692   -0.00124217    0.09767981
   14.00000000   -0.00514979   -0.00123086    0.09682229
   14.08333333   -0.00519250   -0.00121952    0.09597718
   14.16666667   -0.00523505   -0.00120759    0.09514420
   14.25000000   -0.00527744   -0.00119491    0.09432312
   14.33333333   -0.00531968   -0.00118177    0.09351365
   14.41666667   -0.00536176   -0.00116875    0.09271557
   14.50000000   -0.00540369   -0.00115632    0.09192864
   14.58333333   -0.00544545   -0.00114457    0.09115263
   14.66666667   -0.00548707   -0.00113313    0.09038730
   14.75000000   -0.00552852   -0.00112139    0.08963245
   14.83333333   -0.00556982   -0.00110895    0.08888787
   14.91666667   -0.00561096   -0.00109581    0.08815333
   15.00000000   -0.00565194   -0.00108242    0.08742864
   15.08333333   -0.00569277   -0.00106938    0.08671362
   15.16666667   -0.00573344   -0.00105701    0.08600805
   15.25000000   -0.00577396   -0.00104521    0.08531176
   15.33333333   -0.00581432   -0.00103345    0.08462457
   15.41666667   -0.00585452   -0.00102117    0.08394629
   15.50000000   -0.00589456   -0.00100809    0.08327677
   15.58333333   -0.00593445   -0.00099445    0.08261583
   15.66666667   -0.00597418   -0.00098079    0.08196329
   15.75000000   -0.00601376   -0.00096767    0.08131902
   15.83333333   -0.00605318   -0.00095523    0.08068285
   15.91666667   -0.00609245   -0.00094315    0.08005462
   16.00000000   -0.00613155   -0.00093083    0.07943420
   16.08333333   -0.00617051   -0.00091776    0.07882143
   16.16666667   -0.00620931   -0.00090390    0.07821619
   16.25000000   -0.00624795   -0.00088965    0.07761831
   16.33333333   -0.00628644   -0.00087565    0.07702768
   16.41666667   -0.00632477   -0.00086230    0.07644417
   16.50000000   -0.00636295   -0.00084956    0.07586763
   16.58333333   -0.00640098   -0.00083691    0.07529796
   16.66666667   -0.00643885   -0.00082370    0.07473504
   16.75000000   -0.00647657   -0.00080959    0.07417873
   16.83333333   -0.00651413   -0.00079475    0.07362892
   16.91666667   -0.00655154   -0.00077977    0.07308551
   17.00000000   -0.00658880   -0.00076529    0.07254837
   17.08333333   -0.00662591   -0.00075155    0.07201740
   17.16666667   -0.00666286   -0.00073824    0.07149251
   17.25000000   -0.00669966   -0.00072469    0.07097357
   17.33333333   -0.00673631   -0.00071027    0.07046049
   17.41666667   -0.00677281   -0.00069485    0.06995319
   17.50000000   -0.00680916   -0.00067888    0.06945154
   17.58333333   -0.00684536   -0.00066312    0.06895545
   17.66666667   -0.00688141   -0.00064814    0.06846486
   17.75000000   -0.00691731   -0.00063395    0.06797965
   17.83333333   -0.00695306   -0.00061996    0.06749973
   17.91666667   -0.00698866   -0.00060534    0.06702504
   18.00000000   -0.00702412   -0.00058961    0.06655547
   18.08333333   -0.00705942   -0.00057294    0.06609094
   18.16666667   -0.00709458   -0.00055612    0.06563139
   18.25000000   -0.00712959   -0.00054008    0.06517672
   18.33333333   -0.00716446   -0.00052529    0.06472685
   18.41666667   -0.00719918   -0.00051145    0.06428172
   18.50000000   -0.00723375   -0.00049765    0.06384124
   18.58333333   -0.00726818   -0.00048298    0.06340534
   18.66666667   -0.00730246   -0.00046722    0.06297397
   18.75000000   -0.00733660   -0.00045108    0.06254703
   18.83333333   -0.00737059   -0.00043596    0.06212447
   18.91666667   -0.00740445   -0.00042315    0.06170622
   19.00000000   -0.00743815   -0.00041309    0.06129221
   19.08333333   -0.00747172   -0.00040516    0.06088237
   19.16666667   -0.00750515   -0.00039813    0.06047666
   19.25000000   -0.00753843   -0.00039118    0.06007499
   19.33333333   -0.00757157   -0.00038489    0.05967731
   19.41666667   -0.00760458   -0.00038160    0.05928358
   19.50000000   -0.00763744   -0.00038485    0.05889371
   19.58333333   -0.00767017   -0.00039815    0.05850765
   19.66666667   -0.00770275   -0.00042360    0.05812537
   19.75000000   -0.00773520   -0.00046108    0.05774679
   19.83333333   -0.00776751   -0.00050844    0.05737186
   19.91666667   -0.00779968   -0.00056241    0.05700054
   20.00000000   -0.00783172   -0.00061985    0.05663275
