  -20.00000000   -0.03445527   -0.00276838   -0.07341125
  -19.91666667   -0.03458311   -0.00263976   -0.07363817
  -19.83333333   -0.03471235   -0.00259660   -0.07386684
  -19.75000000   -0.03484302   -0.00263861   -0.07409728
  -19.66666667   -0.03497514   -0.00274077   -0.07432951
  -19.58333333   -0.03510872   -0.00286616   -0.07456355
  -19.50000000   -0.03524381   -0.00298200   -0.07479943
  -19.41666667   -0.03538041   -0.00307155   -0.07503716
  -19.33333333   -0.03551856   -0.00313719   -0.07527677
  -19.25000000   -0.03565827   -0.00319443   -0.07551828
  -19.16666667   -0.03579958   -0.00326075   -0.07576172
  -19.08333333   -0.03594249   -0.00334565   -0.07600710
  -19.00000000   -0.03608706   -0.00344645   -0.07625445
  -18.91666667   -0.03623329   -0.00355130   -0.07650380
  -18.83333333   -0.03638121   -0.00364689   -0.07675517
  -18.75000000   -0.03653086   -0.00372604   -0.07700859
  -18.66666667   -0.03668226   -0.00379112   -0.07726407
  -18.58333333   -0.03683544   -0.00385171   -0.07752165
  -18.50000000   -0.03699043   -0.00391847   -0.07778136
  -18.41666667   -0.03714726   -0.00399692   -0.07804321
  -18.33333333   -0.03730595   -0.00408468   -0.07830724
  -18.25000000   -0.03746655   -0.00417353   -0.07857348
  -18.16666667   -0.03762907   -0.00425465   -0.07884195
  -18.08333333   -0.03779356   -0.00432390   -0.07911267
  -18.00000000   -0.03796005   -0.00438401   -0.07938569
  -17.91666667   -0.03812857   -0.00444257   -0.07966104
  -17.83333333   -0.03829915   -0.00450728   -0.07993872
  -17.75000000   -0.03847183   -0.00458145   -0.08021880
  -17.66666667   -0.03864665   -0.00466224   -0.08050128
  -17.58333333   -0.03882363   -0.00474270   -0.08078621
  -17.50000000   -0.03900283   -0.00481615   -0.08107362
  -17.41666667   -0.03918428   -0.00488022   -0.08136354
  -17.33333333   -0.03936801   -0.00493809   -0.08165599
  -17.25000000   -0.03955407   -0.00499643   -0.08195103
  -17.16666667   -0.03974250   -0.00506125   -0.08224869
  -17.08333333   -0.03993334   -0.00513433   -0.08254898
  -17.00000000   -0.04012663   -0.00521230   -0.08285197
  -16.91666667   -0.04032241   -0.00528886   -0.08315767
  -16.83333333   -0.04052074   -0.00535874   -0.08346613
  -16.75000000   -0.04072165   -0.00542087   -0.08377740
  -16.66666667   -0.04092519   -0.00547893   -0.08409150
  -16.58333333   -0.04113141   -0.00553905   -0.08440846
  -16.50000000   -0.04134036   -0.00560600   -0.08472836
  -16.41666667   -0.04155208   -0.00568033   -0.08505121
  -16.33333333   -0.04176663   -0.00575815   -0.08537705
  -16.25000000   -0.04198407   -0.00583361   -0.08570594
  -16.16666667   -0.04220444   -0.00590256   -0.08603792
  -16.08333333   -0.04242779   -0.00596504   -0.08637302
  -16.00000000   -0.04265420   -0.00602525   -0.08671131
  -15.91666667   -0.04288370   -0.00608887   -0.08705281
  -15.83333333   -0.04311636   -0.00615961   -0.08739759
  -15.75000000   -0.04335224   -0.00623692   -0.08774568
  -15.66666667   -0.04359139   -0.00631643   -0.08809714
  -15.58333333   -0.04383390   -0.00639270   -0.08845203
  -15.50000000   -0.04407980   -0.00646262   -0.08881037
  -15.41666667   -0.04432918   -0.00652727   -0.08917224
  -15.33333333   -0.04458210   -0.00659130   -0.08953769
  -15.25000000   -0.04483862   -0.00665994   -0.08990676
  -15.16666667   -0.04509882   -0.00673587   -0.09027952
  -15.08333333   -0.04536277   -0.00681751   -0.09065602
  -15.00000000   -0.04563054   -0.00690009   -0.09103632
  -14.91666667   -0.04590221   -0.00697865   -0.09142048
  -14.83333333   -0.04617786   -0.00705110   -0.09180856
  -14.75000000   -0.04645756   -0.00711953   -0.09220062
  -14.66666667   -0.04674140   -0.00718891   -0.09259673
  -14.58333333   -0.04702946   -0.00726398   -0.09299694
  -14.50000000   -0.04732182   -0.00734634   -0.09340133
  -14.41666667   -0.04761857   -0.00743345   -0.09380996
  -14.33333333   -0.04791981   -0.00752026   -0.09422290
  -14.25000000   -0.04822561   -0.00760238   -0.09464023
  -14.16666667   -0.04853608   -0.00767879   -0.09506200
  -14.08333333   -0.04885132   -0.00775253   -0.09548831
  -14.00000000   -0.04917142   -0.00782878   -0.09591922
  -13.91666667   -0.04949648   -0.00791163   -0.09635480
  -13.83333333   -0.04982660   -0.00800157   -0.09679515
  -13.75000000   -0.05016190   -0.00809517   -0.09724034
  -13.66666667   -0.05050248   -0.00818726   -0.09769044
  -13.58333333   -0.05084846   -0.00827415   -0.09814556
  -13.50000000   -0.05119995   -0.00835596   -0.09860577
  -13.41666667   -0.05155706   -0.00843658   -0.09907115
  -13.33333333   -0.05191992   -0.00852122   -0.09954182
  -13.25000000   -0.05228865   -0.00861319   -0.10001784
  -13.16666667   -0.05266338   -0.00871183   -0.10049933
  -13.08333333   -0.05304424   -0.00881291   -0.10098637
  -13.00000000   -0.05343137   -0.00891132   -0.10147907
  -12.91666667   -0.05382489   -0.00900425   -0.10197753
  -12.83333333   -0.05422496   -0.00909297   -0.10248186
  -12.75000000   -0.05463171   -0.00918211   -0.10299216
  -12.66666667   -0.05504530   -0.00927673   -0.10350854
  -12.58333333   -0.05546588   -0.00937918   -0.10403112
  -12.50000000   -0.05589360   -0.00948763   -0.10456001
  -12.41666667   -0.05632863   -0.00959719   -0.10509533
  -12.33333333   -0.05677113   -0.00970303   -0.10563721
  -12.25000000   -0.05722126   -0.00980336   -0.10618576
  -12.16666667   -0.05767922   -0.00990066   -0.10674111
  -12.08333333   -0.05814517   -0.01000010   -0.10730342
  -12.00000000   -0.05861929   -0.01010636   -0.10787279
  -11.91666667   -0.05910177   -0.01022067   -0.10844938
  -11.83333333   -0.05959283   -0.01034005   -0.10903333
  -11.75000000   -0.06009263   -0.01045915   -0.10962477
  -11.66666667   -0.06060140   -0.01057363   -0.11022388
  -11.58333333   -0.06111934   -0.01068292   -0.11083080
  -11.50000000   -0.06164667   -0.01079061   -0.11144569
  -11.41666667   -0.06218361   -0.01090225   -0.11206871
  -11.33333333   -0.06273039   -0.01102188   -0.11270005
  -11.25000000   -0.06328723   -0.01114946   -0.11333986
  -11.16666667   -0.06385438   -0.01128094   -0.11398833
  -11.08333333   -0.06443210   -0.01141071   -0.11464564
  -11.00000000   -0.06502063   -0.01153522   -0.11531198
  -10.91666667   -0.06562022   -0.01165520   -0.11598755
  -10.83333333   -0.06623116   -0.01177529   -0.11667256
  -10.75000000   -0.06685371   -0.01190116   -0.11736720
  -10.66666667   -0.06748815   -0.01203592   -0.11807168
  -10.58333333   -0.06813478   -0.01217821   -0.11878625
  -10.50000000   -0.06879389   -0.01232298   -0.11951111
  -10.41666667   -0.06946579   -0.01246467   -0.12024651
  -10.33333333   -0.07015080   -0.01260075   -0.12099268
  -10.25000000   -0.07084923   -0.01273335   -0.12174988
  -10.16666667   -0.07156141   -0.01286800   -0.12251836
  -10.08333333   -0.07228769   -0.01301018   -0.12329840
  -10.00000000   -0.07302841   -0.01316186   -0.12409026
   -9.91666667   -0.07378394   -0.01332027   -0.12489424
   -9.83333333   -0.07455464   -0.01347954   -0.12571062
   -9.75000000   -0.07534088   -0.01363447   -0.12653971
   -9.66666667   -0.07614306   -0.01378380   -0.12738182
   -9.58333333   -0.07696157   -0.01393108   -0.12823729
   -9.50000000   -0.07779682   -0.01408252   -0.12910645
   -9.41666667   -0.07864922   -0.01424309   -0.12998963
   -9.33333333   -0.07951921   -0.01441338   -0.13088723
   -9.25000000   -0.08040721   -0.01458918   -0.13179959
   -9.16666667   -0.08131368   -0.01476409   -0.13272711
   -9.08333333   -0.08223910   -0.01493357   -0.13367021
   -9.00000000   -0.08318390   -0.01509786   -0.13462928
   -8.91666667   -0.08414858   -0.01526188   -0.13560477
   -8.83333333   -0.08513365   -0.01543226   -0.13659714
   -8.75000000   -0.08613959   -0.01561310   -0.13760683
   -8.66666667   -0.08716691   -0.01580339   -0.13863434
   -8.58333333   -0.08821616   -0.01599756   -0.13968019
   -8.50000000   -0.08928785   -0.01618897   -0.14074488
   -8.41666667   -0.09038254   -0.01637409   -0.14182898
   -8.33333333   -0.09150079   -0.01655482   -0.14293305
   -8.25000000   -0.09264315   -0.01673738   -0.14405768
   -8.16666667   -0.09381021   -0.01692843   -0.14520348
   -8.08333333   -0.09500255   -0.01713087   -0.14637112
   -8.00000000   -0.09622076   -0.01734189   -0.14756125
   -7.91666667   -0.09746545   -0.01755471   -0.14877459
   -7.83333333   -0.09873721   -0.01776279   -0.15001184
   -7.75000000   -0.10003668   -0.01796397   -0.15127380
   -7.66666667   -0.10136448   -0.01816195   -0.15256126
   -7.58333333   -0.10272120   -0.01836401   -0.15387505
   -7.50000000   -0.10410751   -0.01857647   -0.15521605
   -7.41666667   -0.10552403   -0.01880059   -0.15658517
   -7.33333333   -0.10697136   -0.01903171   -0.15798338
   -7.25000000   -0.10845017   -0.01926201   -0.15941168
   -7.16666667   -0.10996106   -0.01948544   -0.16087114
   -7.08333333   -0.11150465   -0.01970156   -0.16236285
   -7.00000000   -0.11308155   -0.01991591   -0.16388800
   -6.91666667   -0.11469236   -0.02013654   -0.16544781
   -6.83333333   -0.11633766   -0.02036894   -0.16704354
   -6.75000000   -0.11801801   -0.02061238   -0.16867659
   -6.66666667   -0.11973396   -0.02086021   -0.17034837
   -6.58333333   -0.12148601   -0.02110388   -0.17206039
   -6.50000000   -0.12327465   -0.02133828   -0.17381425
   -6.41666667   -0.12510033   -0.02156496   -0.17561163
   -6.33333333   -0.12696342   -0.02179124   -0.17745430
   -6.25000000   -0.12886431   -0.02202556   -0.17934416
   -6.16666667   -0.13080326   -0.02227199   -0.18128320
   -6.08333333   -0.13278050   -0.02252741   -0.18327352
   -6.00000000   -0.13479620   -0.02278317   -0.18531738
   -5.91666667   -0.13685042   -0.02303031   -0.18741717
   -5.83333333   -0.13894311   -0.02326506   -0.18957539
   -5.75000000   -0.14107418   -0.02349123   -0.19179477
   -5.66666667   -0.14324334   -0.02371773   -0.19407818
   -5.58333333   -0.14545021   -0.02395281   -0.19642867
   -5.50000000   -0.14769428   -0.02419847   -0.19884954
   -5.41666667   -0.14997484   -0.02444874   -0.20134428
   -5.33333333   -0.15229100   -0.02469295   -0.20391662
   -5.25000000   -0.15464171   -0.02492203   -0.20657062
   -5.16666667   -0.15702565   -0.02513400   -0.20931058
   -5.08333333   -0.15944126   -0.02533501   -0.21214112
   -5.00000000   -0.16188677   -0.02553522   -0.21506726
   -4.91666667   -0.16436004   -0.02574187   -0.21809437
   -4.83333333   -0.16685863   -0.02595403   -0.22122824
   -4.75000000   -0.16937979   -0.02616231   -0.22447520
   -4.66666667   -0.17192032   -0.02635388   -0.22784202
   -4.58333333   -0.17447662   -0.02651988   -0.23133607
   -4.50000000   -0.17704465   -0.02666036   -0.23496541
   -4.41666667   -0.17961984   -0.02678373   -0.23873873
   -4.33333333   -0.18219705   -0.02690065   -0.24266554
   -4.25000000   -0.18477062   -0.02701621   -0.24675626
   -4.16666667   -0.18733416   -0.02712529   -0.25102225
   -4.08333333   -0.18988059   -0.02721414   -0.25547595
   -4.00000000   -0.19240212   -0.02726741   -0.26013111
   -3.91666667   -0.19489006   -0.02727641   -0.26500277
   -3.83333333   -0.19733486   -0.02724322   -0.27010757
   -3.75000000   -0.19972595   -0.02717790   -0.27546387
   -3.66666667   -0.20205173   -0.02709028   -0.28109203
   -3.58333333   -0.20429942   -0.02698136   -0.28701464
   -3.50000000   -0.20645498   -0.02683969   -0.29325674
   -3.41666667   -0.20850300   -0.02664539   -0.29984629
   -3.33333333   -0.21042657   -0.02637949   -0.30681445
   -3.25000000   -0.21220712   -0.02603274   -0.31419596
   -3.16666667   -0.21382433   -0.02560837   -0.32202969
   -3.08333333   -0.21525589   -0.02511651   -0.33035910
   -3.00000000   -0.21647732   -0.02456348   -0.33923262
   -2.91666667   -0.21746178   -0.02394251   -0.34870432
   -2.83333333   -0.21817982   -0.02323182   -0.35883420
   -2.75000000   -0.21859908   -0.02240175   -0.36968828
   -2.66666667   -0.21868401   -0.02142666   -0.38133853
   -2.58333333   -0.21839553   -0.02029441   -0.39386167
   -2.50000000   -0.21769067   -0.01900684   -0.40733652
   -2.41666667   -0.21652215   -0.01757055   -0.42183896
   -2.33333333   -0.21483795   -0.01598308   -0.43743181
   -2.25000000   -0.21258093   -0.01422304   -0.45414603
   -2.16666667   -0.20968836   -0.01225071   -0.47194681
   -2.08333333   -0.20609157   -0.01001946   -0.49067087
   -2.00000000   -0.20171570   -0.00749142   -0.50991090
   -1.91666667   -0.19647959   -0.00464754   -0.52880166
   -1.83333333   -0.19029604   -0.00148527   -0.54561813
   -1.75000000   -0.18307244    0.00199577   -0.55702171
   -1.66666667   -0.17471224    0.00581170   -0.55666603
   -1.58333333   -0.16511717    0.01000472   -0.53277523
   -1.50000000   -0.15419094    0.01463784   -0.46469763
   -1.41666667   -0.14184459    0.01977567   -0.32118483
   -1.33333333   -0.12800408    0.02546093   -0.07190068
   -1.25000000   -0.11262029    0.03170066    0.26965218
   -1.16666667   -0.09568199    0.03847031    0.60290000
   -1.08333333   -0.07723141    0.04573407    0.80592700
   -1.00000000   -0.05738142    0.05346839    0.85426862
   -0.91666667   -0.03633326    0.06167178    0.80474008
   -0.83333333   -0.01439107    0.07034968    0.71606991
   -0.75000000    0.00803022    0.07947586    0.62095460
   -0.66666667    0.03040874    0.08894597    0.53269711
   -0.58333333    0.05213523    0.09854533    0.45511553
   -0.50000000    0.07255059    0.10794886    0.38822552
   -0.41666667    0.09099952    0.11675698    0.33078426
   -0.33333333    0.10689324    0.12455535    0.28130094
   -0.25000000    0.11977060    0.13097586    0.23839397
   -0.16666667    0.12934515    0.13573759    0.20088985
   -0.08333333    0.13552850    0.13865816    0.16782646
    0.00000000    0.13842589    0.13964139    0.13842589
    0.08333333    0.13830716    0.13865816    0.11206144
    0.16666667    0.13556133    0.13573759    0.08822746
    0.25000000    0.13064525    0.13097586    0.06651409
    0.33333333    0.12403578    0.12455535    0.04658724
    0.41666667    0.11619145    0.11675698    0.02817276
    0.50000000    0.10752627    0.10794886    0.01104418
    0.58333333    0.09839526    0.09854533   -0.00498674
    0.66666667    0.08908938    0.08894597   -0.02007751
    0.75000000    0.07983739    0.07947586   -0.03436059
    0.83333333    0.07081169    0.07034968   -0.04794796
    0.91666667    0.06213627    0.06167178   -0.06093458
    1.00000000    0.05389519    0.05346839   -0.07340117
    1.08333333    0.04614065    0.04573407   -0.08541637
    1.16666667    0.03890015    0.03847031   -0.09703836
    1.25000000    0.03218258    0.03170066   -0.10831621
    1.33333333    0.02598329    0.02546093   -0.11929067
    1.41666667    0.02028797    0.01977567   -0.12999493
    1.50000000    0.01507582    0.01463784   -0.14045500
    1.58333333    0.01032190    0.01000472   -0.15068979
    1.66666667    0.00599889    0.00581170   -0.16071108
    1.75000000    0.00207841    0.00199577   -0.17052331
    1.83333333   -0.00146805   -0.00148527   -0.18012290
    1.91666667   -0.00466844   -0.00464754   -0.18949759
    2.00000000   -0.00754976   -0.00749142   -0.19862541
    2.08333333   -0.01013772   -0.01001946   -0.20747332
    2.16666667   -0.01245661   -0.01225071   -0.21599565
    2.25000000   -0.01452916   -0.01422304   -0.22413206
    2.33333333   -0.01637658   -0.01598308   -0.23180537
    2.41666667   -0.01801853   -0.01757055   -0.23891885
    2.50000000   -0.01947318   -0.01900684   -0.24535317
    2.58333333   -0.02075726   -0.02029441   -0.25096336
    2.66666667   -0.02188619   -0.02142666   -0.25557533
    2.75000000   -0.02287407   -0.02240175   -0.25898259
    2.83333333   -0.02373386   -0.02323182   -0.26094361
    2.91666667   -0.02447740   -0.02394251   -0.26117992
    3.00000000   -0.02511552   -0.02456348   -0.25937612
    3.08333333   -0.02565811   -0.02511651   -0.25518268
    3.16666667   -0.02611421   -0.02560837   -0.24822271
    3.25000000   -0.02649205   -0.02603274   -0.23810431
    3.33333333   -0.02679914   -0.02637949   -0.22443969
    3.41666667   -0.02704234   -0.02664539   -0.20687234
    3.50000000   -0.02722789   -0.02683969   -0.18511263
    3.58333333   -0.02736147   -0.02698136   -0.15897975
    3.66666667   -0.02744828   -0.02709028   -0.12844739
    3.75000000   -0.02749303   -0.02717790   -0.09368691
    3.83333333   -0.02750002   -0.02724322   -0.05509879
    3.91666667   -0.02747316   -0.02727641   -0.01332463
    4.00000000   -0.02741601   -0.02726741    0.03076821
    4.08333333   -0.02733181   -0.02721414    0.07613421
    4.16666667   -0.02722352   -0.02712529    0.12162296
    4.25000000   -0.02709381   -0.02701621    0.16607251
    4.33333333   -0.02694514   -0.02690065    0.20840206
    4.41666667   -0.02677971   -0.02678373    0.24769402
    4.50000000   -0.02659954   -0.02666036    0.28325042
    4.58333333   -0.02640648   -0.02651988    0.31461648
    4.66666667   -0.02620218   -0.02635388    0.34157652
    4.75000000   -0.02598815   -0.02616231    0.36412654
    4.83333333   -0.02576578   -0.02595403    0.38243143
    4.91666667   -0.02553630   -0.02574187    0.39677876
    5.00000000   -0.02530084   -0.02553522    0.40753400
    5.08333333   -0.02506043   -0.02533501    0.41510157
    5.16666667   -0.02481600   -0.02513400    0.41989493
    5.25000000   -0.02456838   -0.02492203    0.42231489
    5.33333333   -0.02431832   -0.02469295    0.42273529
    5.41666667   -0.02406653   -0.02444874    0.42149512
    5.50000000   -0.02381360   -0.02419847    0.41889493
    5.58333333   -0.02356010   -0.02395281    0.41519662
    5.66666667   -0.02330654   -0.02371773    0.41062520
    5.75000000   -0.02305334   -0.02349123    0.40537169
    5.83333333   -0.02280093   -0.02326506    0.39959674
    5.91666667   -0.02254966   -0.02303031    0.39343436
    6.00000000   -0.02229985   -0.02278317    0.38699532
    6.08333333   -0.02205179   -0.02252741    0.38037077
    6.16666667   -0.02180573   -0.02227199    0.37363512
    6.25000000   -0.02156190   -0.02202556    0.36684859
    6.33333333   -0.02132050   -0.02179124    0.36005974
    6.41666667   -0.02108170   -0.02156496    0.35330736
    6.50000000   -0.02084565   -0.02133828    0.34662199
    6.58333333   -0.02061249   -0.02110388    0.34002762
    6.66666667   -0.02038232   -0.02086021    0.33354271
    6.75000000   -0.02015525   -0.02061238    0.32718113
    6.83333333   -0.01993136   -0.02036894    0.32095314
    6.91666667   -0.01971071   -0.02013654    0.31486602
    7.00000000   -0.01949336   -0.01991591    0.30892450
    7.08333333   -0.01927935   -0.01970156    0.30313145
    7.16666667   -0.01906873   -0.01948544    0.29748817
    7.25000000   -0.01886150   -0.01926201    0.29199458
    7.33333333   -0.01865770   -0.01903171    0.28664970
    7.41666667   -0.01845732   -0.01880059    0.28145177
    7.50000000   -0.01826037   -0.01857647    0.27639834
    7.58333333   -0.01806685   -0.01836401    0.27148654
    7.66666667   -0.01787674   -0.01816195    0.26671321
    7.75000000   -0.01769003   -0.01796397    0.26207480
    7.83333333   -0.01750670   -0.01776279    0.25756770
    7.91666667   -0.01732674   -0.01755471    0.25318817
    8.00000000   -0.01715010   -0.01734189    0.24893234
    8.08333333   -0.01697676   -0.01713087    0.24479641
    8.16666667   -0.01680670   -0.01692843    0.24077649
    8.25000000   -0.01663987   -0.01673738    0.23686888
    8.33333333   -0.01647623   -0.01655482    0.23306978
    8.41666667   -0.01631576   -0.01637409    0.22937550
    8.50000000   -0.01615840   -0.01618897    0.22578255
    8.58333333   -0.01600412   -0.01599756    0.22228739
    8.66666667   -0.01585287   -0.01580339    0.21888660
    8.75000000   -0.01570462   -0.01561310    0.21557698
    8.83333333   -0.01555931   -0.01543226    0.21235531
    8.91666667   -0.01541689   -0.01526188    0.20921849
    9.00000000   -0.01527733   -0.01509786    0.20616362
    9.08333333   -0.01514058   -0.01493357    0.20318781
    9.16666667   -0.01500659   -0.01476409    0.20028829
    9.25000000   -0.01487531   -0.01458918    0.19746246
    9.33333333   -0.01474671   -0.01441338    0.19470775
    9.41666667   -0.01462072   -0.01424309    0.19202168
    9.50000000   -0.01449731   -0.01408252    0.18940196
    9.58333333   -0.01437643   -0.01393108    0.18684629
    9.66666667   -0.01425803   -0.01378380    0.18435247
    9.75000000   -0.01414207   -0.01363447    0.18191847
    9.83333333   -0.01402850   -0.01347954    0.17954226
    9.91666667   -0.01391728   -0.01332027    0.17722189
   10.00000000   -0.01380836   -0.01316186    0.17495556
   10.08333333   -0.01370170   -0.01301018    0.17274147
   10.16666667   -0.01359726   -0.01286800    0.17057789
   10.25000000   -0.01349499   -0.01273335    0.16846324
   10.33333333   -0.01339485   -0.01260075    0.16639591
   10.41666667   -0.01329680   -0.01246467    0.16437437
   10.50000000   -0.01320080   -0.01232298    0.16239722
   10.58333333   -0.01310681   -0.01217821    0.16046305
   10.66666667   -0.01301478   -0.01203592    0.15857048
   10.75000000   -0.01292468   -0.01190116    0.15671827
   10.83333333   -0.01283647   -0.01177529    0.15490517
   10.91666667   -0.01275011   -0.01165520    0.15312996
   11.00000000   -0.01266557   -0.01153522    0.15139154
   11.08333333   -0.01258280   -0.01141071    0.14968878
   11.16666667   -0.01250178   -0.01128094    0.14802061
   11.25000000   -0.01242246   -0.01114946    0.14638605
   11.33333333   -0.01234481   -0.01102188    0.14478409
   11.41666667   -0.01226880   -0.01090225    0.14321377
   11.50000000   -0.01219439   -0.01079061    0.14167421
   11.58333333   -0.01212156   -0.01068292    0.14016452
   11.66666667   -0.01205026   -0.01057363    0.13868384
   11.75000000   -0.01198047   -0.01045915    0.13723139
   11.83333333   -0.01191216   -0.01034005    0.13580636
   11.91666667   -0.01184529   -0.01022067    0.13440797
   12.00000000   -0.01177983   -0.01010636    0.13303554
   12.08333333   -0.01171577   -0.01000010    0.13168834
   12.16666667   -0.01165306   -0.00990066    0.13036567
   12.25000000   -0.01159168   -0.00980336    0.12906691
   12.33333333   -0.01153161   -0.00970303    0.12779141
   12.41666667   -0.01147281   -0.00959719    0.12653854
   12.50000000   -0.01141526   -0.00948763    0.12530774
   12.58333333   -0.01135893   -0.00937918    0.12409842
   12.66666667   -0.01130381   -0.00927673    0.12291002
   12.75000000   -0.01124985   -0.00918211    0.12174202
   12.83333333   -0.01119705   -0.00909297    0.12059391
   12.91666667   -0.01114537   -0.00900425    0.11946517
   13.00000000   -0.01109480   -0.00891132    0.11835534
   13.08333333   -0.01104530   -0.00881291    0.11726394
   13.16666667   -0.01099687   -0.00871183    0.11619050
   13.25000000   -0.01094946   -0.00861319    0.11513462
   13.33333333   -0.01090308   -0.00852122    0.11409586
   13.41666667   -0.01085769   -0.00843658    0.11307379
   13.50000000   -0.01081327   -0.00835596    0.11206804
   13.58333333   -0.01076981   -0.00827415    0.11107821
   13.66666667   -0.01072727   -0.00818726    0.11010392
   13.75000000   -0.01068566   -0.00809517    0.10914483
   13.83333333   -0.01064494   -0.00800157    0.10820057
   13.91666667   -0.01060510   -0.00791163    0.10727080
   14.00000000   -0.01056612   -0.00782878    0.10635521
   14.08333333   -0.01052798   -0.00775253    0.10545346
   14.16666667   -0.01049067   -0.00767879    0.10456524
   14.25000000   -0.01045417   -0.00760238    0.10369026
   14.33333333   -0.01041846   -0.00752026    0.10282822
   14.41666667   -0.01038352   -0.00743345    0.10197882
   14.50000000   -0.01034935   -0.00734634    0.10114181
   14.58333333   -0.01031592   -0.00726398    0.10031692
   14.66666667   -0.01028322   -0.00718891    0.09950387
   14.75000000   -0.01025124   -0.00711953    0.09870242
   14.83333333   -0.01021996   -0.00705110    0.09791232
   14.91666667   -0.01018936   -0.00697865    0.09713333
   15.00000000   -0.01015944   -0.00690009    0.09636523
   15.08333333   -0.01013018   -0.00681751    0.09560778
   15.16666667   -0.01010156   -0.00673587    0.09486075
   15.25000000   -0.01007358   -0.00665994    0.09412395
   15.33333333   -0.01004622   -0.00659130    0.09339716
   15.41666667   -0.01001947   -0.00652727    0.09268017
   15.50000000   -0.00999331   -0.00646262    0.09197280
   15.58333333   -0.00996774   -0.00639270    0.09127485
   15.66666667   -0.00994274   -0.00631643    0.09058612
   15.75000000   -0.00991830   -0.00623692    0.08990645
   15.83333333   -0.00989441   -0.00615961    0.08923565
   15.91666667   -0.00987107   -0.00608887    0.08857355
   16.00000000   -0.00984825   -0.00602525    0.08791998
   16.08333333   -0.00982595   -0.00596504    0.08727477
   16.16666667   -0.00980416   -0.00590256    0.08663779
   16.25000000   -0.00978286   -0.00583361    0.08600884
   16.33333333   -0.00976206   -0.00575815    0.08538779
   16.41666667   -0.00974173   -0.00568033    0.08477451
   16.50000000   -0.00972188   -0.00560600    0.08416882
   16.58333333   -0.00970248   -0.00553905    0.08357059
   16.66666667   -0.00968353   -0.00547893    0.08297971
   16.75000000   -0.00966503   -0.00542087    0.08239601
   16.83333333   -0.00964696   -0.00535874    0.08181937
   16.91666667   -0.00962932   -0.00528886    0.08124969
   17.00000000   -0.00961210   -0.00521230    0.08068680
   17.08333333   -0.00959528   -0.00513433    0.08013060
   17.16666667   -0.00957886   -0.00506125    0.07958098
   17.25000000   -0.00956284   -0.00499643    0.07903781
   17.33333333   -0.00954721   -0.00493809    0.07850098
   17.41666667   -0.00953195   -0.00488022    0.07797039
   17.50000000   -0.00951706   -0.00481615    0.07744591
   17.58333333   -0.00950254   -0.00474270    0.07692745
   17.66666667   -0.00948838   -0.00466224    0.07641491
   17.75000000   -0.00947456   -0.00458145    0.07590818
   17.83333333   -0.00946109   -0.00450728    0.07540716
   17.91666667   -0.00944796   -0.00444257    0.07491177
   18.00000000   -0.00943516   -0.00438401    0.07442189
   18.08333333   -0.00942268   -0.00432390    0.07393744
   18.16666667   -0.00941052   -0.00425465    0.07345835
   18.25000000   -0.00939867   -0.00417353    0.07298450
   18.33333333   -0.00938712   -0.00408468    0.07251581
   18.41666667   -0.00937588   -0.00399692    0.07205222
   18.50000000   -0.00936493   -0.00391847    0.07159362
   18.58333333   -0.00935427   -0.00385171    0.07113994
   18.66666667   -0.00934390   -0.00379112    0.07069111
   18.75000000   -0.00933380   -0.00372604    0.07024703
   18.83333333   -0.00932398   -0.00364689    0.06980764
   18.91666667   -0.00931442   -0.00355130    0.06937288
   19.00000000   -0.00930513   -0.00344645    0.06894264
   19.08333333   -0.00929609   -0.00334565    0.06851688
   19.16666667   -0.00928731   -0.00326075    0.06809553
   19.25000000   -0.00927877   -0.00319443    0.06767850
   19.33333333   -0.00927048   -0.00313719    0.06726573
   19.41666667   -0.00926243   -0.00307155    0.06685718
   19.50000000   -0.00925461   -0.00298200    0.06645275
   19.58333333   -0.00924703   -0.00286616    0.06605240
   19.66666667   -0.00923967   -0.00274077    0.06565606
   19.75000000   -0.00923253   -0.00263861    0.06526367
   19.83333333   -0.00922560   -0.00259660    0.06487518
   19.91666667   -0.00921890   -0.00263976    0.06449053
   20.00000000   -0.00921240   -0.00276838    0.06410964
