  -20.00000000   -0.03511915   -0.00215594   -0.07549392
  -19.91666667   -0.03525970   -0.00212329   -0.07573110
  -19.83333333   -0.03540185   -0.00212010   -0.07597010
  -19.75000000   -0.03554561   -0.00214735   -0.07621094
  -19.66666667   -0.03569103   -0.00219792   -0.07645365
  -19.58333333   -0.03583811   -0.00226038   -0.07669823
  -19.50000000   -0.03598689   -0.00232387   -0.07694473
  -19.41666667   -0.03613740   -0.00238204   -0.07719315
  -19.33333333   -0.03628966   -0.00243429   -0.07744352
  -19.25000000   -0.03644371   -0.00248434   -0.07769588
  -19.16666667   -0.03659957   -0.00253704   -0.07795023
  -19.08333333   -0.03675727   -0.00259527   -0.07820660
  -19.00000000   -0.03691685   -0.00265847   -0.07846502
  -18.91666667   -0.03707833   -0.00272322   -0.07872552
  -18.83333333   -0.03724175   -0.00278540   -0.07898810
  -18.75000000   -0.03740714   -0.00284256   -0.07925282
  -18.66666667   -0.03757452   -0.00289504   -0.07951969
  -18.58333333   -0.03774394   -0.00294554   -0.07978873
  -18.50000000   -0.03791544   -0.00299734   -0.08005998
  -18.41666667   -0.03808904   -0.00305236   -0.08033346
  -18.33333333   -0.03826478   -0.00311017   -0.08060920
  -18.25000000   -0.03844270   -0.00316842   -0.08088723
  -18.16666667   -0.03862283   -0.00322436   -0.08116758
  -18.08333333   -0.03880522   -0.00327648   -0.08145027
  -18.00000000   -0.03898991   -0.00332537   -0.08173534
  -17.91666667   -0.03917692   -0.00337329   -0.08202282
  -17.83333333   -0.03936631   -0.00342271   -0.08231273
  -17.75000000   -0.03955813   -0.00347492   -0.08260512
  -17.66666667   -0.03975240   -0.00352929   -0.08290001
  -17.58333333   -0.03994917   -0.00358377   -0.08319743
  -17.50000000   -0.04014849   -0.00363616   -0.08349743
  -17.41666667   -0.04035041   -0.00368551   -0.08380003
  -17.33333333   -0.04055497   -0.00373261   -0.08410526
  -17.25000000   -0.04076222   -0.00377951   -0.08441316
  -17.16666667   -0.04097221   -0.00382826   -0.08472378
  -17.08333333   -0.04118498   -0.00387967   -0.08503714
  -17.00000000   -0.04140060   -0.00393287   -0.08535328
  -16.91666667   -0.04161911   -0.00398591   -0.08567225
  -16.83333333   -0.04184056   -0.00403699   -0.08599406
  -16.75000000   -0.04206502   -0.00408553   -0.08631879
  -16.66666667   -0.04229254   -0.00413256   -0.08664645
  -16.58333333   -0.04252316   -0.00418005   -0.08697708
  -16.50000000   -0.04275697   -0.00422970   -0.08731074
  -16.41666667   -0.04299401   -0.00428193   -0.08764746
  -16.33333333   -0.04323434   -0.00433563   -0.08798728
  -16.25000000   -0.04347804   -0.00438891   -0.08833026
  -16.16666667   -0.04372516   -0.00444026   -0.08867643
  -16.08333333   -0.04397577   -0.00448949   -0.08902584
  -16.00000000   -0.04422994   -0.00453785   -0.08937854
  -15.91666667   -0.04448774   -0.00458725   -0.08973457
  -15.83333333   -0.04474924   -0.00463908   -0.09009399
  -15.75000000   -0.04501451   -0.00469338   -0.09045684
  -15.66666667   -0.04528362   -0.00474883   -0.09082317
  -15.58333333   -0.04555667   -0.00480358   -0.09119304
  -15.50000000   -0.04583371   -0.00485643   -0.09156649
  -15.41666667   -0.04611484   -0.00490756   -0.09194358
  -15.33333333   -0.04640014   -0.00495842   -0.09232438
  -15.25000000   -0.04668968   -0.00501086   -0.09270892
  -15.16666667   -0.04698356   -0.00506595   -0.09309726
  -15.08333333   -0.04728187   -0.00512336   -0.09348948
  -15.00000000   -0.04758470   -0.00518155   -0.09388562
  -14.91666667   -0.04789213   -0.00523878   -0.09428575
  -14.83333333   -0.04820428   -0.00529416   -0.09468993
  -14.75000000   -0.04852123   -0.00534824   -0.09509821
  -14.66666667   -0.04884308   -0.00540267   -0.09551067
  -14.58333333   -0.04916995   -0.00545917   -0.09592738
  -14.50000000   -0.04950193   -0.00551848   -0.09634840
  -14.41666667   -0.04983913   -0.00557988   -0.09677379
  -14.33333333   -0.05018168   -0.00564168   -0.09720363
  -14.25000000   -0.05052967   -0.00570227   -0.09763799
  -14.16666667   -0.05088323   -0.00576114   -0.09807694
  -14.08333333   -0.05124249   -0.00581919   -0.09852057
  -14.00000000   -0.05160756   -0.00587821   -0.09896894
  -13.91666667   -0.05197856   -0.00593976   -0.09942213
  -13.83333333   -0.05235565   -0.00600416   -0.09988024
  -13.75000000   -0.05273894   -0.00607038   -0.10034332
  -13.66666667   -0.05312857   -0.00613660   -0.10081148
  -13.58333333   -0.05352470   -0.00620141   -0.10128480
  -13.50000000   -0.05392745   -0.00626470   -0.10176336
  -13.41666667   -0.05433699   -0.00632774   -0.10224726
  -13.33333333   -0.05475347   -0.00639238   -0.10273659
  -13.25000000   -0.05517704   -0.00645992   -0.10323144
  -13.16666667   -0.05560786   -0.00653030   -0.10373191
  -13.08333333   -0.05604611   -0.00660213   -0.10423810
  -13.00000000   -0.05649196   -0.00667356   -0.10475011
  -12.91666667   -0.05694557   -0.00674347   -0.10526804
  -12.83333333   -0.05740714   -0.00681218   -0.10579201
  -12.75000000   -0.05787685   -0.00688126   -0.10632212
  -12.66666667   -0.05835489   -0.00695257   -0.10685848
  -12.58333333   -0.05884146   -0.00702708   -0.10740121
  -12.50000000   -0.05933675   -0.00710429   -0.10795042
  -12.41666667   -0.05984099   -0.00718253   -0.10850624
  -12.33333333   -0.06035438   -0.00726001   -0.10906879
  -12.25000000   -0.06087714   -0.00733595   -0.10963820
  -12.16666667   -0.06140950   -0.00741113   -0.11021460
  -12.08333333   -0.06195170   -0.00748737   -0.11079812
  -12.00000000   -0.06250396   -0.00756643   -0.11138890
  -11.91666667   -0.06306655   -0.00764889   -0.11198708
  -11.83333333   -0.06363972   -0.00773381   -0.11259281
  -11.75000000   -0.06422372   -0.00781930   -0.11320623
  -11.66666667   -0.06481882   -0.00790370   -0.11382750
  -11.58333333   -0.06542531   -0.00798669   -0.11445679
  -11.50000000   -0.06604346   -0.00806946   -0.11509423
  -11.41666667   -0.06667357   -0.00815403   -0.11574001
  -11.33333333   -0.06731595   -0.00824196   -0.11639431
  -11.25000000   -0.06797090   -0.00833337   -0.11705727
  -11.16666667   -0.06863874   -0.00842689   -0.11772910
  -11.08333333   -0.06931981   -0.00852048   -0.11840999
  -11.00000000   -0.07001444   -0.00861275   -0.11910011
  -10.91666667   -0.07072297   -0.00870386   -0.11979967
  -10.83333333   -0.07144579   -0.00879543   -0.12050888
  -10.75000000   -0.07218323   -0.00888955   -0.12122793
  -10.66666667   -0.07293569   -0.00898747   -0.12195706
  -10.58333333   -0.07370358   -0.00908881   -0.12269647
  -10.50000000   -0.07448727   -0.00919180   -0.12344641
  -10.41666667   -0.07528720   -0.00929436   -0.12420709
  -10.33333333   -0.07610379   -0.00939549   -0.12497879
  -10.25000000   -0.07693747   -0.00949585   -0.12576173
  -10.16666667   -0.07778870   -0.00959744   -0.12655618
  -10.08333333   -0.07865796   -0.00970230   -0.12736242
  -10.00000000   -0.07954571   -0.00981129   -0.12818071
   -9.91666667   -0.08045244   -0.00992347   -0.12901135
   -9.83333333   -0.08137869   -0.01003673   -0.12985464
   -9.75000000   -0.08232494   -0.01014911   -0.13071086
   -9.66666667   -0.08329175   -0.01026004   -0.13158034
   -9.58333333   -0.08427967   -0.01037074   -0.13246343
   -9.50000000   -0.08528926   -0.01048350   -0.13336043
   -9.41666667   -0.08632111   -0.01060020   -0.13427171
   -9.33333333   -0.08737583   -0.01072117   -0.13519765
   -9.25000000   -0.08845401   -0.01084491   -0.13613859
   -9.16666667   -0.08955629   -0.01096907   -0.13709494
   -9.08333333   -0.09068334   -0.01109192   -0.13806712
   -9.00000000   -0.09183580   -0.01121344   -0.13905551
   -8.91666667   -0.09301436   -0.01133540   -0.14006057
   -8.83333333   -0.09421973   -0.01146024   -0.14108275
   -8.75000000   -0.09545262   -0.01158955   -0.14212251
   -8.66666667   -0.09671375   -0.01172302   -0.14318034
   -8.58333333   -0.09800392   -0.01185864   -0.14425676
   -8.50000000   -0.09932384   -0.01199393   -0.14535227
   -8.41666667   -0.10067433   -0.01212749   -0.14646743
   -8.33333333   -0.10205621   -0.01225995   -0.14760282
   -8.25000000   -0.10347025   -0.01239357   -0.14875901
   -8.16666667   -0.10491733   -0.01253082   -0.14993663
   -8.08333333   -0.10639830   -0.01267282   -0.15113633
   -8.00000000   -0.10791400   -0.01281859   -0.15235875
   -7.91666667   -0.10946534   -0.01296559   -0.15360463
   -7.83333333   -0.11105318   -0.01311135   -0.15487467
   -7.75000000   -0.11267847   -0.01325498   -0.15616965
   -7.66666667   -0.11434210   -0.01339778   -0.15749036
   -7.58333333   -0.11604498   -0.01354240   -0.15883762
   -7.50000000   -0.11778808   -0.01369118   -0.16021233
   -7.41666667   -0.11957232   -0.01384462   -0.16161538
   -7.33333333   -0.12139862   -0.01400096   -0.16304773
   -7.25000000   -0.12326796   -0.01415725   -0.16451039
   -7.16666667   -0.12518124   -0.01431116   -0.16600440
   -7.08333333   -0.12713940   -0.01446243   -0.16753086
   -7.00000000   -0.12914336   -0.01461301   -0.16909095
   -6.91666667   -0.13119403   -0.01476585   -0.17068586
   -6.83333333   -0.13329226   -0.01492294   -0.17231688
   -6.75000000   -0.13543893   -0.01508394   -0.17398535
   -6.66666667   -0.13763486   -0.01524632   -0.17569271
   -6.58333333   -0.13988081   -0.01540676   -0.17744042
   -6.50000000   -0.14217755   -0.01556324   -0.17923009
   -6.41666667   -0.14452572   -0.01571620   -0.18106337
   -6.33333333   -0.14692594   -0.01586825   -0.18294202
   -6.25000000   -0.14937877   -0.01602239   -0.18486790
   -6.16666667   -0.15188463   -0.01617999   -0.18684299
   -6.08333333   -0.15444387   -0.01633973   -0.18886936
   -6.00000000   -0.15705673   -0.01649820   -0.19094924
   -5.91666667   -0.15972332   -0.01665183   -0.19308498
   -5.83333333   -0.16244357   -0.01679903   -0.19527906
   -5.75000000   -0.16521731   -0.01694100   -0.19753416
   -5.66666667   -0.16804413   -0.01708084   -0.19985309
   -5.58333333   -0.17092342   -0.01722135   -0.20223887
   -5.50000000   -0.17385439   -0.01736294   -0.20469473
   -5.41666667   -0.17683594   -0.01750303   -0.20722410
   -5.33333333   -0.17986671   -0.01763725   -0.20983064
   -5.25000000   -0.18294507   -0.01776188   -0.21251833
   -5.16666667   -0.18606901   -0.01787580   -0.21529137
   -5.08333333   -0.18923613   -0.01798093   -0.21815427
   -5.00000000   -0.19244370   -0.01808059   -0.22111196
   -4.91666667   -0.19568847   -0.01817692   -0.22416965
   -4.83333333   -0.19896674   -0.01826889   -0.22733300
   -4.75000000   -0.20227432   -0.01835231   -0.23060813
   -4.66666667   -0.20560640   -0.01842169   -0.23400163
   -4.58333333   -0.20895756   -0.01847306   -0.23752063
   -4.50000000   -0.21232178   -0.01850576   -0.24117290
   -4.41666667   -0.21569228   -0.01852215   -0.24496683
   -4.33333333   -0.21906151   -0.01852527   -0.24891155
   -4.25000000   -0.22242116   -0.01851585   -0.25301703
   -4.16666667   -0.22576200   -0.01849069   -0.25729410
   -4.08333333   -0.22907388   -0.01844334   -0.26175458
   -4.00000000   -0.23234570   -0.01836677   -0.26641145
   -3.91666667   -0.23556526   -0.01825647   -0.27127884
   -3.83333333   -0.23871929   -0.01811187   -0.27637230
   -3.75000000   -0.24179331   -0.01793511   -0.28170881
   -3.66666667   -0.24477164   -0.01772793   -0.28730705
   -3.58333333   -0.24763724   -0.01748843   -0.29318753
   -3.50000000   -0.25037170   -0.01720987   -0.29937268
   -3.41666667   -0.25295513   -0.01688235   -0.30588718
   -3.33333333   -0.25536611   -0.01649633   -0.31275799
   -3.25000000   -0.25758152   -0.01604592   -0.32001447
   -3.16666667   -0.25957655   -0.01552958   -0.32768850
   -3.08333333   -0.26132448   -0.01494790   -0.33581440
   -3.00000000   -0.26279661   -0.01429941   -0.34442851
   -2.91666667   -0.26396213   -0.01357726   -0.35356870
   -2.83333333   -0.26478792   -0.01276877   -0.36327305
   -2.75000000   -0.26523842   -0.01185838   -0.37357751
   -2.66666667   -0.26527539   -0.01083215   -0.38451221
   -2.58333333   -0.26485772   -0.00968104   -0.39609492
   -2.50000000   -0.26394121   -0.00840080   -0.40831999
   -2.41666667   -0.26247830   -0.00698809   -0.42114033
   -2.33333333   -0.26041784   -0.00543533   -0.43443653
   -2.25000000   -0.25770493   -0.00372741   -0.44796470
   -2.16666667   -0.25428065   -0.00184246   -0.46126743
   -2.08333333   -0.25008206    0.00024328   -0.47351964
   -2.00000000   -0.24504228    0.00254958   -0.48326008
   -1.91666667   -0.23909078    0.00508878   -0.48792415
   -1.83333333   -0.23215407    0.00786723   -0.48304237
   -1.75000000   -0.22415686    0.01089094   -0.46093982
   -1.66666667   -0.21502394    0.01417182   -0.40893501
   -1.58333333   -0.20468291    0.01773024   -0.30801596
   -1.50000000   -0.19306807    0.02159140   -0.13612391
   -1.41666667   -0.18012579    0.02577680    0.11495170
   -1.33333333   -0.16582138    0.03029504    0.40802520
   -1.25000000   -0.15014764    0.03513725    0.65590953
   -1.16666667   -0.13313518    0.04027958    0.78709238
   -1.08333333   -0.11486359    0.04569091    0.80258516
   -1.00000000   -0.09547279    0.05134015    0.74769223
   -0.91666667   -0.07517301    0.05719654    0.66448828
   -0.83333333   -0.05425087    0.06322009    0.57696510
   -0.75000000   -0.03306945    0.06934487    0.49547551
   -0.66666667   -0.01205944    0.07546323    0.42326441
   -0.58333333    0.00829993    0.08142038    0.36050190
   -0.50000000    0.02751010    0.08702513    0.30623836
   -0.41666667    0.04509033    0.09207527    0.25924497
   -0.33333333    0.06061752    0.09638888    0.21834017
   -0.25000000    0.07376271    0.09982946    0.18249524
   -0.16666667    0.08431761    0.10231539    0.15085153
   -0.08333333    0.09220687    0.10381171    0.12270546
    0.00000000    0.09748453    0.10431048    0.09748453
    0.08333333    0.10031661    0.10381171    0.07472348
    0.16666667    0.10095424    0.10231539    0.05404346
    0.25000000    0.09970283    0.09982946    0.03513491
    0.33333333    0.09689214    0.09638888    0.01774387
    0.41666667    0.09285097    0.09207527    0.00166113
    0.50000000    0.08788816    0.08702513   -0.01328628
    0.58333333    0.08228032    0.08142038   -0.02724172
    0.66666667    0.07626545    0.07546323   -0.04032420
    0.75000000    0.07004124    0.06934487   -0.05263240
    0.83333333    0.06376660    0.06322009   -0.06424797
    0.91666667    0.05756517    0.05719654   -0.07523795
    1.00000000    0.05152990    0.05134015   -0.08565675
    1.08333333    0.04572784    0.04569091   -0.09554763
    1.16666667    0.04020488    0.04027958   -0.10494383
    1.25000000    0.03498989    0.03513725   -0.11386945
    1.33333333    0.03009853    0.03029504   -0.12233996
    1.41666667    0.02553629    0.02577680   -0.13036263
    1.50000000    0.02130110    0.02159140   -0.13793673
    1.58333333    0.01738535    0.01773024   -0.14505356
    1.66666667    0.01377760    0.01417182   -0.15169637
    1.75000000    0.01046378    0.01089094   -0.15784022
    1.83333333    0.00742826    0.00786723   -0.16345165
    1.91666667    0.00465453    0.00508878   -0.16848844
    2.00000000    0.00212576    0.00254958   -0.17289926
    2.08333333   -0.00017475    0.00024328   -0.17662332
    2.16666667   -0.00226333   -0.00184246   -0.17959024
    2.25000000   -0.00415570   -0.00372741   -0.18171987
    2.33333333   -0.00586686   -0.00543533   -0.18292251
    2.41666667   -0.00741103   -0.00698809   -0.18309937
    2.50000000   -0.00880156   -0.00840080   -0.18214348
    2.58333333   -0.01005096   -0.00968104   -0.17994115
    2.66666667   -0.01117088   -0.01083215   -0.17637424
    2.75000000   -0.01217215   -0.01185838   -0.17132319
    2.83333333   -0.01306479   -0.01276877   -0.16467099
    2.91666667   -0.01385809   -0.01357726   -0.15630821
    3.00000000   -0.01456060   -0.01429941   -0.14613918
    3.08333333   -0.01518019   -0.01494790   -0.13408881
    3.16666667   -0.01572413   -0.01552958   -0.12011022
    3.25000000   -0.01619907   -0.01604592   -0.10419274
    3.33333333   -0.01661114   -0.01649633   -0.08636908
    3.41666667   -0.01696594   -0.01688235   -0.06672175
    3.50000000   -0.01726865   -0.01720987   -0.04538755
    3.58333333   -0.01752396   -0.01748843   -0.02255871
    3.66666667   -0.01773621   -0.01772793    0.00151894
    3.75000000   -0.01790937   -0.01793511    0.02655158
    3.83333333   -0.01804705   -0.01811187    0.05220747
    3.91666667   -0.01815259   -0.01825647    0.07812968
    4.00000000   -0.01822901   -0.01836677    0.10395108
    4.08333333   -0.01827910   -0.01844334    0.12931095
    4.16666667   -0.01830540   -0.01849069    0.15387001
    4.25000000   -0.01831024   -0.01851585    0.17732488
    4.33333333   -0.01829574   -0.01852527    0.19941777
    4.41666667   -0.01826386   -0.01852215    0.21994389
    4.50000000   -0.01821637   -0.01850576    0.23875474
    4.58333333   -0.01815489   -0.01847306    0.25575677
    4.66666667   -0.01808092   -0.01842169    0.27090817
    4.75000000   -0.01799580   -0.01835231    0.28421315
    4.83333333   -0.01790078   -0.01826889    0.29571426
    4.91666667   -0.01779700   -0.01817692    0.30548484
    5.00000000   -0.01768548   -0.01808059    0.31362140
    5.08333333   -0.01756717   -0.01798093    0.32023615
    5.16666667   -0.01744294   -0.01787580    0.32545084
    5.25000000   -0.01731356   -0.01776188    0.32939157
    5.33333333   -0.01717975   -0.01763725    0.33218434
    5.41666667   -0.01704217   -0.01750303    0.33395197
    5.50000000   -0.01690140   -0.01736294    0.33481168
    5.58333333   -0.01675800   -0.01722135    0.33487352
    5.66666667   -0.01661246   -0.01708084    0.33423945
    5.75000000   -0.01646521   -0.01694100    0.33300280
    5.83333333   -0.01631667   -0.01679903    0.33124827
    5.91666667   -0.01616720   -0.01665183    0.32905209
    6.00000000   -0.01601715   -0.01649820    0.32648232
    6.08333333   -0.01586681   -0.01633973    0.32359946
    6.16666667   -0.01571645   -0.01617999    0.32045697
    6.25000000   -0.01556633   -0.01602239    0.31710180
    6.33333333   -0.01541666   -0.01586825    0.31357512
    6.41666667   -0.01526765   -0.01571620    0.30991282
    6.50000000   -0.01511947   -0.01556324    0.30614604
    6.58333333   -0.01497229   -0.01540676    0.30230180
    6.66666667   -0.01482625   -0.01524632    0.29840341
    6.75000000   -0.01468149   -0.01508394    0.29447084
    6.83333333   -0.01453810   -0.01492294    0.29052127
    6.91666667   -0.01439621   -0.01476585    0.28656935
    7.00000000   -0.01425588   -0.01461301    0.28262746
    7.08333333   -0.01411721   -0.01446243    0.27870615
    7.16666667   -0.01398025   -0.01431116    0.27481426
    7.25000000   -0.01384508   -0.01415725    0.27095914
    7.33333333   -0.01371173   -0.01400096    0.26714692
    7.41666667   -0.01358026   -0.01384462    0.26338266
    7.50000000   -0.01345069   -0.01369118    0.25967040
    7.58333333   -0.01332305   -0.01354240    0.25601342
    7.66666667   -0.01319738   -0.01339778    0.25241432
    7.75000000   -0.01307368   -0.01325498    0.24887500
    7.83333333   -0.01295198   -0.01311135    0.24539694
    7.91666667   -0.01283227   -0.01296559    0.24198115
    8.00000000   -0.01271456   -0.01281859    0.23862821
    8.08333333   -0.01259887   -0.01267282    0.23533846
    8.16666667   -0.01248517   -0.01253082    0.23211185
    8.25000000   -0.01237347   -0.01239357    0.22894825
    8.33333333   -0.01226377   -0.01225995    0.22584721
    8.41666667   -0.01215604   -0.01212749    0.22280814
    8.50000000   -0.01205028   -0.01199393    0.21983039
    8.58333333   -0.01194648   -0.01185864    0.21691312
    8.66666667   -0.01184462   -0.01172302    0.21405538
    8.75000000   -0.01174467   -0.01158955    0.21125626
    8.83333333   -0.01164663   -0.01146024    0.20851467
    8.91666667   -0.01155048   -0.01133540    0.20582951
    9.00000000   -0.01145618   -0.01121344    0.20319972
    9.08333333   -0.01136373   -0.01109192    0.20062411
    9.16666667   -0.01127309   -0.01096907    0.19810151
    9.25000000   -0.01118425   -0.01084491    0.19563079
    9.33333333   -0.01109717   -0.01072117    0.19321076
    9.41666667   -0.01101185   -0.01060020    0.19084023
    9.50000000   -0.01092824   -0.01048350    0.18851807
    9.58333333   -0.01084633   -0.01037074    0.18624311
    9.66666667   -0.01076609   -0.01026004    0.18401419
    9.75000000   -0.01068749   -0.01014911    0.18183023
    9.83333333   -0.01061051   -0.01003673    0.17969010
    9.91666667   -0.01053512   -0.00992347    0.17759268
   10.00000000   -0.01046130   -0.00981129    0.17553696
   10.08333333   -0.01038903   -0.00970230    0.17352187
   10.16666667   -0.01031826   -0.00959744    0.17154635
   10.25000000   -0.01024899   -0.00949585    0.16960946
   10.33333333   -0.01018118   -0.00939549    0.16771020
   10.41666667   -0.01011480   -0.00929436    0.16584758
   10.50000000   -0.01004984   -0.00919180    0.16402073
   10.58333333   -0.00998627   -0.00908881    0.16222872
   10.66666667   -0.00992406   -0.00898747    0.16047063
   10.75000000   -0.00986319   -0.00888955    0.15874566
   10.83333333   -0.00980363   -0.00879543    0.15705294
   10.91666667   -0.00974536   -0.00870386    0.15539165
   11.00000000   -0.00968835   -0.00861275    0.15376103
   11.08333333   -0.00963259   -0.00852048    0.15216029
   11.16666667   -0.00957805   -0.00842689    0.15058866
   11.25000000   -0.00952470   -0.00833337    0.14904546
   11.33333333   -0.00947252   -0.00824196    0.14752996
   11.41666667   -0.00942150   -0.00815403    0.14604145
   11.50000000   -0.00937160   -0.00806946    0.14457931
   11.58333333   -0.00932281   -0.00798669    0.14314287
   11.66666667   -0.00927510   -0.00790370    0.14173149
   11.75000000   -0.00922846   -0.00781930    0.14034458
   11.83333333   -0.00918287   -0.00773381    0.13898154
   11.91666667   -0.00913829   -0.00764889    0.13764177
   12.00000000   -0.00909472   -0.00756643    0.13632476
   12.08333333   -0.00905214   -0.00748737    0.13502993
   12.16666667   -0.00901051   -0.00741113    0.13375675
   12.25000000   -0.00896984   -0.00733595    0.13250473
   12.33333333   -0.00893009   -0.00726001    0.13127336
   12.41666667   -0.00889124   -0.00718253    0.13006215
   12.50000000   -0.00885329   -0.00710429    0.12887065
   12.58333333   -0.00881622   -0.00702708    0.12769840
   12.66666667   -0.00877999   -0.00695257    0.12654492
   12.75000000   -0.00874461   -0.00688126    0.12540984
   12.83333333   -0.00871005   -0.00681218    0.12429270
   12.91666667   -0.00867629   -0.00674347    0.12319309
   13.00000000   -0.00864332   -0.00667356    0.12211065
   13.08333333   -0.00861113   -0.00660213    0.12104497
   13.16666667   -0.00857969   -0.00653030    0.11999567
   13.25000000   -0.00854900   -0.00645992    0.11896241
   13.33333333   -0.00851904   -0.00639238    0.11794483
   13.41666667   -0.00848978   -0.00632774    0.11694257
   13.50000000   -0.00846123   -0.00626470    0.11595532
   13.58333333   -0.00843337   -0.00620141    0.11498275
   13.66666667   -0.00840617   -0.00613660    0.11402453
   13.75000000   -0.00837964   -0.00607038    0.11308037
   13.83333333   -0.00835374   -0.00600416    0.11214996
   13.91666667   -0.00832849   -0.00593976    0.11123301
   14.00000000   -0.00830385   -0.00587821    0.11032926
   14.08333333   -0.00827981   -0.00581919    0.10943841
   14.16666667   -0.00825637   -0.00576114    0.10856018
   14.25000000   -0.00823352   -0.00570227    0.10769435
   14.33333333   -0.00821124   -0.00564168    0.10684063
   14.41666667   -0.00818951   -0.00557988    0.10599879
   14.50000000   -0.00816834   -0.00551848    0.10516859
   14.58333333   -0.00814770   -0.00545917    0.10434979
   14.66666667   -0.00812759   -0.00540267    0.10354216
   14.75000000   -0.00810799   -0.00534824    0.10274548
   14.83333333   -0.00808890   -0.00529416    0.10195954
   14.91666667   -0.00807031   -0.00523878    0.10118411
   15.00000000   -0.00805220   -0.00518155    0.10041900
   15.08333333   -0.00803457   -0.00512336    0.09966401
   15.16666667   -0.00801741   -0.00506595    0.09891893
   15.25000000   -0.00800070   -0.00501086    0.09818359
   15.33333333   -0.00798445   -0.00495842    0.09745779
   15.41666667   -0.00796863   -0.00490756    0.09674134
   15.50000000   -0.00795324   -0.00485643    0.09603408
   15.58333333   -0.00793827   -0.00480358    0.09533583
   15.66666667   -0.00792372   -0.00474883    0.09464642
   15.75000000   -0.00790957   -0.00469338    0.09396569
   15.83333333   -0.00789583   -0.00463908    0.09329348
   15.91666667   -0.00788247   -0.00458725    0.09262962
   16.00000000   -0.00786949   -0.00453785    0.09197398
   16.08333333   -0.00785688   -0.00448949    0.09132639
   16.16666667   -0.00784465   -0.00444026    0.09068672
   16.25000000   -0.00783277   -0.00438891    0.09005481
   16.33333333   -0.00782124   -0.00433563    0.08943053
   16.41666667   -0.00781006   -0.00428193    0.08881376
   16.50000000   -0.00779922   -0.00422970    0.08820434
   16.58333333   -0.00778871   -0.00418005    0.08760216
   16.66666667   -0.00777853   -0.00413256    0.08700709
   16.75000000   -0.00776866   -0.00408553    0.08641899
   16.83333333   -0.00775911   -0.00403699    0.08583775
   16.91666667   -0.00774986   -0.00398591    0.08526327
   17.00000000   -0.00774091   -0.00393287    0.08469541
   17.08333333   -0.00773226   -0.00387967    0.08413406
   17.16666667   -0.00772390   -0.00382826    0.08357913
   17.25000000   -0.00771582   -0.00377951    0.08303048
   17.33333333   -0.00770801   -0.00373261    0.08248803
   17.41666667   -0.00770048   -0.00368551    0.08195167
   17.50000000   -0.00769322   -0.00363616    0.08142129
   17.58333333   -0.00768621   -0.00358377    0.08089680
   17.66666667   -0.00767947   -0.00352929    0.08037811
   17.75000000   -0.00767297   -0.00347492    0.07986510
   17.83333333   -0.00766672   -0.00342271    0.07935770
   17.91666667   -0.00766071   -0.00337329    0.07885582
   18.00000000   -0.00765494   -0.00332537    0.07835936
   18.08333333   -0.00764940   -0.00327648    0.07786824
   18.16666667   -0.00764409   -0.00322436    0.07738238
   18.25000000   -0.00763900   -0.00316842    0.07690167
   18.33333333   -0.00763412   -0.00311017    0.07642606
   18.41666667   -0.00762947   -0.00305236    0.07595547
   18.50000000   -0.00762502   -0.00299734    0.07548979
   18.58333333   -0.00762078   -0.00294554    0.07502897
   18.66666667   -0.00761674   -0.00289504    0.07457294
   18.75000000   -0.00761290   -0.00284256    0.07412160
   18.83333333   -0.00760925   -0.00278540    0.07367490
   18.91666667   -0.00760580   -0.00272322    0.07323276
   19.00000000   -0.00760253   -0.00265847    0.07279512
   19.08333333   -0.00759944   -0.00259527    0.07236189
   19.16666667   -0.00759653   -0.00253704    0.07193304
   19.25000000   -0.00759380   -0.00248434    0.07150847
   19.33333333   -0.00759124   -0.00243429    0.07108813
   19.41666667   -0.00758885   -0.00238204    0.07067197
   19.50000000   -0.00758663   -0.00232387    0.07025990
   19.58333333   -0.00758456   -0.00226038    0.06985188
   19.66666667   -0.00758266   -0.00219792    0.06944786
   19.75000000   -0.00758092   -0.00214735    0.06904775
   19.83333333   -0.00757932   -0.00212010    0.06865152
   19.91666667   -0.00757788   -0.00212329    0.06825912
   20.00000000   -0.00757658   -0.00215594    0.06787046
