  -20.00000000    0.02603663   -0.00466488   -0.04201390
  -19.91666667    0.02610457   -0.00492687   -0.04223060
  -19.83333333    0.02617308   -0.00512625   -0.04244911
  -19.75000000    0.02624217   -0.00526593   -0.04266948
  -19.66666667    0.02631184   -0.00536749   -0.04289171
  -19.58333333    0.02638211   -0.00545976   -0.04311583
  -19.50000000    0.02645298   -0.00556566   -0.04334187
  -19.41666667    0.02652446   -0.00569367   -0.04356985
  -19.33333333    0.02659655   -0.00583717   -0.04379980
  -19.25000000    0.02666927   -0.00598120   -0.04403174
  -19.16666667    0.02674263   -0.00611203   -0.04426570
  -19.08333333    0.02681662   -0.00622452   -0.04450169
  -19.00000000    0.02689126   -0.00632366   -0.04473977
  -18.91666667    0.02696657   -0.00642026   -0.04497994
  -18.83333333    0.02704254   -0.00652409   -0.04522223
  -18.75000000    0.02711918   -0.00663839   -0.04546669
  -18.66666667    0.02719652   -0.00675889   -0.04571333
  -18.58333333    0.02727454   -0.00687723   -0.04596217
  -18.50000000    0.02735327   -0.00698644   -0.04621327
  -18.41666667    0.02743272   -0.00708501   -0.04646664
  -18.33333333    0.02751289   -0.00717737   -0.04672230
  -18.25000000    0.02759379   -0.00727076   -0.04698031
  -18.16666667    0.02767543   -0.00737069   -0.04724069
  -18.08333333    0.02775783   -0.00747785   -0.04750346
  -18.00000000    0.02784100   -0.00758810   -0.04776867
  -17.91666667    0.02792494   -0.00769544   -0.04803635
  -17.83333333    0.02800966   -0.00779581   -0.04830652
  -17.75000000    0.02809518   -0.00788952   -0.04857925
  -17.66666667    0.02818151   -0.00798079   -0.04885454
  -17.58333333    0.02826866   -0.00807501   -0.04913244
  -17.50000000    0.02835665   -0.00817534   -0.04941299
  -17.41666667    0.02844548   -0.00828101   -0.04969623
  -17.33333333    0.02853516   -0.00838801   -0.04998218
  -17.25000000    0.02862571   -0.00849180   -0.05027091
  -17.16666667    0.02871714   -0.00859019   -0.05056244
  -17.08333333    0.02880947   -0.00868456   -0.05085681
  -17.00000000    0.02890271   -0.00877890   -0.05115407
  -16.91666667    0.02899686   -0.00887724   -0.05145426
  -16.83333333    0.02909195   -0.00898117   -0.05175742
  -16.75000000    0.02918799   -0.00908900   -0.05206360
  -16.66666667    0.02928500   -0.00919700   -0.05237284
  -16.58333333    0.02938298   -0.00930181   -0.05268518
  -16.50000000    0.02948195   -0.00940255   -0.05300069
  -16.41666667    0.02958193   -0.00950131   -0.05331940
  -16.33333333    0.02968294   -0.00960172   -0.05364136
  -16.25000000    0.02978498   -0.00970667   -0.05396662
  -16.16666667    0.02988808   -0.00981659   -0.05429524
  -16.08333333    0.02999225   -0.00992925   -0.05462726
  -16.00000000    0.03009752   -0.01004131   -0.05496274
  -15.91666667    0.03020388   -0.01015044   -0.05530173
  -15.83333333    0.03031138   -0.01025679   -0.05564429
  -15.75000000    0.03042001   -0.01036281   -0.05599048
  -15.66666667    0.03052980   -0.01047169   -0.05634034
  -15.58333333    0.03064077   -0.01058534   -0.05669395
  -15.50000000    0.03075294   -0.01070328   -0.05705136
  -15.41666667    0.03086633   -0.01082301   -0.05741263
  -15.33333333    0.03098096   -0.01094170   -0.05777783
  -15.25000000    0.03109684   -0.01105795   -0.05814701
  -15.16666667    0.03121400   -0.01117268   -0.05852025
  -15.08333333    0.03133246   -0.01128849   -0.05889762
  -15.00000000    0.03145225   -0.01140803   -0.05927917
  -14.91666667    0.03157337   -0.01153232   -0.05966498
  -14.83333333    0.03169587   -0.01166022   -0.06005513
  -14.75000000    0.03181976   -0.01178919   -0.06044968
  -14.66666667    0.03194506   -0.01191696   -0.06084871
  -14.58333333    0.03207180   -0.01204298   -0.06125230
  -14.50000000    0.03220000   -0.01216873   -0.06166052
  -14.41666667    0.03232970   -0.01229676   -0.06207346
  -14.33333333    0.03246091   -0.01242912   -0.06249119
  -14.25000000    0.03259366   -0.01256606   -0.06291380
  -14.16666667    0.03272798   -0.01270597   -0.06334138
  -14.08333333    0.03286390   -0.01284646   -0.06377401
  -14.00000000    0.03300145   -0.01298588   -0.06421179
  -13.91666667    0.03314065   -0.01312440   -0.06465479
  -13.83333333    0.03328155   -0.01326386   -0.06510313
  -13.75000000    0.03342416   -0.01340664   -0.06555689
  -13.66666667    0.03356851   -0.01355412   -0.06601618
  -13.58333333    0.03371465   -0.01370593   -0.06648109
  -13.50000000    0.03386261   -0.01386017   -0.06695173
  -13.41666667    0.03401241   -0.01401474   -0.06742820
  -13.33333333    0.03416410   -0.01416862   -0.06791061
  -13.25000000    0.03431771   -0.01432260   -0.06839908
  -13.16666667    0.03447328   -0.01447870   -0.06889371
  -13.08333333    0.03463084   -0.01463897   -0.06939463
  -13.00000000    0.03479043   -0.01480419   -0.06990195
  -12.91666667    0.03495210   -0.01497343   -0.07041580
  -12.83333333    0.03511589   -0.01514472   -0.07093630
  -12.75000000    0.03528182   -0.01531633   -0.07146358
  -12.66666667    0.03544996   -0.01548790   -0.07199777
  -12.58333333    0.03562034   -0.01566066   -0.07253902
  -12.50000000    0.03579301   -0.01583669   -0.07308745
  -12.41666667    0.03596801   -0.01601760   -0.07364321
  -12.33333333    0.03614539   -0.01620357   -0.07420645
  -12.25000000    0.03632521   -0.01639331   -0.07477732
  -12.16666667    0.03650751   -0.01658491   -0.07535597
  -12.08333333    0.03669234   -0.01677711   -0.07594256
  -12.00000000    0.03687976   -0.01697012   -0.07653726
  -11.91666667    0.03706982   -0.01716553   -0.07714022
  -11.83333333    0.03726258   -0.01736527   -0.07775164
  -11.75000000    0.03745809   -0.01757050   -0.07837167
  -11.66666667    0.03765642   -0.01778087   -0.07900050
  -11.58333333    0.03785763   -0.01799485   -0.07963833
  -11.50000000    0.03806178   -0.01821074   -0.08028533
  -11.41666667    0.03826893   -0.01842779   -0.08094170
  -11.33333333    0.03847915   -0.01864672   -0.08160766
  -11.25000000    0.03869252   -0.01886931   -0.08228340
  -11.16666667    0.03890909   -0.01909727   -0.08296914
  -11.08333333    0.03912895   -0.01933125   -0.08366511
  -11.00000000    0.03935217   -0.01957047   -0.08437151
  -10.91666667    0.03957882   -0.01981332   -0.08508860
  -10.83333333    0.03980900   -0.02005839   -0.08581661
  -10.75000000    0.04004277   -0.02030548   -0.08655579
  -10.66666667    0.04028022   -0.02055574   -0.08730638
  -10.58333333    0.04052145   -0.02081098   -0.08806866
  -10.50000000    0.04076654   -0.02107260   -0.08884289
  -10.41666667    0.04101558   -0.02134076   -0.08962934
  -10.33333333    0.04126867   -0.02161437   -0.09042832
  -10.25000000    0.04152591   -0.02189184   -0.09124009
  -10.16666667    0.04178740   -0.02217220   -0.09206498
  -10.08333333    0.04205326   -0.02245575   -0.09290329
  -10.00000000    0.04232357   -0.02274394   -0.09375534
   -9.91666667    0.04259847   -0.02303852   -0.09462147
   -9.83333333    0.04287806   -0.02334051   -0.09550202
   -9.75000000    0.04316247   -0.02364962   -0.09639733
   -9.66666667    0.04345181   -0.02396457   -0.09730777
   -9.58333333    0.04374623   -0.02428396   -0.09823373
   -9.50000000    0.04404585   -0.02460727   -0.09917557
   -9.41666667    0.04435080   -0.02493527   -0.10013370
   -9.33333333    0.04466123   -0.02526960   -0.10110854
   -9.25000000    0.04497729   -0.02561185   -0.10210049
   -9.16666667    0.04529913   -0.02596260   -0.10310999
   -9.08333333    0.04562691   -0.02632124   -0.10413752
   -9.00000000    0.04596078   -0.02668640   -0.10518351
   -8.91666667    0.04630092   -0.02705699   -0.10624845
   -8.83333333    0.04664750   -0.02743297   -0.10733284
   -8.75000000    0.04700070   -0.02781552   -0.10843718
   -8.66666667    0.04736070   -0.02820636   -0.10956200
   -8.58333333    0.04772772   -0.02860681   -0.11070785
   -8.50000000    0.04810193   -0.02901707   -0.11187526
   -8.41666667    0.04848354   -0.02943625   -0.11306483
   -8.33333333    0.04887279   -0.02986308   -0.11427716
   -8.25000000    0.04926988   -0.03029685   -0.11551284
   -8.16666667    0.04967504   -0.03073802   -0.11677250
   -8.08333333    0.05008853   -0.03118808   -0.11805682
   -8.00000000    0.05051057   -0.03164872   -0.11936642
   -7.91666667    0.05094143   -0.03212097   -0.12070203
   -7.83333333    0.05138138   -0.03260467   -0.12206432
   -7.75000000    0.05183069   -0.03309882   -0.12345406
   -7.66666667    0.05228964   -0.03360233   -0.12487196
   -7.58333333    0.05275853   -0.03411498   -0.12631879
   -7.50000000    0.05323767   -0.03463771   -0.12779536
   -7.41666667    0.05372736   -0.03517221   -0.12930246
   -7.33333333    0.05422794   -0.03572009   -0.13084089
   -7.25000000    0.05473974   -0.03628206   -0.13241153
   -7.16666667    0.05526311   -0.03685770   -0.13401523
   -7.08333333    0.05579841   -0.03744600   -0.13565283
   -7.00000000    0.05634601   -0.03804626   -0.13732526
   -6.91666667    0.05690630   -0.03865876   -0.13903340
   -6.83333333    0.05747966   -0.03928488   -0.14077814
   -6.75000000    0.05806651   -0.03992647   -0.14256042
   -6.66666667    0.05866726   -0.04058498   -0.14438115
   -6.58333333    0.05928232   -0.04126084   -0.14624122
   -6.50000000    0.05991215   -0.04195351   -0.14814155
   -6.41666667    0.06055719   -0.04266217   -0.15008303
   -6.33333333    0.06121787   -0.04338659   -0.15206649
   -6.25000000    0.06189468   -0.04412761   -0.15409280
   -6.16666667    0.06258807   -0.04488703   -0.15616272
   -6.08333333    0.06329850   -0.04566681   -0.15827695
   -6.00000000    0.06402645   -0.04646824   -0.16043617
   -5.91666667    0.06477238   -0.04729159   -0.16264091
   -5.83333333    0.06553673   -0.04813637   -0.16489158
   -5.75000000    0.06631997   -0.04900213   -0.16718850
   -5.66666667    0.06712251   -0.04988925   -0.16953175
   -5.58333333    0.06794475   -0.05079925   -0.17192120
   -5.50000000    0.06878708   -0.05173430   -0.17435651
   -5.41666667    0.06964980   -0.05269648   -0.17683698
   -5.33333333    0.07053320   -0.05368703   -0.17936152
   -5.25000000    0.07143748   -0.05470622   -0.18192864
   -5.16666667    0.07236277   -0.05575388   -0.18453630
   -5.08333333    0.07330906   -0.05683020   -0.18718178
   -5.00000000    0.07427627   -0.05793638   -0.18986169
   -4.91666667    0.07526413   -0.05907467   -0.19257168
   -4.83333333    0.07627217   -0.06024774   -0.19530637
   -4.75000000    0.07729973   -0.06145791   -0.19805916
   -4.66666667    0.07834586   -0.06270658   -0.20082196
   -4.58333333    0.07940929   -0.06399440   -0.20358497
   -4.50000000    0.08048837   -0.06532187   -0.20633640
   -4.41666667    0.08158100   -0.06669021   -0.20906207
   -4.33333333    0.08268451   -0.06810177   -0.21174506
   -4.25000000    0.08379562   -0.06955978   -0.21436529
   -4.16666667    0.08491027   -0.07106769   -0.21689896
   -4.08333333    0.08602352   -0.07262841   -0.21931800
   -4.00000000    0.08712936   -0.07424401   -0.22158952
   -3.91666667    0.08822056   -0.07591610   -0.22367507
   -3.83333333    0.08928844   -0.07764657   -0.22553003
   -3.75000000    0.09032261   -0.07943833   -0.22710293
   -3.66666667    0.09131072   -0.08129545   -0.22833481
   -3.58333333    0.09223814   -0.08322280   -0.22915882
   -3.50000000    0.09308756   -0.08522528   -0.22949993
   -3.41666667    0.09383864   -0.08730722   -0.22927512
   -3.33333333    0.09446752   -0.08947240   -0.22839413
   -3.25000000    0.09494634   -0.09172456   -0.22676100
   -3.16666667    0.09524267   -0.09406825   -0.22427664
   -3.08333333    0.09531899   -0.09650931   -0.22084285
   -3.00000000    0.09513206   -0.09905484   -0.21636791
   -2.91666667    0.09463230   -0.10171266   -0.21077385
   -2.83333333    0.09376327   -0.10449062   -0.20400555
   -2.75000000    0.09246109   -0.10739623   -0.19604122
   -2.66666667    0.09065407   -0.11043693   -0.18690335
   -2.58333333    0.08826244   -0.11362076   -0.17666911
   -2.50000000    0.08519848   -0.11695709   -0.16547840
   -2.41666667    0.08136677   -0.12045686   -0.15353734
   -2.33333333    0.07666515   -0.12413230   -0.14111586
   -2.25000000    0.07098621   -0.12799629   -0.12853801
   -2.16666667    0.06421948   -0.13206177   -0.11616479
   -2.08333333    0.05625455   -0.13634156   -0.10437162
   -2.00000000    0.04698539   -0.14084876   -0.09352301
   -1.91666667    0.03631544   -0.14559725   -0.08394771
   -1.83333333    0.02416428   -0.15060184   -0.07591882
   -1.75000000    0.01047508   -0.15587799   -0.06964057
   -1.66666667   -0.00477681   -0.16144086   -0.06524355
   -1.58333333   -0.02157492   -0.16730415   -0.06278754
   -1.50000000   -0.03985277   -0.17347913   -0.06227049
   -1.41666667   -0.05948584   -0.17997380   -0.06364134
   -1.33333333   -0.08028563   -0.18679210   -0.06681430
   -1.25000000   -0.10199710   -0.19393255   -0.07168276
   -1.16666667   -0.12430029   -0.20138621   -0.07813157
   -1.08333333   -0.14681771   -0.20913382   -0.08604697
   -1.00000000   -0.16912772   -0.21714267   -0.09532414
   -0.91666667   -0.19078338   -0.22536365   -0.10587240
   -0.83333333   -0.21133634   -0.23372852   -0.11761861
   -0.75000000   -0.23036272   -0.24214709   -0.13050897
   -0.66666667   -0.24748890   -0.25050399   -0.14450997
   -0.58333333   -0.26241374   -0.25865484   -0.15960845
   -0.50000000   -0.27492460   -0.26642320   -0.17581129
   -0.41666667   -0.28490563   -0.27360066   -0.19314494
   -0.33333333   -0.29233734   -0.27995292   -0.21165460
   -0.25000000   -0.29728867   -0.28523418   -0.23140347
   -0.16666667   -0.29990298   -0.28920957   -0.25247154
   -0.08333333   -0.30038052   -0.29168268   -0.27495416
    0.00000000   -0.29895964   -0.29252242   -0.29895964
    0.08333333   -0.29589891   -0.29168268   -0.32460566
    0.16666667   -0.29146152   -0.28920957   -0.35201342
    0.25000000   -0.28590290   -0.28523418   -0.38129840
    0.33333333   -0.27946166   -0.27995292   -0.41255570
    0.41666667   -0.27235380   -0.27360066   -0.44583719
    0.50000000   -0.26476962   -0.26642320   -0.48111666
    0.58333333   -0.25687282   -0.25865484   -0.51823700
    0.66666667   -0.24880117   -0.25050399   -0.55683297
    0.75000000   -0.24066825   -0.24214709   -0.59622090
    0.83333333   -0.23256577   -0.23372852   -0.63524955
    0.91666667   -0.22456619   -0.22536365   -0.67211302
    1.00000000   -0.21672544   -0.21714267   -0.70414748
    1.08333333   -0.20908542   -0.20913382   -0.72767469
    1.16666667   -0.20167643   -0.20138621   -0.73801888
    1.25000000   -0.19451918   -0.19393255   -0.72989207
    1.33333333   -0.18762670   -0.18679210   -0.69834077
    1.41666667   -0.18100588   -0.17997380   -0.64025848
    1.50000000   -0.17465877   -0.17347913   -0.55603344
    1.58333333   -0.16858372   -0.16730415   -0.45045613
    1.66666667   -0.16277623   -0.16144086   -0.33207661
    1.75000000   -0.15722970   -0.15587799   -0.21105322
    1.83333333   -0.15193606   -0.15060184   -0.09655092
    1.91666667   -0.14688619   -0.14559725    0.00505611
    2.00000000   -0.14207029   -0.14084876    0.09064285
    2.08333333   -0.13747822   -0.13634156    0.15976290
    2.16666667   -0.13309966   -0.13206177    0.21368394
    2.25000000   -0.12892437   -0.12799629    0.25449956
    2.33333333   -0.12494220   -0.12413230    0.28451367
    2.41666667   -0.12114329   -0.12045686    0.30589216
    2.50000000   -0.11751810   -0.11695709    0.32050919
    2.58333333   -0.11405742   -0.11362076    0.32990933
    2.66666667   -0.11075244   -0.11043693    0.33532734
    2.75000000   -0.10759479   -0.10739623    0.33773172
    2.83333333   -0.10457648   -0.10449062    0.33787313
    2.91666667   -0.10168993   -0.10171266    0.33632907
    3.00000000   -0.09892801   -0.09905484    0.33354190
    3.08333333   -0.09628393   -0.09650931    0.32984955
    3.16666667   -0.09375131   -0.09406825    0.32550977
    3.25000000   -0.09132416   -0.09172456    0.32071898
    3.33333333   -0.08899680   -0.08947240    0.31562666
    3.41666667   -0.08676390   -0.08730722    0.31034640
    3.50000000   -0.08462047   -0.08522528    0.30496436
    3.58333333   -0.08256178   -0.08322280    0.29954561
    3.66666667   -0.08058340   -0.08129545    0.29413907
    3.75000000   -0.07868117   -0.07943833    0.28878128
    3.83333333   -0.07685119   -0.07764657    0.28349915
    3.91666667   -0.07508975   -0.07591610    0.27831227
    4.00000000   -0.07339342   -0.07424401    0.27323456
    4.08333333   -0.07175893   -0.07262841    0.26827551
    4.16666667   -0.07018323   -0.07106769    0.26344135
    4.25000000   -0.06866343   -0.06955978    0.25873558
    4.33333333   -0.06719681   -0.06810177    0.25415985
    4.41666667   -0.06578084   -0.06669021    0.24971427
    4.50000000   -0.06441310   -0.06532187    0.24539777
    4.58333333   -0.06309132   -0.06399440    0.24120847
    4.66666667   -0.06181338   -0.06270658    0.23714388
    4.75000000   -0.06057725   -0.06145791    0.23320101
    4.83333333   -0.05938103   -0.06024774    0.22937659
    4.91666667   -0.05822293   -0.05907467    0.22566717
    5.00000000   -0.05710124   -0.05793638    0.22206908
    5.08333333   -0.05601437   -0.05683020    0.21857870
    5.16666667   -0.05496081   -0.05575388    0.21519234
    5.25000000   -0.05393911   -0.05470622    0.21190630
    5.33333333   -0.05294791   -0.05368703    0.20871702
    5.41666667   -0.05198595   -0.05269648    0.20562096
    5.50000000   -0.05105199   -0.05173430    0.20261464
    5.58333333   -0.05014488   -0.05079925    0.19969475
    5.66666667   -0.04926353   -0.04988925    0.19685805
    5.75000000   -0.04840690   -0.04900213    0.19410140
    5.83333333   -0.04757400   -0.04813637    0.19142179
    5.91666667   -0.04676390   -0.04729159    0.18881633
    6.00000000   -0.04597570   -0.04646824    0.18628222
    6.08333333   -0.04520857   -0.04566681    0.18381679
    6.16666667   -0.04446169   -0.04488703    0.18141750
    6.25000000   -0.04373431   -0.04412761    0.17908186
    6.33333333   -0.04302568   -0.04338659    0.17680753
    6.41666667   -0.04233513   -0.04266217    0.17459227
    6.50000000   -0.04166197   -0.04195351    0.17243390
    6.58333333   -0.04100560   -0.04126084    0.17033037
    6.66666667   -0.04036540   -0.04058498    0.16827972
    6.75000000   -0.03974079   -0.03992647    0.16628004
    6.83333333   -0.03913124   -0.03928488    0.16432953
    6.91666667   -0.03853621   -0.03865876    0.16242647
    7.00000000   -0.03795521   -0.03804626    0.16056918
    7.08333333   -0.03738776   -0.03744600    0.15875610
    7.16666667   -0.03683341   -0.03685770    0.15698572
    7.25000000   -0.03629170   -0.03628206    0.15525657
    7.33333333   -0.03576223   -0.03572009    0.15356726
    7.41666667   -0.03524460   -0.03517221    0.15191649
    7.50000000   -0.03473841   -0.03463771    0.15030294
    7.58333333   -0.03424331   -0.03411498    0.14872542
    7.66666667   -0.03375894   -0.03360233    0.14718277
    7.75000000   -0.03328495   -0.03309882    0.14567383
    7.83333333   -0.03282104   -0.03260467    0.14419754
    7.91666667   -0.03236688   -0.03212097    0.14275289
    8.00000000   -0.03192217   -0.03164872    0.14133885
    8.08333333   -0.03148664   -0.03118808    0.13995451
    8.16666667   -0.03106000   -0.03073802    0.13859891
    8.25000000   -0.03064198   -0.03029685    0.13727122
    8.33333333   -0.03023235   -0.02986308    0.13597057
    8.41666667   -0.02983083   -0.02943625    0.13469615
    8.50000000   -0.02943721   -0.02901707    0.13344720
    8.58333333   -0.02905126   -0.02860681    0.13222296
    8.66666667   -0.02867275   -0.02820636    0.13102270
    8.75000000   -0.02830148   -0.02781552    0.12984575
    8.83333333   -0.02793724   -0.02743297    0.12869143
    8.91666667   -0.02757984   -0.02705699    0.12755908
    9.00000000   -0.02722909   -0.02668640    0.12644812
    9.08333333   -0.02688480   -0.02632124    0.12535792
    9.16666667   -0.02654681   -0.02596260    0.12428792
    9.25000000   -0.02621495   -0.02561185    0.12323758
    9.33333333   -0.02588905   -0.02526960    0.12220635
    9.41666667   -0.02556894   -0.02493527    0.12119370
    9.50000000   -0.02525450   -0.02460727    0.12019917
    9.58333333   -0.02494556   -0.02428396    0.11922226
    9.66666667   -0.02464198   -0.02396457    0.11826250
    9.75000000   -0.02434362   -0.02364962    0.11731946
    9.83333333   -0.02405037   -0.02334051    0.11639271
    9.91666667   -0.02376207   -0.02303852    0.11548181
   10.00000000   -0.02347862   -0.02274394    0.11458638
   10.08333333   -0.02319990   -0.02245575    0.11370602
   10.16666667   -0.02292577   -0.02217220    0.11284034
   10.25000000   -0.02265615   -0.02189184    0.11198901
   10.33333333   -0.02239090   -0.02161437    0.11115166
   10.41666667   -0.02212994   -0.02134076    0.11032793
   10.50000000   -0.02187316   -0.02107260    0.10951753
   10.58333333   -0.02162045   -0.02081098    0.10872011
   10.66666667   -0.02137173   -0.02055574    0.10793536
   10.75000000   -0.02112690   -0.02030548    0.10716299
   10.83333333   -0.02088588   -0.02005839    0.10640272
   10.91666667   -0.02064856   -0.01981332    0.10565425
   11.00000000   -0.02041488   -0.01957047    0.10491731
   11.08333333   -0.02018474   -0.01933125    0.10419165
   11.16666667   -0.01995807   -0.01909727    0.10347699
   11.25000000   -0.01973479   -0.01886931    0.10277310
   11.33333333   -0.01951483   -0.01864672    0.10207974
   11.41666667   -0.01929811   -0.01842779    0.10139666
   11.50000000   -0.01908456   -0.01821074    0.10072365
   11.58333333   -0.01887411   -0.01799485    0.10006047
   11.66666667   -0.01866670   -0.01778087    0.09940692
   11.75000000   -0.01846226   -0.01757050    0.09876279
   11.83333333   -0.01826074   -0.01736527    0.09812788
   11.91666667   -0.01806205   -0.01716553    0.09750198
   12.00000000   -0.01786616   -0.01697012    0.09688492
   12.08333333   -0.01767300   -0.01677711    0.09627649
   12.16666667   -0.01748250   -0.01658491    0.09567653
   12.25000000   -0.01729463   -0.01639331    0.09508485
   12.33333333   -0.01710933   -0.01620357    0.09450130
   12.41666667   -0.01692653   -0.01601760    0.09392568
   12.50000000   -0.01674620   -0.01583669    0.09335787
   12.58333333   -0.01656828   -0.01566066    0.09279768
   12.66666667   -0.01639273   -0.01548790    0.09224496
   12.75000000   -0.01621950   -0.01531633    0.09169959
   12.83333333   -0.01604854   -0.01514472    0.09116139
   12.91666667   -0.01587981   -0.01497343    0.09063023
   13.00000000   -0.01571327   -0.01480419    0.09010599
   13.08333333   -0.01554887   -0.01463897    0.08958852
   13.16666667   -0.01538657   -0.01447870    0.08907768
   13.25000000   -0.01522633   -0.01432260    0.08857336
   13.33333333   -0.01506813   -0.01416862    0.08807543
   13.41666667   -0.01491190   -0.01401474    0.08758377
   13.50000000   -0.01475763   -0.01386017    0.08709826
   13.58333333   -0.01460527   -0.01370593    0.08661879
   13.66666667   -0.01445478   -0.01355412    0.08614524
   13.75000000   -0.01430614   -0.01340664    0.08567751
   13.83333333   -0.01415931   -0.01326386    0.08521548
   13.91666667   -0.01401426   -0.01312440    0.08475906
   14.00000000   -0.01387095   -0.01298588    0.08430814
   14.08333333   -0.01372936   -0.01284646    0.08386263
   14.16666667   -0.01358945   -0.01270597    0.08342242
   14.25000000   -0.01345119   -0.01256606    0.08298743
   14.33333333   -0.01331456   -0.01242912    0.08255756
   14.41666667   -0.01317953   -0.01229676    0.08213272
   14.50000000   -0.01304606   -0.01216873    0.08171282
   14.58333333   -0.01291414   -0.01204298    0.08129778
   14.66666667   -0.01278372   -0.01191696    0.08088751
   14.75000000   -0.01265480   -0.01178919    0.08048193
   14.83333333   -0.01252735   -0.01166022    0.08008096
   14.91666667   -0.01240133   -0.01153232    0.07968453
   15.00000000   -0.01227672   -0.01140803    0.07929255
   15.08333333   -0.01215351   -0.01128849    0.07890495
   15.16666667   -0.01203167   -0.01117268    0.07852166
   15.25000000   -0.01191117   -0.01105795    0.07814260
   15.33333333   -0.01179200   -0.01094170    0.07776772
   15.41666667   -0.01167412   -0.01082301    0.07739693
   15.50000000   -0.01155753   -0.01070328    0.07703017
   15.58333333   -0.01144220   -0.01058534    0.07666738
   15.66666667   -0.01132810   -0.01047169    0.07630848
   15.75000000   -0.01121523   -0.01036281    0.07595343
   15.83333333   -0.01110356   -0.01025679    0.07560216
   15.91666667   -0.01099307   -0.01015044    0.07525460
   16.00000000   -0.01088374   -0.01004131    0.07491070
   16.08333333   -0.01077555   -0.00992925    0.07457040
   16.16666667   -0.01066850   -0.00981659    0.07423365
   16.25000000   -0.01056255   -0.00970667    0.07390038
   16.33333333   -0.01045769   -0.00960172    0.07357055
   16.41666667   -0.01035391   -0.00950131    0.07324411
   16.50000000   -0.01025119   -0.00940255    0.07292099
   16.58333333   -0.01014951   -0.00930181    0.07260116
   16.66666667   -0.01004886   -0.00919700    0.07228455
   16.75000000   -0.00994922   -0.00908900    0.07197113
   16.83333333   -0.00985057   -0.00898117    0.07166083
   16.91666667   -0.00975291   -0.00887724    0.07135364
   17.00000000   -0.00965622   -0.00877890    0.07104947
   17.08333333   -0.00956047   -0.00868456    0.07074830
   17.16666667   -0.00946567   -0.00859019    0.07045009
   17.25000000   -0.00937179   -0.00849180    0.07015478
   17.33333333   -0.00927882   -0.00838801    0.06986234
   17.41666667   -0.00918675   -0.00828101    0.06957272
   17.50000000   -0.00909557   -0.00817534    0.06928589
   17.58333333   -0.00900526   -0.00807501    0.06900180
   17.66666667   -0.00891581   -0.00798079    0.06872041
   17.75000000   -0.00882721   -0.00788952    0.06844169
   17.83333333   -0.00873944   -0.00779581    0.06816560
   17.91666667   -0.00865250   -0.00769544    0.06789210
   18.00000000   -0.00856637   -0.00758810    0.06762116
   18.08333333   -0.00848104   -0.00747785    0.06735273
   18.16666667   -0.00839651   -0.00737069    0.06708679
   18.25000000   -0.00831275   -0.00727076    0.06682330
   18.33333333   -0.00822976   -0.00717737    0.06656222
   18.41666667   -0.00814753   -0.00708501    0.06630353
   18.50000000   -0.00806604   -0.00698644    0.06604718
   18.58333333   -0.00798530   -0.00687723    0.06579315
   18.66666667   -0.00790528   -0.00675889    0.06554142
   18.75000000   -0.00782598   -0.00663839    0.06529193
   18.83333333   -0.00774739   -0.00652409    0.06504468
   18.91666667   -0.00766950   -0.00642026    0.06479962
   19.00000000   -0.00759229   -0.00632366    0.06455673
   19.08333333   -0.00751577   -0.00622452    0.06431597
   19.16666667   -0.00743992   -0.00611203    0.06407733
   19.25000000   -0.00736473   -0.00598120    0.06384076
   19.33333333   -0.00729020   -0.00583717    0.06360626
   19.41666667   -0.00721631   -0.00569367    0.06337378
   19.50000000   -0.00714306   -0.00556566    0.06314330
   19.58333333   -0.00707043   -0.00545976    0.06291480
   19.66666667   -0.00699843   -0.00536749    0.06268826
   19.75000000   -0.00692704   -0.00526593    0.06246364
   19.83333333   -0.00685626   -0.00512625    0.06224092
   19.91666667   -0.00678608   -0.00492687    0.06202008
   20.00000000   -0.00671648   -0.00466488    0.06180109
