  -20.00000000    0.03585129   -0.00433333   -0.03362401
  -19.91666667    0.03594913   -0.00466970   -0.03383241
  -19.83333333    0.03604786   -0.00490331   -0.03404261
  -19.75000000    0.03614750   -0.00503907   -0.03425467
  -19.66666667    0.03624805   -0.00511240   -0.03446860
  -19.58333333    0.03634954   -0.00517059   -0.03468443
  -19.50000000    0.03645198   -0.00525130   -0.03490217
  -19.41666667    0.03655537   -0.00536859   -0.03512187
  -19.33333333    0.03665973   -0.00551193   -0.03534353
  -19.25000000    0.03676508   -0.00565715   -0.03556720
  -19.16666667    0.03687143   -0.00578208   -0.03579290
  -19.08333333    0.03697879   -0.00587853   -0.03602065
  -19.00000000    0.03708718   -0.00595467   -0.03625048
  -18.91666667    0.03719661   -0.00602814   -0.03648243
  -18.83333333    0.03730710   -0.00611472   -0.03671651
  -18.75000000    0.03741866   -0.00621952   -0.03695277
  -18.66666667    0.03753131   -0.00633542   -0.03719123
  -18.58333333    0.03764507   -0.00644869   -0.03743192
  -18.50000000    0.03775995   -0.00654792   -0.03767488
  -18.41666667    0.03787596   -0.00663067   -0.03792013
  -18.33333333    0.03799313   -0.00670414   -0.03816770
  -18.25000000    0.03811147   -0.00678004   -0.03841765
  -18.16666667    0.03823100   -0.00686725   -0.03866999
  -18.08333333    0.03835174   -0.00696673   -0.03892475
  -18.00000000    0.03847370   -0.00707161   -0.03918199
  -17.91666667    0.03859691   -0.00717203   -0.03944172
  -17.83333333    0.03872138   -0.00726138   -0.03970399
  -17.75000000    0.03884713   -0.00734019   -0.03996885
  -17.66666667    0.03897419   -0.00741536   -0.04023631
  -17.58333333    0.03910257   -0.00749554   -0.04050642
  -17.50000000    0.03923229   -0.00758583   -0.04077924
  -17.41666667    0.03936338   -0.00768480   -0.04105478
  -17.33333333    0.03949585   -0.00778585   -0.04133309
  -17.25000000    0.03962973   -0.00788158   -0.04161423
  -17.16666667    0.03976505   -0.00796841   -0.04189822
  -17.08333333    0.03990181   -0.00804865   -0.04218511
  -17.00000000    0.04004006   -0.00812881   -0.04247496
  -16.91666667    0.04017980   -0.00821534   -0.04276779
  -16.83333333    0.04032107   -0.00831074   -0.04306367
  -16.75000000    0.04046390   -0.00841216   -0.04336263
  -16.66666667    0.04060830   -0.00851345   -0.04366473
  -16.58333333    0.04075429   -0.00860916   -0.04397002
  -16.50000000    0.04090192   -0.00869792   -0.04427854
  -16.41666667    0.04105121   -0.00878313   -0.04459035
  -16.33333333    0.04120218   -0.00887070   -0.04490550
  -16.25000000    0.04135486   -0.00896527   -0.04522404
  -16.16666667    0.04150929   -0.00906741   -0.04554604
  -16.08333333    0.04166548   -0.00917341   -0.04587154
  -16.00000000    0.04182348   -0.00927779   -0.04620060
  -15.91666667    0.04198331   -0.00937681   -0.04653329
  -15.83333333    0.04214500   -0.00947076   -0.04686966
  -15.75000000    0.04230859   -0.00956366   -0.04720977
  -15.66666667    0.04247411   -0.00966066   -0.04755369
  -15.58333333    0.04264160   -0.00976476   -0.04790148
  -15.50000000    0.04281109   -0.00987509   -0.04825320
  -15.41666667    0.04298261   -0.00998751   -0.04860893
  -15.33333333    0.04315621   -0.01009740   -0.04896873
  -15.25000000    0.04333192   -0.01020253   -0.04933267
  -15.16666667    0.04350977   -0.01030447   -0.04970082
  -15.08333333    0.04368981   -0.01040746   -0.05007326
  -15.00000000    0.04387208   -0.01051572   -0.05045007
  -14.91666667    0.04405661   -0.01063083   -0.05083131
  -14.83333333    0.04424346   -0.01075083   -0.05121707
  -14.75000000    0.04443266   -0.01087153   -0.05160742
  -14.66666667    0.04462426   -0.01098926   -0.05200246
  -14.58333333    0.04481831   -0.01110319   -0.05240226
  -14.50000000    0.04501485   -0.01121577   -0.05280692
  -14.41666667    0.04521392   -0.01133113   -0.05321651
  -14.33333333    0.04541558   -0.01145252   -0.05363113
  -14.25000000    0.04561988   -0.01158023   -0.05405088
  -14.16666667    0.04582686   -0.01171156   -0.05447584
  -14.08333333    0.04603660   -0.01184258   -0.05490612
  -14.00000000    0.04624912   -0.01197066   -0.05534182
  -13.91666667    0.04646450   -0.01209613   -0.05578303
  -13.83333333    0.04668278   -0.01222203   -0.05622987
  -13.75000000    0.04690403   -0.01235215   -0.05668243
  -13.66666667    0.04712831   -0.01248866   -0.05714083
  -13.58333333    0.04735568   -0.01263081   -0.05760520
  -13.50000000    0.04758620   -0.01277547   -0.05807562
  -13.41666667    0.04781994   -0.01291917   -0.05855224
  -13.33333333    0.04805696   -0.01306037   -0.05903517
  -13.25000000    0.04829733   -0.01320037   -0.05952453
  -13.16666667    0.04854113   -0.01334247   -0.06002046
  -13.08333333    0.04878842   -0.01348992   -0.06052309
  -13.00000000    0.04903928   -0.01364385   -0.06103254
  -12.91666667    0.04929379   -0.01380265   -0.06154897
  -12.83333333    0.04955202   -0.01396306   -0.06207251
  -12.75000000    0.04981406   -0.01412229   -0.06260331
  -12.66666667    0.05007999   -0.01427981   -0.06314152
  -12.58333333    0.05034989   -0.01443766   -0.06368730
  -12.50000000    0.05062386   -0.01459918   -0.06424080
  -12.41666667    0.05090198   -0.01476689   -0.06480219
  -12.33333333    0.05118434   -0.01494095   -0.06537164
  -12.25000000    0.05147105   -0.01511913   -0.06594931
  -12.16666667    0.05176220   -0.01529831   -0.06653538
  -12.08333333    0.05205789   -0.01547648   -0.06713005
  -12.00000000    0.05235823   -0.01565405   -0.06773349
  -11.91666667    0.05266333   -0.01583358   -0.06834590
  -11.83333333    0.05297329   -0.01601820   -0.06896748
  -11.75000000    0.05328823   -0.01620960   -0.06959843
  -11.66666667    0.05360827   -0.01640710   -0.07023895
  -11.58333333    0.05393353   -0.01660809   -0.07088929
  -11.50000000    0.05426414   -0.01680980   -0.07154963
  -11.41666667    0.05460021   -0.01701108   -0.07222023
  -11.33333333    0.05494191   -0.01721316   -0.07290131
  -11.25000000    0.05528934   -0.01741887   -0.07359312
  -11.16666667    0.05564265   -0.01763091   -0.07429591
  -11.08333333    0.05600201   -0.01785015   -0.07500994
  -11.00000000    0.05636754   -0.01807519   -0.07573547
  -10.91666667    0.05673941   -0.01830331   -0.07647277
  -10.83333333    0.05711779   -0.01853227   -0.07722214
  -10.75000000    0.05750283   -0.01876179   -0.07798385
  -10.66666667    0.05789470   -0.01899373   -0.07875820
  -10.58333333    0.05829359   -0.01923098   -0.07954553
  -10.50000000    0.05869968   -0.01947567   -0.08034612
  -10.41666667    0.05911314   -0.01972787   -0.08116031
  -10.33333333    0.05953420   -0.01998565   -0.08198846
  -10.25000000    0.05996302   -0.02024640   -0.08283089
  -10.16666667    0.06039984   -0.02050854   -0.08368797
  -10.08333333    0.06084487   -0.02077262   -0.08456009
  -10.00000000    0.06129832   -0.02104097   -0.08544761
   -9.91666667    0.06176042   -0.02131631   -0.08635093
   -9.83333333    0.06223142   -0.02160010   -0.08727048
   -9.75000000    0.06271156   -0.02189168   -0.08820665
   -9.66666667    0.06320110   -0.02218882   -0.08915989
   -9.58333333    0.06370030   -0.02248922   -0.09013066
   -9.50000000    0.06420942   -0.02279206   -0.09111939
   -9.41666667    0.06472876   -0.02309862   -0.09212659
   -9.33333333    0.06525861   -0.02341149   -0.09315275
   -9.25000000    0.06579926   -0.02373306   -0.09419837
   -9.16666667    0.06635102   -0.02406405   -0.09526396
   -9.08333333    0.06691424   -0.02440323   -0.09635010
   -9.00000000    0.06748922   -0.02474827   -0.09745731
   -8.91666667    0.06807633   -0.02509738   -0.09858619
   -8.83333333    0.06867593   -0.02545053   -0.09973734
   -8.75000000    0.06928838   -0.02580959   -0.10091134
   -8.66666667    0.06991407   -0.02617721   -0.10210885
   -8.58333333    0.07055340   -0.02655529   -0.10333052
   -8.50000000    0.07120677   -0.02694389   -0.10457700
   -8.41666667    0.07187462   -0.02734134   -0.10584898
   -8.33333333    0.07255739   -0.02774545   -0.10714721
   -8.25000000    0.07325553   -0.02815506   -0.10847236
   -8.16666667    0.07396952   -0.02857093   -0.10982521
   -8.08333333    0.07469986   -0.02899535   -0.11120655
   -8.00000000    0.07544703   -0.02943086   -0.11261712
   -7.91666667    0.07621157   -0.02987880   -0.11405775
   -7.83333333    0.07699401   -0.03033862   -0.11552927
   -7.75000000    0.07779493   -0.03080841   -0.11703251
   -7.66666667    0.07861489   -0.03128636   -0.11856834
   -7.58333333    0.07945449   -0.03177205   -0.12013762
   -7.50000000    0.08031434   -0.03226692   -0.12174125
   -7.41666667    0.08119509   -0.03277356   -0.12338012
   -7.33333333    0.08209737   -0.03329424   -0.12505512
   -7.25000000    0.08302188   -0.03382969   -0.12676718
   -7.16666667    0.08396929   -0.03437890   -0.12851720
   -7.08333333    0.08494031   -0.03493999   -0.13030606
   -7.00000000    0.08593569   -0.03551168   -0.13213469
   -6.91666667    0.08695615   -0.03609435   -0.13400393
   -6.83333333    0.08800247   -0.03669008   -0.13591463
   -6.75000000    0.08907543   -0.03730155   -0.13786761
   -6.66666667    0.09017581   -0.03793066   -0.13986361
   -6.58333333    0.09130442   -0.03857761   -0.14190332
   -6.50000000    0.09246209   -0.03924110   -0.14398738
   -6.41666667    0.09364963   -0.03991955   -0.14611628
   -6.33333333    0.09486787   -0.04061238   -0.14829039
   -6.25000000    0.09611763   -0.04132084   -0.15050998
   -6.16666667    0.09739975   -0.04204747   -0.15277510
   -6.08333333    0.09871502   -0.04279498   -0.15508557
   -6.00000000    0.10006426   -0.04356484   -0.15744099
   -5.91666667    0.10144822   -0.04435686   -0.15984061
   -5.83333333    0.10286764   -0.04516974   -0.16228332
   -5.75000000    0.10432322   -0.04600244   -0.16476761
   -5.66666667    0.10581558   -0.04685531   -0.16729142
   -5.58333333    0.10734528   -0.04773042   -0.16985207
   -5.50000000    0.10891280   -0.04863077   -0.17244624
   -5.41666667    0.11051850   -0.04955896   -0.17506973
   -5.33333333    0.11216259   -0.05051617   -0.17771738
   -5.25000000    0.11384517   -0.05150205   -0.18038296
   -5.16666667    0.11556611   -0.05251567   -0.18305889
   -5.08333333    0.11732505   -0.05355687   -0.18573611
   -5.00000000    0.11912142   -0.05462710   -0.18840389
   -4.91666667    0.12095428   -0.05572935   -0.19104946
   -4.83333333    0.12282236   -0.05686703   -0.19365784
   -4.75000000    0.12472397   -0.05804278   -0.19621152
   -4.66666667    0.12665694   -0.05925769   -0.19869012
   -4.58333333    0.12861851   -0.06051173   -0.20107002
   -4.50000000    0.13060529   -0.06180484   -0.20332416
   -4.41666667    0.13261313   -0.06313821   -0.20542153
   -4.33333333    0.13463703   -0.06451472   -0.20732701
   -4.25000000    0.13667101   -0.06593845   -0.20900114
   -4.16666667    0.13870796   -0.06741347   -0.21039993
   -4.08333333    0.14073947   -0.06894278   -0.21147494
   -4.00000000    0.14275574   -0.07052804   -0.21217358
   -3.91666667    0.14474527   -0.07217028   -0.21243959
   -3.83333333    0.14669473   -0.07387121   -0.21221405
   -3.75000000    0.14858870   -0.07563410   -0.21143678
   -3.66666667    0.15040941   -0.07746392   -0.21004829
   -3.58333333    0.15213651   -0.07936647   -0.20799237
   -3.50000000    0.15374668   -0.08134719   -0.20521929
   -3.41666667    0.15521338   -0.08341044   -0.20168959
   -3.33333333    0.15650651   -0.08555973   -0.19737828
   -3.25000000    0.15759197   -0.08779874   -0.19227927
   -3.16666667    0.15843136   -0.09013252   -0.18640955
   -3.08333333    0.15898155   -0.09256803   -0.17981274
   -3.00000000    0.15919426   -0.09511382   -0.17256156
   -2.91666667    0.15901566   -0.09777900   -0.16475832
   -2.83333333    0.15838597   -0.10057227   -0.15653356
   -2.75000000    0.15723904   -0.10350175   -0.14804241
   -2.66666667    0.15550204   -0.10657566   -0.13945851
   -2.58333333    0.15309511   -0.10980347   -0.13096646
   -2.50000000    0.14993117   -0.11319684   -0.12275322
   -2.41666667    0.14591582   -0.11676968   -0.11499921
   -2.33333333    0.14094743   -0.12053735   -0.10787036
   -2.25000000    0.13491757   -0.12451577   -0.10151172
   -2.16666667    0.12771167   -0.12872090   -0.09604301
   -2.08333333    0.11921030   -0.13316915   -0.09155662
   -2.00000000    0.10929133   -0.13787840   -0.08811767
   -1.91666667    0.09783261   -0.14286888   -0.08576596
   -1.83333333    0.08471641   -0.14816316   -0.08451924
   -1.75000000    0.06983498   -0.15378530   -0.08437734
   -1.66666667    0.05309831   -0.15975950   -0.08532665
   -1.58333333    0.03444381   -0.16610901   -0.08734456
   -1.50000000    0.01384823   -0.17285597   -0.09040357
   -1.41666667   -0.00865824   -0.18002150   -0.09447496
   -1.33333333   -0.03297670   -0.18762530   -0.09953188
   -1.25000000   -0.05892437   -0.19568355   -0.10555197
   -1.16666667   -0.08622118   -0.20420501   -0.11251941
   -1.08333333   -0.11448176   -0.21318606   -0.12042665
   -1.00000000   -0.14321565   -0.22260612   -0.12927581
   -0.91666667   -0.17183872   -0.23242451   -0.13907983
   -0.83333333   -0.19969841   -0.24257801   -0.14986360
   -0.75000000   -0.22611188   -0.25297731   -0.16166495
   -0.66666667   -0.25041454   -0.26349965   -0.17453573
   -0.58333333   -0.27201224   -0.27397694   -0.18854296
   -0.50000000   -0.29042963   -0.28418192   -0.20377000
   -0.41666667   -0.30534642   -0.29381869   -0.22031796
   -0.33333333   -0.31661573   -0.30252579   -0.23830698
   -0.25000000   -0.32426254   -0.30989831   -0.25787755
   -0.16666667   -0.32846411   -0.31553012   -0.27919144
   -0.08333333   -0.32951770   -0.31906991   -0.30243184
    0.00000000   -0.32780202   -0.32027820   -0.32780202
    0.08333333   -0.32373878   -0.31906991   -0.35552109
    0.16666667   -0.31775905   -0.31553012   -0.38581490
    0.25000000   -0.31027704   -0.30989831   -0.41889835
    0.33333333   -0.30167207   -0.30252579   -0.45494381
    0.41666667   -0.29227817   -0.29381869   -0.49402638
    0.50000000   -0.28237976   -0.28418192   -0.53603309
    0.58333333   -0.27221199   -0.27397694   -0.58051645
    0.66666667   -0.26196395   -0.26349965   -0.62646933
    0.75000000   -0.25178365   -0.25297731   -0.67199938
    0.83333333   -0.24178362   -0.24257801   -0.71390794
    0.91666667   -0.23204667   -0.23242451   -0.74725391
    1.00000000   -0.22263125   -0.22260612   -0.76514694
    1.08333333   -0.21357624   -0.21318606   -0.75924771
    1.16666667   -0.20490509   -0.20420501   -0.72156091
    1.25000000   -0.19662932   -0.19568355   -0.64762959
    1.33333333   -0.18875141   -0.18762530   -0.53988558
    1.41666667   -0.18126710   -0.18002150   -0.40864357
    1.50000000   -0.17416722   -0.17285597   -0.26914456
    1.58333333   -0.16743922   -0.16610901   -0.13622420
    1.66666667   -0.16106825   -0.15975950   -0.02009919
    1.75000000   -0.15503805   -0.15378530    0.07476260
    1.83333333   -0.14933161   -0.14816316    0.14837434
    1.91666667   -0.14393167   -0.14286888    0.20324507
    2.00000000   -0.13882104   -0.13787840    0.24277538
    2.08333333   -0.13398296   -0.13316915    0.27031683
    2.16666667   -0.12940115   -0.12872090    0.28875862
    2.25000000   -0.12506004   -0.12451577    0.30042159
    2.33333333   -0.12094479   -0.12053735    0.30709729
    2.41666667   -0.11704131   -0.11676968    0.31013706
    2.50000000   -0.11333638   -0.11319684    0.31054693
    2.58333333   -0.10981751   -0.10980347    0.30907065
    2.66666667   -0.10647300   -0.10657566    0.30625609
    2.75000000   -0.10329192   -0.10350175    0.30250634
    2.83333333   -0.10026405   -0.10057227    0.29811779
    2.91666667   -0.09737985   -0.09777900    0.29330834
    3.00000000   -0.09463043   -0.09511382    0.28823814
    3.08333333   -0.09200752   -0.09256803    0.28302465
    3.16666667   -0.08950338   -0.09013252    0.27775377
    3.25000000   -0.08711086   -0.08779874    0.27248806
    3.33333333   -0.08482327   -0.08555973    0.26727264
    3.41666667   -0.08263437   -0.08341044    0.26213966
    3.50000000   -0.08053840   -0.08134719    0.25711162
    3.58333333   -0.07852995   -0.07936647    0.25220378
    3.66666667   -0.07660399   -0.07746392    0.24742599
    3.75000000   -0.07475586   -0.07563410    0.24278410
    3.83333333   -0.07298118   -0.07387121    0.23828097
    3.91666667   -0.07127588   -0.07217028    0.23391720
    4.00000000   -0.06963617   -0.07052804    0.22969186
    4.08333333   -0.06805851   -0.06894278    0.22560275
    4.16666667   -0.06653958   -0.06741347    0.22164692
    4.25000000   -0.06507628   -0.06593845    0.21782076
    4.33333333   -0.06366572   -0.06451472    0.21412033
    4.41666667   -0.06230520   -0.06313821    0.21054146
    4.50000000   -0.06099217   -0.06180484    0.20707978
    4.58333333   -0.05972425   -0.06051173    0.20373094
    4.66666667   -0.05849922   -0.05925769    0.20049062
    4.75000000   -0.05731499   -0.05804278    0.19735448
    4.83333333   -0.05616958   -0.05686703    0.19431835
    4.91666667   -0.05506116   -0.05572935    0.19137816
    5.00000000   -0.05398799   -0.05462710    0.18852994
    5.08333333   -0.05294843   -0.05355687    0.18576989
    5.16666667   -0.05194095   -0.05251567    0.18309438
    5.25000000   -0.05096410   -0.05150205    0.18049986
    5.33333333   -0.05001652   -0.05051617    0.17798300
    5.41666667   -0.04909693   -0.04955896    0.17554060
    5.50000000   -0.04820409   -0.04863077    0.17316957
    5.58333333   -0.04733686   -0.04773042    0.17086700
    5.66666667   -0.04649418   -0.04685531    0.16863012
    5.75000000   -0.04567499   -0.04600244    0.16645626
    5.83333333   -0.04487834   -0.04516974    0.16434289
    5.91666667   -0.04410331   -0.04435686    0.16228762
    6.00000000   -0.04334902   -0.04356484    0.16028815
    6.08333333   -0.04261465   -0.04279498    0.15834229
    6.16666667   -0.04189942   -0.04204747    0.15644798
    6.25000000   -0.04120258   -0.04132084    0.15460323
    6.33333333   -0.04052343   -0.04061238    0.15280615
    6.41666667   -0.03986130   -0.03991955    0.15105497
    6.50000000   -0.03921555   -0.03924110    0.14934795
    6.58333333   -0.03858557   -0.03857761    0.14768348
    6.66666667   -0.03797078   -0.03793066    0.14606000
    6.75000000   -0.03737065   -0.03730155    0.14447602
    6.83333333   -0.03678463   -0.03669008    0.14293014
    6.91666667   -0.03621225   -0.03609435    0.14142101
    7.00000000   -0.03565300   -0.03551168    0.13994733
    7.08333333   -0.03510646   -0.03493999    0.13850788
    7.16666667   -0.03457217   -0.03437890    0.13710148
    7.25000000   -0.03404973   -0.03382969    0.13572701
    7.33333333   -0.03353874   -0.03329424    0.13438339
    7.41666667   -0.03303883   -0.03277356    0.13306960
    7.50000000   -0.03254962   -0.03226692    0.13178466
    7.58333333   -0.03207078   -0.03177205    0.13052761
    7.66666667   -0.03160197   -0.03128636    0.12929758
    7.75000000   -0.03114288   -0.03080841    0.12809368
    7.83333333   -0.03069319   -0.03033862    0.12691509
    7.91666667   -0.03025263   -0.02987880    0.12576103
    8.00000000   -0.02982090   -0.02943086    0.12463072
    8.08333333   -0.02939775   -0.02899535    0.12352345
    8.16666667   -0.02898291   -0.02857093    0.12243850
    8.25000000   -0.02857614   -0.02815506    0.12137521
    8.33333333   -0.02817719   -0.02774545    0.12033294
    8.41666667   -0.02778585   -0.02734134    0.11931105
    8.50000000   -0.02740188   -0.02694389    0.11830897
    8.58333333   -0.02702509   -0.02655529    0.11732611
    8.66666667   -0.02665526   -0.02617721    0.11636191
    8.75000000   -0.02629221   -0.02580959    0.11541586
    8.83333333   -0.02593574   -0.02545053    0.11448744
    8.91666667   -0.02558567   -0.02509738    0.11357615
    9.00000000   -0.02524184   -0.02474827    0.11268154
    9.08333333   -0.02490406   -0.02440323    0.11180313
    9.16666667   -0.02457218   -0.02406405    0.11094048
    9.25000000   -0.02424604   -0.02373306    0.11009318
    9.33333333   -0.02392549   -0.02341149    0.10926082
    9.41666667   -0.02361039   -0.02309862    0.10844298
    9.50000000   -0.02330059   -0.02279206    0.10763932
    9.58333333   -0.02299597   -0.02248922    0.10684945
    9.66666667   -0.02269638   -0.02218882    0.10607301
    9.75000000   -0.02240170   -0.02189168    0.10530967
    9.83333333   -0.02211181   -0.02160010    0.10455910
    9.91666667   -0.02182660   -0.02131631    0.10382095
   10.00000000   -0.02154594   -0.02104097    0.10309495
   10.08333333   -0.02126973   -0.02077262    0.10238079
   10.16666667   -0.02099785   -0.02050854    0.10167816
   10.25000000   -0.02073022   -0.02024640    0.10098680
   10.33333333   -0.02046672   -0.01998565    0.10030644
   10.41666667   -0.02020725   -0.01972787    0.09963680
   10.50000000   -0.01995173   -0.01947567    0.09897765
   10.58333333   -0.01970007   -0.01923098    0.09832872
   10.66666667   -0.01945217   -0.01899373    0.09768978
   10.75000000   -0.01920795   -0.01876179    0.09706061
   10.83333333   -0.01896733   -0.01853227    0.09644098
   10.91666667   -0.01873022   -0.01830331    0.09583066
   11.00000000   -0.01849656   -0.01807519    0.09522946
   11.08333333   -0.01826625   -0.01785015    0.09463716
   11.16666667   -0.01803923   -0.01763091    0.09405357
   11.25000000   -0.01781544   -0.01741887    0.09347850
   11.33333333   -0.01759479   -0.01721316    0.09291175
   11.41666667   -0.01737722   -0.01701108    0.09235315
   11.50000000   -0.01716267   -0.01680980    0.09180253
   11.58333333   -0.01695107   -0.01660809    0.09125970
   11.66666667   -0.01674235   -0.01640710    0.09072451
   11.75000000   -0.01653648   -0.01620960    0.09019679
   11.83333333   -0.01633337   -0.01601820    0.08967639
   11.91666667   -0.01613298   -0.01583358    0.08916315
   12.00000000   -0.01593525   -0.01565405    0.08865694
   12.08333333   -0.01574013   -0.01547648    0.08815759
   12.16666667   -0.01554756   -0.01529831    0.08766497
   12.25000000   -0.01535750   -0.01511913    0.08717895
   12.33333333   -0.01516989   -0.01494095    0.08669940
   12.41666667   -0.01498468   -0.01476689    0.08622617
   12.50000000   -0.01480184   -0.01459918    0.08575916
   12.58333333   -0.01462132   -0.01443766    0.08529824
   12.66666667   -0.01444306   -0.01427981    0.08484327
   12.75000000   -0.01426702   -0.01412229    0.08439416
   12.83333333   -0.01409318   -0.01396306    0.08395079
   12.91666667   -0.01392147   -0.01380265    0.08351305
   13.00000000   -0.01375187   -0.01364385    0.08308082
   13.08333333   -0.01358433   -0.01348992    0.08265402
   13.16666667   -0.01341882   -0.01334247    0.08223252
   13.25000000   -0.01325530   -0.01320037    0.08181624
   13.33333333   -0.01309373   -0.01306037    0.08140508
   13.41666667   -0.01293408   -0.01291917    0.08099894
   13.50000000   -0.01277631   -0.01277547    0.08059773
   13.58333333   -0.01262039   -0.01263081    0.08020137
   13.66666667   -0.01246628   -0.01248866    0.07980975
   13.75000000   -0.01231396   -0.01235215    0.07942281
   13.83333333   -0.01216339   -0.01222203    0.07904045
   13.91666667   -0.01201455   -0.01209613    0.07866259
   14.00000000   -0.01186740   -0.01197066    0.07828915
   14.08333333   -0.01172191   -0.01184258    0.07792006
   14.16666667   -0.01157805   -0.01171156    0.07755524
   14.25000000   -0.01143580   -0.01158023    0.07719462
   14.33333333   -0.01129514   -0.01145252    0.07683811
   14.41666667   -0.01115602   -0.01133113    0.07648566
   14.50000000   -0.01101843   -0.01121577    0.07613719
   14.58333333   -0.01088235   -0.01110319    0.07579264
   14.66666667   -0.01074774   -0.01098926    0.07545193
   14.75000000   -0.01061458   -0.01087153    0.07511502
   14.83333333   -0.01048286   -0.01075083    0.07478182
   14.91666667   -0.01035254   -0.01063083    0.07445228
   15.00000000   -0.01022360   -0.01051572    0.07412634
   15.08333333   -0.01009602   -0.01040746    0.07380394
   15.16666667   -0.00996978   -0.01030447    0.07348502
   15.25000000   -0.00984487   -0.01020253    0.07316954
   15.33333333   -0.00972124   -0.01009740    0.07285742
   15.41666667   -0.00959890   -0.00998751    0.07254861
   15.50000000   -0.00947781   -0.00987509    0.07224307
   15.58333333   -0.00935796   -0.00976476    0.07194075
   15.66666667   -0.00923932   -0.00966066    0.07164158
   15.75000000   -0.00912189   -0.00956366    0.07134553
   15.83333333   -0.00900563   -0.00947076    0.07105254
   15.91666667   -0.00889054   -0.00937681    0.07076256
   16.00000000   -0.00877660   -0.00927779    0.07047556
   16.08333333   -0.00866378   -0.00917341    0.07019147
   16.16666667   -0.00855208   -0.00906741    0.06991027
   16.25000000   -0.00844147   -0.00896527    0.06963190
   16.33333333   -0.00833193   -0.00887070    0.06935632
   16.41666667   -0.00822347   -0.00878313    0.06908350
   16.50000000   -0.00811604   -0.00869792    0.06881338
   16.58333333   -0.00800965   -0.00860916    0.06854593
   16.66666667   -0.00790428   -0.00851345    0.06828111
   16.75000000   -0.00779991   -0.00841216    0.06801888
   16.83333333   -0.00769652   -0.00831074    0.06775919
   16.91666667   -0.00759411   -0.00821534    0.06750203
   17.00000000   -0.00749266   -0.00812881    0.06724734
   17.08333333   -0.00739216   -0.00804865    0.06699510
   17.16666667   -0.00729259   -0.00796841    0.06674526
   17.25000000   -0.00719394   -0.00788158    0.06649780
   17.33333333   -0.00709619   -0.00778585    0.06625267
   17.41666667   -0.00699934   -0.00768480    0.06600985
   17.50000000   -0.00690337   -0.00758583    0.06576931
   17.58333333   -0.00680827   -0.00749554    0.06553100
   17.66666667   -0.00671403   -0.00741536    0.06529491
   17.75000000   -0.00662064   -0.00734019    0.06506099
   17.83333333   -0.00652808   -0.00726138    0.06482922
   17.91666667   -0.00643635   -0.00717203    0.06459957
   18.00000000   -0.00634542   -0.00707161    0.06437201
   18.08333333   -0.00625530   -0.00696673    0.06414651
   18.16666667   -0.00616597   -0.00686725    0.06392306
   18.25000000   -0.00607742   -0.00678004    0.06370160
   18.33333333   -0.00598964   -0.00670414    0.06348212
   18.41666667   -0.00590262   -0.00663067    0.06326460
   18.50000000   -0.00581635   -0.00654792    0.06304900
   18.58333333   -0.00573082   -0.00644869    0.06283530
   18.66666667   -0.00564602   -0.00633542    0.06262348
   18.75000000   -0.00556194   -0.00621952    0.06241350
   18.83333333   -0.00547857   -0.00611472    0.06220536
   18.91666667   -0.00539591   -0.00602814    0.06199902
   19.00000000   -0.00531394   -0.00595467    0.06179446
   19.08333333   -0.00523266   -0.00587853    0.06159165
   19.16666667   -0.00515205   -0.00578208    0.06139058
   19.25000000   -0.00507211   -0.00565715    0.06119122
   19.33333333   -0.00499283   -0.00551193    0.06099355
   19.41666667   -0.00491421   -0.00536859    0.06079755
   19.50000000   -0.00483622   -0.00525130    0.06060319
   19.58333333   -0.00475887   -0.00517059    0.06041046
   19.66666667   -0.00468216   -0.00511240    0.06021934
   19.75000000   -0.00460605   -0.00503907    0.06002981
   19.83333333   -0.00453057   -0.00490331    0.05984183
   19.91666667   -0.00445568   -0.00466970    0.05965541
   20.00000000   -0.00438140   -0.00433333    0.05947052
