  -20.00000000   -0.03637949   -0.00215136   -0.07677454
  -19.91666667   -0.03652777   -0.00211892   -0.07701512
  -19.83333333   -0.03667774   -0.00211583   -0.07725753
  -19.75000000   -0.03682943   -0.00214303   -0.07750181
  -19.66666667   -0.03698286   -0.00219342   -0.07774796
  -19.58333333   -0.03713805   -0.00225562   -0.07799601
  -19.50000000   -0.03729505   -0.00231886   -0.07824599
  -19.41666667   -0.03745387   -0.00237682   -0.07849792
  -19.33333333   -0.03761455   -0.00242897   -0.07875182
  -19.25000000   -0.03777713   -0.00247899   -0.07900771
  -19.16666667   -0.03794162   -0.00253168   -0.07926563
  -19.08333333   -0.03810806   -0.00258986   -0.07952558
  -19.00000000   -0.03827648   -0.00265291   -0.07978760
  -18.91666667   -0.03844692   -0.00271743   -0.08005171
  -18.83333333   -0.03861941   -0.00277936   -0.08031794
  -18.75000000   -0.03879399   -0.00283631   -0.08058632
  -18.66666667   -0.03897069   -0.00288867   -0.08085687
  -18.58333333   -0.03914954   -0.00293912   -0.08112961
  -18.50000000   -0.03933058   -0.00299090   -0.08140458
  -18.41666667   -0.03951386   -0.00304584   -0.08168180
  -18.33333333   -0.03969940   -0.00310349   -0.08196129
  -18.25000000   -0.03988725   -0.00316151   -0.08224310
  -18.16666667   -0.04007745   -0.00321719   -0.08252725
  -18.08333333   -0.04027004   -0.00326912   -0.08281376
  -18.00000000   -0.04046505   -0.00331791   -0.08310268
  -17.91666667   -0.04066254   -0.00336578   -0.08339402
  -17.83333333   -0.04086255   -0.00341516   -0.08368782
  -17.75000000   -0.04106512   -0.00346728   -0.08398411
  -17.66666667   -0.04127029   -0.00352146   -0.08428293
  -17.58333333   -0.04147811   -0.00357569   -0.08458430
  -17.50000000   -0.04168864   -0.00362785   -0.08488827
  -17.41666667   -0.04190192   -0.00367702   -0.08519486
  -17.33333333   -0.04211800   -0.00372403   -0.08550410
  -17.25000000   -0.04233693   -0.00377089   -0.08581605
  -17.16666667   -0.04255876   -0.00381959   -0.08613072
  -17.08333333   -0.04278354   -0.00387088   -0.08644816
  -17.00000000   -0.04301134   -0.00392387   -0.08676840
  -16.91666667   -0.04324220   -0.00397665   -0.08709149
  -16.83333333   -0.04347618   -0.00402749   -0.08741746
  -16.75000000   -0.04371335   -0.00407587   -0.08774635
  -16.66666667   -0.04395376   -0.00412283   -0.08807820
  -16.58333333   -0.04419747   -0.00417028   -0.08841305
  -16.50000000   -0.04444455   -0.00421986   -0.08875095
  -16.41666667   -0.04469505   -0.00427193   -0.08909193
  -16.33333333   -0.04494905   -0.00432539   -0.08943603
  -16.25000000   -0.04520662   -0.00437839   -0.08978332
  -16.16666667   -0.04546781   -0.00442951   -0.09013382
  -16.08333333   -0.04573271   -0.00447860   -0.09048758
  -16.00000000   -0.04600138   -0.00452690   -0.09084466
  -15.91666667   -0.04627390   -0.00457625   -0.09120510
  -15.83333333   -0.04655034   -0.00462797   -0.09156894
  -15.75000000   -0.04683078   -0.00468208   -0.09193624
  -15.66666667   -0.04711531   -0.00473725   -0.09230704
  -15.58333333   -0.04740399   -0.00479172   -0.09268141
  -15.50000000   -0.04769692   -0.00484435   -0.09305938
  -15.41666667   -0.04799419   -0.00489534   -0.09344102
  -15.33333333   -0.04829587   -0.00494614   -0.09382638
  -15.25000000   -0.04860206   -0.00499851   -0.09421551
  -15.16666667   -0.04891285   -0.00505345   -0.09460848
  -15.08333333   -0.04922835   -0.00511061   -0.09500534
  -15.00000000   -0.04954863   -0.00516849   -0.09540614
  -14.91666667   -0.04987380   -0.00522543   -0.09581096
  -14.83333333   -0.05020397   -0.00528060   -0.09621985
  -14.75000000   -0.05053923   -0.00533456   -0.09663287
  -14.66666667   -0.05087970   -0.00538892   -0.09705010
  -14.58333333   -0.05122549   -0.00544532   -0.09747159
  -14.50000000   -0.05157671   -0.00550442   -0.09789742
  -14.41666667   -0.05193347   -0.00556552   -0.09832765
  -14.33333333   -0.05229590   -0.00562698   -0.09876235
  -14.25000000   -0.05266411   -0.00568727   -0.09920159
  -14.16666667   -0.05303823   -0.00574593   -0.09964546
  -14.08333333   -0.05341839   -0.00580387   -0.10009402
  -14.00000000   -0.05380472   -0.00586279   -0.10054735
  -13.91666667   -0.05419736   -0.00592418   -0.10100552
  -13.83333333   -0.05459644   -0.00598832   -0.10146863
  -13.75000000   -0.05500211   -0.00605418   -0.10193675
  -13.66666667   -0.05541452   -0.00612003   -0.10240996
  -13.58333333   -0.05583382   -0.00618454   -0.10288836
  -13.50000000   -0.05626015   -0.00624764   -0.10337202
  -13.41666667   -0.05669369   -0.00631054   -0.10386104
  -13.33333333   -0.05713459   -0.00637505   -0.10435552
  -13.25000000   -0.05758302   -0.00644237   -0.10485554
  -13.16666667   -0.05803915   -0.00651241   -0.10536121
  -13.08333333   -0.05850317   -0.00658383   -0.10587262
  -13.00000000   -0.05897525   -0.00665486   -0.10638987
  -12.91666667   -0.05945558   -0.00672447   -0.10691306
  -12.83333333   -0.05994435   -0.00679297   -0.10744232
  -12.75000000   -0.06044177   -0.00686189   -0.10797773
  -12.66666667   -0.06094802   -0.00693300   -0.10851942
  -12.58333333   -0.06146334   -0.00700722   -0.10906750
  -12.50000000   -0.06198792   -0.00708402   -0.10962208
  -12.41666667   -0.06252199   -0.00716179   -0.11018329
  -12.33333333   -0.06306579   -0.00723884   -0.11075126
  -12.25000000   -0.06361953   -0.00731447   -0.11132609
  -12.16666667   -0.06418346   -0.00738942   -0.11190794
  -12.08333333   -0.06475784   -0.00746546   -0.11249693
  -12.00000000   -0.06534291   -0.00754424   -0.11309320
  -11.91666667   -0.06593894   -0.00762632   -0.11369688
  -11.83333333   -0.06654620   -0.00771074   -0.11430814
  -11.75000000   -0.06716495   -0.00779570   -0.11492709
  -11.66666667   -0.06779550   -0.00787965   -0.11555392
  -11.58333333   -0.06843814   -0.00796230   -0.11618877
  -11.50000000   -0.06909316   -0.00804481   -0.11683180
  -11.41666667   -0.06976087   -0.00812911   -0.11748317
  -11.33333333   -0.07044161   -0.00821667   -0.11814307
  -11.25000000   -0.07113568   -0.00830758   -0.11881166
  -11.16666667   -0.07184345   -0.00840050   -0.11948912
  -11.08333333   -0.07256525   -0.00849350   -0.12017565
  -11.00000000   -0.07330144   -0.00858529   -0.12087141
  -10.91666667   -0.07405240   -0.00867602   -0.12157663
  -10.83333333   -0.07481851   -0.00876727   -0.12229149
  -10.75000000   -0.07560014   -0.00886103   -0.12301621
  -10.66666667   -0.07639772   -0.00895845   -0.12375100
  -10.58333333   -0.07721165   -0.00905916   -0.12449609
  -10.50000000   -0.07804236   -0.00916145   -0.12525169
  -10.41666667   -0.07889028   -0.00926336   -0.12601804
  -10.33333333   -0.07975589   -0.00936394   -0.12679540
  -10.25000000   -0.08063962   -0.00946387   -0.12758400
  -10.16666667   -0.08154197   -0.00956505   -0.12838410
  -10.08333333   -0.08246343   -0.00966942   -0.12919599
  -10.00000000   -0.08340449   -0.00977775   -0.13001991
   -9.91666667   -0.08436569   -0.00988915   -0.13085616
   -9.83333333   -0.08534756   -0.01000160   -0.13170504
   -9.75000000   -0.08635065   -0.01011324   -0.13256684
   -9.66666667   -0.08737551   -0.01022355   -0.13344188
   -9.58333333   -0.08842275   -0.01033374   -0.13433050
   -9.50000000   -0.08949295   -0.01044595   -0.13523301
   -9.41666667   -0.09058671   -0.01056198   -0.13614977
   -9.33333333   -0.09170470   -0.01068211   -0.13708114
   -9.25000000   -0.09284752   -0.01080490   -0.13802748
   -9.16666667   -0.09401586   -0.01092811   -0.13898919
   -9.08333333   -0.09521040   -0.01105011   -0.13996667
   -9.00000000   -0.09643183   -0.01117091   -0.14096032
   -8.91666667   -0.09768086   -0.01129220   -0.14197058
   -8.83333333   -0.09895825   -0.01141632   -0.14299791
   -8.75000000   -0.10026472   -0.01154473   -0.14404274
   -8.66666667   -0.10160105   -0.01167714   -0.14510557
   -8.58333333   -0.10296804   -0.01181160   -0.14618692
   -8.50000000   -0.10436645   -0.01194576   -0.14728727
   -8.41666667   -0.10579714   -0.01207833   -0.14840717
   -8.33333333   -0.10726094   -0.01220991   -0.14954721
   -8.25000000   -0.10875868   -0.01234266   -0.15070794
   -8.16666667   -0.11029123   -0.01247893   -0.15188999
   -8.08333333   -0.11185951   -0.01261975   -0.15309400
   -8.00000000   -0.11346437   -0.01276416   -0.15432060
   -7.91666667   -0.11510674   -0.01290975   -0.15557051
   -7.83333333   -0.11678753   -0.01305416   -0.15684443
   -7.75000000   -0.11850768   -0.01319659   -0.15814313
   -7.66666667   -0.12026812   -0.01333827   -0.15946738
   -7.58333333   -0.12206980   -0.01348174   -0.16081800
   -7.50000000   -0.12391367   -0.01362920   -0.16219587
   -7.41666667   -0.12580068   -0.01378108   -0.16360186
   -7.33333333   -0.12773177   -0.01393569   -0.16503692
   -7.25000000   -0.12970791   -0.01409024   -0.16650204
   -7.16666667   -0.13173002   -0.01424251   -0.16799825
   -7.08333333   -0.13379901   -0.01439227   -0.16952663
   -7.00000000   -0.13591583   -0.01454140   -0.17108832
   -6.91666667   -0.13808134   -0.01469267   -0.17268452
   -6.83333333   -0.14029639   -0.01484796   -0.17431647
   -6.75000000   -0.14256184   -0.01500692   -0.17598551
   -6.66666667   -0.14487845   -0.01516709   -0.17769302
   -6.58333333   -0.14724696   -0.01532535   -0.17944047
   -6.50000000   -0.14966807   -0.01547976   -0.18122941
   -6.41666667   -0.15214237   -0.01563078   -0.18306146
   -6.33333333   -0.15467040   -0.01578087   -0.18493835
   -6.25000000   -0.15725262   -0.01593286   -0.18686191
   -6.16666667   -0.15988938   -0.01608802   -0.18883406
   -6.08333333   -0.16258088   -0.01624504   -0.19085684
   -6.00000000   -0.16532727   -0.01640066   -0.19293241
   -5.91666667   -0.16812849   -0.01655150   -0.19506308
   -5.83333333   -0.17098431   -0.01669603   -0.19725127
   -5.75000000   -0.17389438   -0.01683542   -0.19949959
   -5.66666667   -0.17685809   -0.01697256   -0.20181080
   -5.58333333   -0.17987461   -0.01711008   -0.20418781
   -5.50000000   -0.18294291   -0.01724832   -0.20663379
   -5.41666667   -0.18606164   -0.01738476   -0.20915207
   -5.33333333   -0.18922912   -0.01751525   -0.21174622
   -5.25000000   -0.19244343   -0.01763620   -0.21442009
   -5.16666667   -0.19570220   -0.01774657   -0.21717777
   -5.08333333   -0.19900269   -0.01784813   -0.22002365
   -5.00000000   -0.20234177   -0.01794400   -0.22296248
   -4.91666667   -0.20571579   -0.01803611   -0.22599933
   -4.83333333   -0.20912058   -0.01812344   -0.22913965
   -4.75000000   -0.21255151   -0.01820191   -0.23238939
   -4.66666667   -0.21600326   -0.01826626   -0.23575490
   -4.58333333   -0.21946990   -0.01831266   -0.23924305
   -4.50000000   -0.22294489   -0.01834046   -0.24286133
   -4.41666667   -0.22642088   -0.01835181   -0.24661782
   -4.33333333   -0.22988974   -0.01834948   -0.25052125
   -4.25000000   -0.23334259   -0.01833406   -0.25458122
   -4.16666667   -0.23676960   -0.01830237   -0.25880809
   -4.08333333   -0.24016001   -0.01824815   -0.26321314
   -4.00000000   -0.24350212   -0.01816464   -0.26780875
   -3.91666667   -0.24678315   -0.01804743   -0.27260836
   -3.83333333   -0.24998924   -0.01789585   -0.27762671
   -3.75000000   -0.25310533   -0.01771178   -0.28287988
   -3.66666667   -0.25611518   -0.01749666   -0.28838546
   -3.58333333   -0.25900126   -0.01724847   -0.29416272
   -3.50000000   -0.26174467   -0.01696058   -0.30023265
   -3.41666667   -0.26432508   -0.01662335   -0.30661818
   -3.33333333   -0.26672068   -0.01622751   -0.31334426
   -3.25000000   -0.26890803   -0.01576720   -0.32043782
   -3.16666667   -0.27086201   -0.01524072   -0.32792789
   -3.08333333   -0.27255570   -0.01464827   -0.33584531
   -3.00000000   -0.27396024   -0.01398808   -0.34422225
   -2.91666667   -0.27504469   -0.01325323   -0.35309152
   -2.83333333   -0.27577589   -0.01243126   -0.36248501
   -2.75000000   -0.27611823   -0.01150695   -0.37243113
   -2.66666667   -0.27603350   -0.01046661   -0.38295071
   -2.58333333   -0.27548058   -0.00930119   -0.39405008
   -2.50000000   -0.27441526   -0.00800610   -0.40570952
   -2.41666667   -0.27278993   -0.00657755   -0.41786474
   -2.33333333   -0.27055331   -0.00500765   -0.43037560
   -2.25000000   -0.26765022   -0.00328133   -0.44297400
   -2.16666667   -0.26402134   -0.00137711   -0.45517612
   -2.08333333   -0.25960308    0.00072833   -0.46613246
   -2.00000000   -0.25432768    0.00305446   -0.47437065
   -1.91666667   -0.24812341    0.00561377   -0.47735480
   -1.83333333   -0.24091527    0.00841309   -0.47074371
   -1.75000000   -0.23262605    0.01145896   -0.44721362
   -1.66666667   -0.22317830    0.01476352   -0.39487753
   -1.58333333   -0.21249708    0.01834684   -0.29621480
   -1.50000000   -0.20051394    0.02223344   -0.13112898
   -1.41666667   -0.18717245    0.02644406    0.10819353
   -1.33333333   -0.17243540    0.03098696    0.38942111
   -1.25000000   -0.15629371    0.03585349    0.63358008
   -1.16666667   -0.13877718    0.04102045    0.77053824
   -1.08333333   -0.11996634    0.04645730    0.79485851
   -1.00000000   -0.10000432    0.05213291    0.74669529
   -0.91666667   -0.07910742    0.05801567    0.66716730
   -0.83333333   -0.05757152    0.06406411    0.58114251
   -0.75000000   -0.03577209    0.07021095    0.49994507
   -0.66666667   -0.01415480    0.07634798    0.42745376
   -0.58333333    0.00678463    0.08232110    0.36418438
   -0.50000000    0.02653131    0.08794077    0.30935921
   -0.41666667    0.04459020    0.09300658    0.26182861
   -0.33333333    0.06052763    0.09733746    0.22044359
   -0.25000000    0.07400905    0.10079613    0.18418551
   -0.16666667    0.08482598    0.10329858    0.15219551
   -0.08333333    0.09290780    0.10480664    0.12376548
    0.00000000    0.09831702    0.10530968    0.09831702
    0.08333333    0.10123028    0.10480664    0.07537890
    0.16666667    0.10191001    0.10329858    0.05456683
    0.25000000    0.10067223    0.10079613    0.03556652
    0.33333333    0.09785587    0.09733746    0.01812000
    0.41666667    0.09379705    0.09300658    0.00201478
    0.50000000    0.08881003    0.08794077   -0.01292481
    0.58333333    0.08317516    0.08232110   -0.02684429
    0.66666667    0.07713281    0.07634798   -0.03986443
    0.75000000    0.07088201    0.07021095   -0.05208530
    0.83333333    0.06458228    0.06406411   -0.06358967
    0.91666667    0.05835741    0.05801567   -0.07444549
    1.00000000    0.05230022    0.05213291   -0.08470791
    1.08333333    0.04647753    0.04645730   -0.09442087
    1.16666667    0.04093489    0.04102045   -0.10361826
    1.25000000    0.03570091    0.03585349   -0.11232485
    1.33333333    0.03079098    0.03098696   -0.12055690
    1.41666667    0.02621040    0.02644406   -0.12832262
    1.50000000    0.02195692    0.02223344   -0.13562251
    1.58333333    0.01802285    0.01834684   -0.14244943
    1.66666667    0.01439670    0.01476352   -0.14878862
    1.75000000    0.01106436    0.01145896   -0.15461772
    1.83333333    0.00801022    0.00841309   -0.15990655
    1.91666667    0.00521777    0.00561377   -0.16461697
    2.00000000    0.00267025    0.00305446   -0.16870271
    2.08333333    0.00035100    0.00072833   -0.17210921
    2.16666667   -0.00175626   -0.00137711   -0.17477355
    2.25000000   -0.00366719   -0.00328133   -0.17662454
    2.33333333   -0.00539674   -0.00500765   -0.17758294
    2.41666667   -0.00695908   -0.00657755   -0.17756204
    2.50000000   -0.00836750   -0.00800610   -0.17646858
    2.58333333   -0.00963446   -0.00930119   -0.17420411
    2.66666667   -0.01077159   -0.01046661   -0.17066695
    2.75000000   -0.01178966   -0.01150695   -0.16575486
    2.83333333   -0.01269869   -0.01243126   -0.15936833
    2.91666667   -0.01350791   -0.01325323   -0.15141475
    3.00000000   -0.01422587   -0.01398808   -0.14181344
    3.08333333   -0.01486043   -0.01464827   -0.13050104
    3.16666667   -0.01541882   -0.01524072   -0.11743772
    3.25000000   -0.01590771   -0.01576720   -0.10261345
    3.33333333   -0.01633320   -0.01622751   -0.08605378
    3.41666667   -0.01670092   -0.01662335   -0.06782502
    3.50000000   -0.01701601   -0.01696058   -0.04803811
    3.58333333   -0.01728320   -0.01724847   -0.02684992
    3.66666667   -0.01750682   -0.01749666   -0.00446250
    3.75000000   -0.01769084   -0.01771178    0.01888064
    3.83333333   -0.01783890   -0.01789585    0.04290161
    3.91666667   -0.01795432   -0.01804743    0.06729747
    4.00000000   -0.01804015   -0.01816464    0.09175149
    4.08333333   -0.01809919   -0.01824815    0.11594635
    4.16666667   -0.01813399   -0.01830237    0.13957623
    4.25000000   -0.01814689   -0.01833406    0.16235950
    4.33333333   -0.01814004   -0.01834948    0.18404766
    4.41666667   -0.01811539   -0.01835181    0.20443311
    4.50000000   -0.01807474   -0.01834046    0.22335385
    4.58333333   -0.01801972   -0.01831266    0.24069421
    4.66666667   -0.01795184   -0.01826626    0.25638397
    4.75000000   -0.01787247   -0.01820191    0.27039528
    4.83333333   -0.01778285   -0.01812344    0.28273713
    4.91666667   -0.01768415   -0.01803611    0.29344977
    5.00000000   -0.01757739   -0.01794400    0.30259868
    5.08333333   -0.01746355   -0.01784813    0.31026797
    5.16666667   -0.01734350   -0.01774657    0.31655496
    5.25000000   -0.01721803   -0.01763620    0.32156518
    5.33333333   -0.01708788   -0.01751525    0.32540789
    5.41666667   -0.01695370   -0.01738476    0.32819277
    5.50000000   -0.01681610   -0.01724832    0.33002721
    5.58333333   -0.01667564   -0.01711008    0.33101425
    5.66666667   -0.01653282   -0.01697256    0.33125127
    5.75000000   -0.01638810   -0.01683542    0.33082906
    5.83333333   -0.01624189   -0.01669603    0.32983134
    5.91666667   -0.01609457   -0.01655150    0.32833463
    6.00000000   -0.01594649   -0.01640066    0.32640827
    6.08333333   -0.01579795   -0.01624504    0.32411473
    6.16666667   -0.01564924   -0.01608802    0.32150989
    6.25000000   -0.01550062   -0.01593286    0.31864350
    6.33333333   -0.01535231   -0.01578087    0.31555968
    6.41666667   -0.01520452   -0.01563078    0.31229737
    6.50000000   -0.01505744   -0.01547976    0.30889075
    6.58333333   -0.01491125   -0.01532535    0.30536981
    6.66666667   -0.01476608   -0.01516709    0.30176076
    6.75000000   -0.01462207   -0.01500692    0.29808633
    6.83333333   -0.01447935   -0.01484796    0.29436629
    6.91666667   -0.01433802   -0.01469267    0.29061775
    7.00000000   -0.01419817   -0.01454140    0.28685539
    7.08333333   -0.01405989   -0.01439227    0.28309185
    7.16666667   -0.01392326   -0.01424251    0.27933796
    7.25000000   -0.01378832   -0.01409024    0.27560287
    7.33333333   -0.01365515   -0.01393569    0.27189438
    7.41666667   -0.01352378   -0.01378108    0.26821906
    7.50000000   -0.01339426   -0.01362920    0.26458237
    7.58333333   -0.01326662   -0.01348174    0.26098884
    7.66666667   -0.01314088   -0.01333827    0.25744225
    7.75000000   -0.01301707   -0.01319659    0.25394556
    7.83333333   -0.01289521   -0.01305416    0.25050120
    7.91666667   -0.01277530   -0.01290975    0.24711107
    8.00000000   -0.01265735   -0.01276416    0.24377653
    8.08333333   -0.01254138   -0.01261975    0.24049866
    8.16666667   -0.01242737   -0.01247893    0.23727807
    8.25000000   -0.01231533   -0.01234266    0.23411521
    8.33333333   -0.01220525   -0.01220991    0.23101019
    8.41666667   -0.01209712   -0.01207833    0.22796290
    8.50000000   -0.01199094   -0.01194576    0.22497314
    8.58333333   -0.01188669   -0.01181160    0.22204047
    8.66666667   -0.01178435   -0.01167714    0.21916430
    8.75000000   -0.01168392   -0.01154473    0.21634406
    8.83333333   -0.01158537   -0.01141632    0.21357896
    8.91666667   -0.01148869   -0.01129220    0.21086818
    9.00000000   -0.01139386   -0.01117091    0.20821088
    9.08333333   -0.01130086   -0.01105011    0.20560613
    9.16666667   -0.01120966   -0.01092811    0.20305294
    9.25000000   -0.01112025   -0.01080490    0.20055037
    9.33333333   -0.01103260   -0.01068211    0.19809740
    9.41666667   -0.01094669   -0.01056198    0.19569298
    9.50000000   -0.01086249   -0.01044595    0.19333612
    9.58333333   -0.01077998   -0.01033374    0.19102579
    9.66666667   -0.01069914   -0.01022355    0.18876092
    9.75000000   -0.01061994   -0.01011324    0.18654053
    9.83333333   -0.01054235   -0.01000160    0.18436360
    9.91666667   -0.01046636   -0.00988915    0.18222908
   10.00000000   -0.01039193   -0.00977775    0.18013604
   10.08333333   -0.01031904   -0.00966942    0.17808347
   10.16666667   -0.01024767   -0.00956505    0.17607038
   10.25000000   -0.01017779   -0.00946387    0.17409588
   10.33333333   -0.01010937   -0.00936394    0.17215901
   10.41666667   -0.01004239   -0.00926336    0.17025884
   10.50000000   -0.00997683   -0.00916145    0.16839453
   10.58333333   -0.00991266   -0.00905916    0.16656518
   10.66666667   -0.00984986   -0.00895845    0.16476993
   10.75000000   -0.00978840   -0.00886103    0.16300797
   10.83333333   -0.00972825   -0.00876727    0.16127849
   10.91666667   -0.00966940   -0.00867602    0.15958066
   11.00000000   -0.00961183   -0.00858529    0.15791376
   11.08333333   -0.00955550   -0.00849350    0.15627701
   11.16666667   -0.00950039   -0.00840050    0.15466966
   11.25000000   -0.00944648   -0.00830758    0.15309105
   11.33333333   -0.00939376   -0.00821667    0.15154044
   11.41666667   -0.00934219   -0.00812911    0.15001716
   11.50000000   -0.00929176   -0.00804481    0.14852057
   11.58333333   -0.00924244   -0.00796230    0.14705003
   11.66666667   -0.00919421   -0.00787965    0.14560489
   11.75000000   -0.00914705   -0.00779570    0.14418457
   11.83333333   -0.00910095   -0.00771074    0.14278848
   11.91666667   -0.00905588   -0.00762632    0.14141602
   12.00000000   -0.00901181   -0.00754424    0.14006667
   12.08333333   -0.00896874   -0.00746546    0.13873988
   12.16666667   -0.00892665   -0.00738942    0.13743509
   12.25000000   -0.00888550   -0.00731447    0.13615183
   12.33333333   -0.00884529   -0.00723884    0.13488959
   12.41666667   -0.00880600   -0.00716179    0.13364786
   12.50000000   -0.00876761   -0.00708402    0.13242621
   12.58333333   -0.00873009   -0.00700722    0.13122417
   12.66666667   -0.00869344   -0.00693300    0.13004127
   12.75000000   -0.00865764   -0.00686189    0.12887711
   12.83333333   -0.00862267   -0.00679297    0.12773125
   12.91666667   -0.00858851   -0.00672447    0.12660328
   13.00000000   -0.00855515   -0.00665486    0.12549282
   13.08333333   -0.00852257   -0.00658383    0.12439948
   13.16666667   -0.00849076   -0.00651241    0.12332285
   13.25000000   -0.00845970   -0.00644237    0.12226261
   13.33333333   -0.00842938   -0.00637505    0.12121838
   13.41666667   -0.00839977   -0.00631054    0.12018980
   13.50000000   -0.00837088   -0.00624764    0.11917657
   13.58333333   -0.00834268   -0.00618454    0.11817834
   13.66666667   -0.00831516   -0.00612003    0.11719478
   13.75000000   -0.00828830   -0.00605418    0.11622560
   13.83333333   -0.00826210   -0.00598832    0.11527049
   13.91666667   -0.00823654   -0.00592418    0.11432914
   14.00000000   -0.00821160   -0.00586279    0.11340129
   14.08333333   -0.00818728   -0.00580387    0.11248665
   14.16666667   -0.00816356   -0.00574593    0.11158494
   14.25000000   -0.00814044   -0.00568727    0.11069590
   14.33333333   -0.00811789   -0.00562698    0.10981928
   14.41666667   -0.00809591   -0.00556552    0.10895482
   14.50000000   -0.00807448   -0.00550442    0.10810228
   14.58333333   -0.00805360   -0.00544532    0.10726141
   14.66666667   -0.00803326   -0.00538892    0.10643199
   14.75000000   -0.00801344   -0.00533456    0.10561379
   14.83333333   -0.00799413   -0.00528060    0.10480660
   14.91666667   -0.00797533   -0.00522543    0.10401017
   15.00000000   -0.00795701   -0.00516849    0.10322433
   15.08333333   -0.00793919   -0.00511061    0.10244886
   15.16666667   -0.00792183   -0.00505345    0.10168355
   15.25000000   -0.00790494   -0.00499851    0.10092823
   15.33333333   -0.00788851   -0.00494614    0.10018269
   15.41666667   -0.00787252   -0.00489534    0.09944674
   15.50000000   -0.00785697   -0.00484435    0.09872022
   15.58333333   -0.00784184   -0.00479172    0.09800294
   15.66666667   -0.00782714   -0.00473725    0.09729472
   15.75000000   -0.00781285   -0.00468208    0.09659541
   15.83333333   -0.00779896   -0.00462797    0.09590485
   15.91666667   -0.00778547   -0.00457625    0.09522285
   16.00000000   -0.00777237   -0.00452690    0.09454928
   16.08333333   -0.00775964   -0.00447860    0.09388398
   16.16666667   -0.00774729   -0.00442951    0.09322681
   16.25000000   -0.00773531   -0.00437839    0.09257760
   16.33333333   -0.00772368   -0.00432539    0.09193623
   16.41666667   -0.00771241   -0.00427193    0.09130257
   16.50000000   -0.00770148   -0.00421986    0.09067644
   16.58333333   -0.00769088   -0.00417028    0.09005775
   16.66666667   -0.00768062   -0.00412283    0.08944637
   16.75000000   -0.00767068   -0.00407587    0.08884214
   16.83333333   -0.00766106   -0.00402749    0.08824496
   16.91666667   -0.00765175   -0.00397665    0.08765472
   17.00000000   -0.00764275   -0.00392387    0.08707127
   17.08333333   -0.00763404   -0.00387088    0.08649451
   17.16666667   -0.00762563   -0.00381959    0.08592435
   17.25000000   -0.00761751   -0.00377089    0.08536063
   17.33333333   -0.00760967   -0.00372403    0.08480328
   17.41666667   -0.00760211   -0.00367702    0.08425220
   17.50000000   -0.00759482   -0.00362785    0.08370725
   17.58333333   -0.00758779   -0.00357569    0.08316835
   17.66666667   -0.00758102   -0.00352146    0.08263542
   17.75000000   -0.00757452   -0.00346728    0.08210832
   17.83333333   -0.00756826   -0.00341516    0.08158698
   17.91666667   -0.00756224   -0.00336578    0.08107132
   18.00000000   -0.00755647   -0.00331791    0.08056122
   18.08333333   -0.00755094   -0.00326912    0.08005661
   18.16666667   -0.00754563   -0.00321719    0.07955741
   18.25000000   -0.00754056   -0.00316151    0.07906350
   18.33333333   -0.00753570   -0.00310349    0.07857483
   18.41666667   -0.00753107   -0.00304584    0.07809131
   18.50000000   -0.00752665   -0.00299090    0.07761285
   18.58333333   -0.00752244   -0.00293912    0.07713938
   18.66666667   -0.00751843   -0.00288867    0.07667083
   18.75000000   -0.00751463   -0.00283631    0.07620710
   18.83333333   -0.00751102   -0.00277936    0.07574814
   18.91666667   -0.00750761   -0.00271743    0.07529387
   19.00000000   -0.00750439   -0.00265291    0.07484422
   19.08333333   -0.00750136   -0.00258986    0.07439911
   19.16666667   -0.00749850   -0.00253168    0.07395849
   19.25000000   -0.00749583   -0.00247899    0.07352228
   19.33333333   -0.00749333   -0.00242897    0.07309042
   19.41666667   -0.00749101   -0.00237682    0.07266285
   19.50000000   -0.00748886   -0.00231886    0.07223949
   19.58333333   -0.00748687   -0.00225562    0.07182029
   19.66666667   -0.00748504   -0.00219342    0.07140520
   19.75000000   -0.00748337   -0.00214303    0.07099413
   19.83333333   -0.00748186   -0.00211583    0.07058705
   19.91666667   -0.00748050   -0.00211892    0.07018390
   20.00000000   -0.00747930   -0.00215136    0.06978461
