  -20.00000000   -0.03314999   -0.00278447   -0.07294400
  -19.91666667   -0.03327436   -0.00265674   -0.07317175
  -19.83333333   -0.03340011   -0.00261403   -0.07340126
  -19.75000000   -0.03352725   -0.00265622   -0.07363254
  -19.66666667   -0.03365581   -0.00275856   -0.07386563
  -19.58333333   -0.03378580   -0.00288437   -0.07410054
  -19.50000000   -0.03391727   -0.00300086   -0.07433729
  -19.41666667   -0.03405022   -0.00309112   -0.07457591
  -19.33333333   -0.03418467   -0.00315729   -0.07481642
  -19.25000000   -0.03432066   -0.00321471   -0.07505884
  -19.16666667   -0.03445821   -0.00328095   -0.07530319
  -19.08333333   -0.03459734   -0.00336573   -0.07554950
  -19.00000000   -0.03473807   -0.00346663   -0.07579779
  -18.91666667   -0.03488045   -0.00357191   -0.07604810
  -18.83333333   -0.03502448   -0.00366817   -0.07630042
  -18.75000000   -0.03517020   -0.00374799   -0.07655481
  -18.66666667   -0.03531763   -0.00381348   -0.07681128
  -18.58333333   -0.03546680   -0.00387413   -0.07706986
  -18.50000000   -0.03561775   -0.00394074   -0.07733057
  -18.41666667   -0.03577050   -0.00401910   -0.07759345
  -18.33333333   -0.03592508   -0.00410708   -0.07785851
  -18.25000000   -0.03608152   -0.00419647   -0.07812579
  -18.16666667   -0.03623985   -0.00427831   -0.07839532
  -18.08333333   -0.03640010   -0.00434818   -0.07866712
  -18.00000000   -0.03656232   -0.00440859   -0.07894122
  -17.91666667   -0.03672652   -0.00446710   -0.07921766
  -17.83333333   -0.03689274   -0.00453165   -0.07949646
  -17.75000000   -0.03706103   -0.00460582   -0.07977766
  -17.66666667   -0.03723141   -0.00468694   -0.08006129
  -17.58333333   -0.03740391   -0.00476805   -0.08034737
  -17.50000000   -0.03757858   -0.00484225   -0.08063595
  -17.41666667   -0.03775546   -0.00490684   -0.08092705
  -17.33333333   -0.03793458   -0.00496489   -0.08122070
  -17.25000000   -0.03811598   -0.00502311   -0.08151696
  -17.16666667   -0.03829970   -0.00508779   -0.08181584
  -17.08333333   -0.03848578   -0.00516097   -0.08211738
  -17.00000000   -0.03867427   -0.00523941   -0.08242162
  -16.91666667   -0.03886521   -0.00531672   -0.08272861
  -16.83333333   -0.03905864   -0.00538732   -0.08303836
  -16.75000000   -0.03925461   -0.00544988   -0.08335094
  -16.66666667   -0.03945316   -0.00550800   -0.08366637
  -16.58333333   -0.03965433   -0.00556796   -0.08398468
  -16.50000000   -0.03985819   -0.00563482   -0.08430594
  -16.41666667   -0.04006478   -0.00570939   -0.08463017
  -16.33333333   -0.04027413   -0.00578782   -0.08495741
  -16.25000000   -0.04048632   -0.00586408   -0.08528772
  -16.16666667   -0.04070139   -0.00593370   -0.08562114
  -16.08333333   -0.04091938   -0.00599650   -0.08595770
  -16.00000000   -0.04114038   -0.00605666   -0.08629747
  -15.91666667   -0.04136441   -0.00612011   -0.08664047
  -15.83333333   -0.04159155   -0.00619085   -0.08698677
  -15.75000000   -0.04182185   -0.00626855   -0.08733640
  -15.66666667   -0.04205537   -0.00634879   -0.08768942
  -15.58333333   -0.04229218   -0.00642589   -0.08804589
  -15.50000000   -0.04253233   -0.00649641   -0.08840584
  -15.41666667   -0.04277589   -0.00656126   -0.08876934
  -15.33333333   -0.04302293   -0.00662516   -0.08913644
  -15.25000000   -0.04327352   -0.00669366   -0.08950719
  -15.16666667   -0.04352772   -0.00676972   -0.08988165
  -15.08333333   -0.04378561   -0.00685191   -0.09025987
  -15.00000000   -0.04404725   -0.00693533   -0.09064192
  -14.91666667   -0.04431273   -0.00701471   -0.09102786
  -14.83333333   -0.04458213   -0.00708766   -0.09141774
  -14.75000000   -0.04485550   -0.00715617   -0.09181162
  -14.66666667   -0.04513295   -0.00722538   -0.09220958
  -14.58333333   -0.04541455   -0.00730038   -0.09261168
  -14.50000000   -0.04570039   -0.00738302   -0.09301798
  -14.41666667   -0.04599054   -0.00747084   -0.09342854
  -14.33333333   -0.04628511   -0.00755857   -0.09384346
  -14.25000000   -0.04658417   -0.00764146   -0.09426278
  -14.16666667   -0.04688783   -0.00771826   -0.09468658
  -14.08333333   -0.04719619   -0.00779197   -0.09511495
  -14.00000000   -0.04750932   -0.00786804   -0.09554794
  -13.91666667   -0.04782735   -0.00795093   -0.09598565
  -13.83333333   -0.04815036   -0.00804134   -0.09642816
  -13.75000000   -0.04847847   -0.00813580   -0.09687553
  -13.66666667   -0.04881179   -0.00822885   -0.09732786
  -13.58333333   -0.04915042   -0.00831644   -0.09778524
  -13.50000000   -0.04949448   -0.00839851   -0.09824774
  -13.41666667   -0.04984409   -0.00847902   -0.09871546
  -13.33333333   -0.05019936   -0.00856352   -0.09918850
  -13.25000000   -0.05056042   -0.00865568   -0.09966693
  -13.16666667   -0.05092740   -0.00875498   -0.10015086
  -13.08333333   -0.05130042   -0.00885706   -0.10064039
  -13.00000000   -0.05167962   -0.00895643   -0.10113562
  -12.91666667   -0.05206513   -0.00904995   -0.10163665
  -12.83333333   -0.05245711   -0.00913880   -0.10214360
  -12.75000000   -0.05285567   -0.00922780   -0.10265655
  -12.66666667   -0.05326098   -0.00932237   -0.10317563
  -12.58333333   -0.05367320   -0.00942520   -0.10370096
  -12.50000000   -0.05409246   -0.00953449   -0.10423264
  -12.41666667   -0.05451894   -0.00964515   -0.10477080
  -12.33333333   -0.05495280   -0.00975191   -0.10531557
  -12.25000000   -0.05539421   -0.00985271   -0.10586706
  -12.16666667   -0.05584333   -0.00995003   -0.10642541
  -12.08333333   -0.05630035   -0.01004932   -0.10699076
  -12.00000000   -0.05676546   -0.01015567   -0.10756323
  -11.91666667   -0.05723883   -0.01027057   -0.10814297
  -11.83333333   -0.05772067   -0.01039098   -0.10873013
  -11.75000000   -0.05821116   -0.01051123   -0.10932485
  -11.66666667   -0.05871052   -0.01062656   -0.10992729
  -11.58333333   -0.05921895   -0.01073619   -0.11053760
  -11.50000000   -0.05973667   -0.01084381   -0.11115594
  -11.41666667   -0.06026390   -0.01095535   -0.11178248
  -11.33333333   -0.06080087   -0.01107525   -0.11241739
  -11.25000000   -0.06134780   -0.01120366   -0.11306085
  -11.16666667   -0.06190494   -0.01133633   -0.11371303
  -11.08333333   -0.06247255   -0.01146727   -0.11437414
  -11.00000000   -0.06305085   -0.01159252   -0.11504434
  -10.91666667   -0.06364013   -0.01171270   -0.11572385
  -10.83333333   -0.06424065   -0.01183268   -0.11641286
  -10.75000000   -0.06485267   -0.01195854   -0.11711159
  -10.66666667   -0.06547649   -0.01209380   -0.11782025
  -10.58333333   -0.06611240   -0.01223715   -0.11853907
  -10.50000000   -0.06676068   -0.01238324   -0.11926827
  -10.41666667   -0.06742165   -0.01252607   -0.12000809
  -10.33333333   -0.06809563   -0.01266276   -0.12075878
  -10.25000000   -0.06878293   -0.01279543   -0.12152059
  -10.16666667   -0.06948389   -0.01292997   -0.12229378
  -10.08333333   -0.07019885   -0.01307231   -0.12307862
  -10.00000000   -0.07092815   -0.01322475   -0.12387538
   -9.91666667   -0.07167217   -0.01338443   -0.12468436
   -9.83333333   -0.07243126   -0.01354512   -0.12550585
   -9.75000000   -0.07320581   -0.01370112   -0.12634016
   -9.66666667   -0.07399620   -0.01385089   -0.12718761
   -9.58333333   -0.07480285   -0.01399815   -0.12804853
   -9.50000000   -0.07562614   -0.01414952   -0.12892325
   -9.41666667   -0.07646651   -0.01431048   -0.12981213
   -9.33333333   -0.07732439   -0.01448181   -0.13071555
   -9.25000000   -0.07820021   -0.01465909   -0.13163386
   -9.16666667   -0.07909443   -0.01483545   -0.13256747
   -9.08333333   -0.08000753   -0.01500588   -0.13351680
   -9.00000000   -0.08093996   -0.01517045   -0.13448224
   -8.91666667   -0.08189221   -0.01533438   -0.13546425
   -8.83333333   -0.08286480   -0.01550482   -0.13646329
   -8.75000000   -0.08385821   -0.01568631   -0.13747981
   -8.66666667   -0.08487297   -0.01587793   -0.13851432
   -8.58333333   -0.08590963   -0.01607376   -0.13956733
   -8.50000000   -0.08696871   -0.01626659   -0.14063937
   -8.41666667   -0.08805077   -0.01645249   -0.14173098
   -8.33333333   -0.08915640   -0.01663335   -0.14284276
   -8.25000000   -0.09028613   -0.01681581   -0.14397529
   -8.16666667   -0.09144058   -0.01700711   -0.14512920
   -8.08333333   -0.09262035   -0.01721050   -0.14630515
   -8.00000000   -0.09382601   -0.01742314   -0.14750381
   -7.91666667   -0.09505821   -0.01763773   -0.14872589
   -7.83333333   -0.09631756   -0.01784715   -0.14997213
   -7.75000000   -0.09760469   -0.01804891   -0.15124332
   -7.66666667   -0.09892023   -0.01824687   -0.15254025
   -7.58333333   -0.10026483   -0.01844888   -0.15386377
   -7.50000000   -0.10163914   -0.01866183   -0.15521477
   -7.41666667   -0.10304380   -0.01888727   -0.15659418
   -7.33333333   -0.10447946   -0.01912025   -0.15800295
   -7.25000000   -0.10594678   -0.01935237   -0.15944214
   -7.16666667   -0.10744640   -0.01957698   -0.16091279
   -7.08333333   -0.10897895   -0.01979345   -0.16241602
   -7.00000000   -0.11054509   -0.02000767   -0.16395303
   -6.91666667   -0.11214543   -0.02022836   -0.16552505
   -6.83333333   -0.11378057   -0.02046157   -0.16713338
   -6.75000000   -0.11545112   -0.02070666   -0.16877941
   -6.66666667   -0.11715766   -0.02095657   -0.17046458
   -6.58333333   -0.11890070   -0.02120201   -0.17219041
   -6.50000000   -0.12068080   -0.02143735   -0.17395852
   -6.41666667   -0.12249842   -0.02166413   -0.17577063
   -6.33333333   -0.12435398   -0.02189020   -0.17762850
   -6.25000000   -0.12624791   -0.02212476   -0.17953408
   -6.16666667   -0.12818052   -0.02237235   -0.18148937
   -6.08333333   -0.13015207   -0.02262976   -0.18349650
   -6.00000000   -0.13216278   -0.02288772   -0.18555777
   -5.91666667   -0.13421276   -0.02313647   -0.18767557
   -5.83333333   -0.13630202   -0.02337183   -0.18985246
   -5.75000000   -0.13843049   -0.02359781   -0.19209121
   -5.66666667   -0.14059797   -0.02382406   -0.19439470
   -5.58333333   -0.14280411   -0.02405960   -0.19676604
   -5.50000000   -0.14504846   -0.02430679   -0.19920856
   -5.41666667   -0.14733036   -0.02455933   -0.20172581
   -5.33333333   -0.14964899   -0.02480572   -0.20432156
   -5.25000000   -0.15200333   -0.02503610   -0.20699993
   -5.16666667   -0.15439214   -0.02524823   -0.20976527
   -5.08333333   -0.15681391   -0.02544873   -0.21262226
   -5.00000000   -0.15926692   -0.02564865   -0.21557600
   -4.91666667   -0.16174908   -0.02585601   -0.21863193
   -4.83333333   -0.16425801   -0.02607003   -0.22179593
   -4.75000000   -0.16679098   -0.02628072   -0.22507439
   -4.66666667   -0.16934487   -0.02647427   -0.22847420
   -4.58333333   -0.17191609   -0.02664104   -0.23200282
   -4.50000000   -0.17450064   -0.02678106   -0.23566843
   -4.41666667   -0.17709397   -0.02690349   -0.23947986
   -4.33333333   -0.17969096   -0.02702004   -0.24344673
   -4.25000000   -0.18228596   -0.02713652   -0.24757963
   -4.16666667   -0.18487257   -0.02724768   -0.25189009
   -4.08333333   -0.18744371   -0.02733885   -0.25639073
   -4.00000000   -0.18999155   -0.02739356   -0.26109551
   -3.91666667   -0.19250734   -0.02740246   -0.26601969
   -3.83333333   -0.19498148   -0.02736791   -0.27118019
   -3.75000000   -0.19740332   -0.02730103   -0.27659563
   -3.66666667   -0.19976115   -0.02721284   -0.28228670
   -3.58333333   -0.20204207   -0.02710487   -0.28827633
   -3.50000000   -0.20423189   -0.02696521   -0.29459000
   -3.41666667   -0.20631502   -0.02677274   -0.30125609
   -3.33333333   -0.20827436   -0.02650721   -0.30830629
   -3.25000000   -0.21009110   -0.02615892   -0.31577590
   -3.16666667   -0.21174466   -0.02573178   -0.32370445
   -3.08333333   -0.21321243   -0.02523734   -0.33213611
   -3.00000000   -0.21446962   -0.02468319   -0.34112014
   -2.91666667   -0.21548905   -0.02406285   -0.35071151
   -2.83333333   -0.21624087   -0.02335360   -0.36097125
   -2.75000000   -0.21669233   -0.02252410   -0.37196647
   -2.66666667   -0.21680744   -0.02154741   -0.38377028
   -2.58333333   -0.21654669   -0.02041123   -0.39646059
   -2.50000000   -0.21586664   -0.01911862   -0.41011728
   -2.41666667   -0.21471955   -0.01767802   -0.42481701
   -2.33333333   -0.21305297   -0.01608829   -0.44062262
   -2.25000000   -0.21080932   -0.01432792   -0.45756371
   -2.16666667   -0.20792550   -0.01235561   -0.47560137
   -2.08333333   -0.20433253   -0.01012257   -0.49456299
   -2.00000000   -0.19995535   -0.00758957   -0.51402224
   -1.91666667   -0.19471272   -0.00473792   -0.53307660
   -1.83333333   -0.18851758   -0.00156706   -0.54992978
   -1.75000000   -0.18127769    0.00192092   -0.56110909
   -1.66666667   -0.17289715    0.00574079   -0.56002268
   -1.58333333   -0.16327877    0.00993548   -0.53447397
   -1.50000000   -0.15232776    0.01457055   -0.46321009
   -1.41666667   -0.13995720    0.01971350   -0.31456342
   -1.33333333   -0.12609568    0.02540846   -0.05929203
   -1.25000000   -0.11069725    0.03166120    0.28502906
   -1.16666667   -0.09375446    0.03844381    0.61429031
   -1.08333333   -0.07531365    0.04571681    0.80997649
   -1.00000000   -0.05549197    0.05345501    0.85319607
   -0.91666667   -0.03449461    0.06165867    0.80181846
   -0.83333333   -0.01262876    0.07033778    0.71313752
   -0.75000000    0.00968909    0.07947105    0.61864293
   -0.66666667    0.03193768    0.08895648    0.53108256
   -0.58333333    0.05351095    0.09857722    0.45409086
   -0.50000000    0.07375562    0.10800189    0.38764999
   -0.41666667    0.09202435    0.11682324    0.33053227
   -0.33333333    0.10773750    0.12462174    0.28127256
   -0.25000000    0.12044299    0.13102947    0.23851308
   -0.16666667    0.12986201    0.13577149    0.20109939
   -0.08333333    0.13591142    0.13867467    0.16808377
    0.00000000    0.13869894    0.13965102    0.13869894
    0.08333333    0.13849426    0.13867467    0.11232599
    0.16666667    0.13568418    0.13577149    0.08846492
    0.25000000    0.13072214    0.13102947    0.06671004
    0.33333333    0.12408107    0.12462174    0.04673030
    0.41666667    0.11621573    0.11682324    0.02825381
    0.50000000    0.10753686    0.10800189    0.01105577
    0.58333333    0.09839683    0.09857722   -0.00505083
    0.66666667    0.08908468    0.08895648   -0.02022253
    0.75000000    0.07982780    0.07947105   -0.03459107
    0.83333333    0.07079774    0.07033778   -0.04826784
    0.91666667    0.06211798    0.06165867   -0.06134734
    1.00000000    0.05387235    0.05345501   -0.07390987
    1.08333333    0.04611294    0.04571681   -0.08602367
    1.16666667    0.03886729    0.03844381   -0.09774652
    1.25000000    0.03214437    0.03166120   -0.10912704
    1.33333333    0.02593959    0.02540846   -0.12020551
    1.41666667    0.02023877    0.01971350   -0.13101448
    1.50000000    0.01502117    0.01457055   -0.14157924
    1.58333333    0.01026193    0.00993548   -0.15191777
    1.66666667    0.00593379    0.00574079   -0.16204075
    1.75000000    0.00200841    0.00192092   -0.17195117
    1.83333333   -0.00154268   -0.00156706   -0.18164374
    1.91666667   -0.00474743   -0.00473792   -0.19110404
    2.00000000   -0.00763283   -0.00758957   -0.20030746
    2.08333333   -0.01022458   -0.01012257   -0.20921773
    2.16666667   -0.01254698   -0.01235561   -0.21778529
    2.25000000   -0.01462278   -0.01432792   -0.22594506
    2.33333333   -0.01647320   -0.01608829   -0.23361423
    2.41666667   -0.01811791   -0.01767802   -0.24068939
    2.50000000   -0.01957509   -0.01911862   -0.24704339
    2.58333333   -0.02086150   -0.02041123   -0.25252224
    2.66666667   -0.02199256   -0.02154741   -0.25694161
    2.75000000   -0.02298239   -0.02252410   -0.26008372
    2.83333333   -0.02384397   -0.02335360   -0.26169493
    2.91666667   -0.02458915   -0.02406285   -0.26148439
    3.00000000   -0.02522877   -0.02468319   -0.25912496
    3.08333333   -0.02577274   -0.02523734   -0.25425722
    3.16666667   -0.02623008   -0.02573178   -0.24649807
    3.25000000   -0.02660906   -0.02615892   -0.23545537
    3.33333333   -0.02691719   -0.02650721   -0.22074975
    3.41666667   -0.02716133   -0.02677274   -0.20204467
    3.50000000   -0.02734773   -0.02696521   -0.17908451
    3.58333333   -0.02748209   -0.02710487   -0.15173796
    3.66666667   -0.02756959   -0.02721284   -0.12004315
    3.75000000   -0.02761495   -0.02730103   -0.08424755
    3.83333333   -0.02762247   -0.02736791   -0.04483273
    3.91666667   -0.02759608   -0.02740246   -0.00251698
    4.00000000   -0.02753934   -0.02739356    0.04177105
    4.08333333   -0.02745548   -0.02733885    0.08695012
    4.16666667   -0.02734746   -0.02724768    0.13186645
    4.25000000   -0.02721797   -0.02713652    0.17538868
    4.33333333   -0.02706945   -0.02702004    0.21649612
    4.41666667   -0.02690412   -0.02690349    0.25435175
    4.50000000   -0.02672400   -0.02678106    0.28834714
    4.58333333   -0.02653092   -0.02664104    0.31811474
    4.66666667   -0.02632655   -0.02647427    0.34351504
    4.75000000   -0.02611240   -0.02628072    0.36460369
    4.83333333   -0.02588985   -0.02607003    0.38158698
    4.91666667   -0.02566015   -0.02585601    0.39477646
    5.00000000   -0.02542442   -0.02564865    0.40454688
    5.08333333   -0.02518368   -0.02544873    0.41130059
    5.16666667   -0.02493887   -0.02524823    0.41544117
    5.25000000   -0.02469083   -0.02503610    0.41735469
    5.33333333   -0.02444030   -0.02480572    0.41739789
    5.41666667   -0.02418799   -0.02455933    0.41589198
    5.50000000   -0.02393450   -0.02430679    0.41312029
    5.58333333   -0.02368040   -0.02405960    0.40932878
    5.66666667   -0.02342617   -0.02382406    0.40472819
    5.75000000   -0.02317229   -0.02359781    0.39949701
    5.83333333   -0.02291914   -0.02337183    0.39378522
    5.91666667   -0.02266709   -0.02313647    0.38771774
    6.00000000   -0.02241646   -0.02288772    0.38139782
    6.08333333   -0.02216754   -0.02262976    0.37491036
    6.16666667   -0.02192058   -0.02237235    0.36832468
    6.25000000   -0.02167582   -0.02212476    0.36169687
    6.33333333   -0.02143344   -0.02189020    0.35507218
    6.41666667   -0.02119363   -0.02166413    0.34848677
    6.50000000   -0.02095654   -0.02143735    0.34196910
    6.58333333   -0.02072230   -0.02120201    0.33554153
    6.66666667   -0.02049102   -0.02095657    0.32922128
    6.75000000   -0.02026281   -0.02070666    0.32302127
    6.83333333   -0.02003774   -0.02046157    0.31695106
    6.91666667   -0.01981589   -0.02022836    0.31101742
    7.00000000   -0.01959731   -0.02000767    0.30522475
    7.08333333   -0.01938204   -0.01979345    0.29957568
    7.16666667   -0.01917012   -0.01957698    0.29407137
    7.25000000   -0.01896158   -0.01935237    0.28871172
    7.33333333   -0.01875644   -0.01912025    0.28349574
    7.41666667   -0.01855470   -0.01888727    0.27842175
    7.50000000   -0.01835636   -0.01866183    0.27348736
    7.58333333   -0.01816142   -0.01844888    0.26868986
    7.66666667   -0.01796988   -0.01824687    0.26402618
    7.75000000   -0.01778172   -0.01804891    0.25949295
    7.83333333   -0.01759692   -0.01784715    0.25508671
    7.91666667   -0.01741545   -0.01763773    0.25080388
    8.00000000   -0.01723730   -0.01742314    0.24664076
    8.08333333   -0.01706244   -0.01721050    0.24259372
    8.16666667   -0.01689082   -0.01700711    0.23865902
    8.25000000   -0.01672243   -0.01681581    0.23483311
    8.33333333   -0.01655721   -0.01663335    0.23111238
    8.41666667   -0.01639514   -0.01645249    0.22749327
    8.50000000   -0.01623618   -0.01626659    0.22397243
    8.58333333   -0.01608027   -0.01607376    0.22054647
    8.66666667   -0.01592739   -0.01587793    0.21721211
    8.75000000   -0.01577748   -0.01568631    0.21396627
    8.83333333   -0.01563051   -0.01550482    0.21080585
    8.91666667   -0.01548643   -0.01533438    0.20772788
    9.00000000   -0.01534519   -0.01517045    0.20472957
    9.08333333   -0.01520674   -0.01500588    0.20180813
    9.16666667   -0.01507105   -0.01483545    0.19896090
    9.25000000   -0.01493807   -0.01465909    0.19618537
    9.33333333   -0.01480774   -0.01448181    0.19347907
    9.41666667   -0.01468003   -0.01431048    0.19083961
    9.50000000   -0.01455489   -0.01414952    0.18826476
    9.58333333   -0.01443227   -0.01399815    0.18575232
    9.66666667   -0.01431213   -0.01385089    0.18330016
    9.75000000   -0.01419442   -0.01370112    0.18090633
    9.83333333   -0.01407910   -0.01354512    0.17856885
    9.91666667   -0.01396612   -0.01338443    0.17628584
   10.00000000   -0.01385544   -0.01322475    0.17405557
   10.08333333   -0.01374702   -0.01307231    0.17187629
   10.16666667   -0.01364080   -0.01292997    0.16974632
   10.25000000   -0.01353676   -0.01279543    0.16766414
   10.33333333   -0.01343485   -0.01266276    0.16562818
   10.41666667   -0.01333502   -0.01252607    0.16363697
   10.50000000   -0.01323724   -0.01238324    0.16168915
   10.58333333   -0.01314147   -0.01223715    0.15978334
   10.66666667   -0.01304766   -0.01209380    0.15791822
   10.75000000   -0.01295578   -0.01195854    0.15609258
   10.83333333   -0.01286579   -0.01183268    0.15430520
   10.91666667   -0.01277764   -0.01171270    0.15255489
   11.00000000   -0.01269132   -0.01159252    0.15084060
   11.08333333   -0.01260677   -0.01146727    0.14916123
   11.16666667   -0.01252396   -0.01133633    0.14751573
   11.25000000   -0.01244286   -0.01120366    0.14590315
   11.33333333   -0.01236344   -0.01107525    0.14432250
   11.41666667   -0.01228565   -0.01095535    0.14277286
   11.50000000   -0.01220947   -0.01084381    0.14125337
   11.58333333   -0.01213486   -0.01073619    0.13976317
   11.66666667   -0.01206179   -0.01062656    0.13830140
   11.75000000   -0.01199023   -0.01051123    0.13686732
   11.83333333   -0.01192015   -0.01039098    0.13546014
   11.91666667   -0.01185151   -0.01027057    0.13407910
   12.00000000   -0.01178430   -0.01015567    0.13272352
   12.08333333   -0.01171847   -0.01004932    0.13139271
   12.16666667   -0.01165401   -0.00995003    0.13008598
   12.25000000   -0.01159088   -0.00985271    0.12880272
   12.33333333   -0.01152906   -0.00975191    0.12754230
   12.41666667   -0.01146852   -0.00964515    0.12630411
   12.50000000   -0.01140923   -0.00953449    0.12508759
   12.58333333   -0.01135117   -0.00942520    0.12389219
   12.66666667   -0.01129431   -0.00932237    0.12271733
   12.75000000   -0.01123863   -0.00922780    0.12156254
   12.83333333   -0.01118410   -0.00913880    0.12042728
   12.91666667   -0.01113070   -0.00904995    0.11931106
   13.00000000   -0.01107841   -0.00895643    0.11821344
   13.08333333   -0.01102721   -0.00885706    0.11713395
   13.16666667   -0.01097707   -0.00875498    0.11607212
   13.25000000   -0.01092797   -0.00865568    0.11502756
   13.33333333   -0.01087989   -0.00856352    0.11399983
   13.41666667   -0.01083281   -0.00847902    0.11298854
   13.50000000   -0.01078671   -0.00839851    0.11199330
   13.58333333   -0.01074157   -0.00831644    0.11101373
   13.66666667   -0.01069736   -0.00822885    0.11004946
   13.75000000   -0.01065408   -0.00813580    0.10910015
   13.83333333   -0.01061170   -0.00804134    0.10816545
   13.91666667   -0.01057020   -0.00795093    0.10724501
   14.00000000   -0.01052957   -0.00786804    0.10633853
   14.08333333   -0.01048979   -0.00779197    0.10544569
   14.16666667   -0.01045084   -0.00771826    0.10456618
   14.25000000   -0.01041271   -0.00764146    0.10369970
   14.33333333   -0.01037537   -0.00755857    0.10284598
   14.41666667   -0.01033881   -0.00747084    0.10200472
   14.50000000   -0.01030302   -0.00738302    0.10117567
   14.58333333   -0.01026799   -0.00730038    0.10035856
   14.66666667   -0.01023368   -0.00722538    0.09955311
   14.75000000   -0.01020011   -0.00715617    0.09875912
   14.83333333   -0.01016723   -0.00708766    0.09797631
   14.91666667   -0.01013505   -0.00701471    0.09720445
   15.00000000   -0.01010355   -0.00693533    0.09644333
   15.08333333   -0.01007272   -0.00685191    0.09569271
   15.16666667   -0.01004254   -0.00676972    0.09495238
   15.25000000   -0.01001300   -0.00669366    0.09422213
   15.33333333   -0.00998408   -0.00662516    0.09350176
   15.41666667   -0.00995578   -0.00656126    0.09279106
   15.50000000   -0.00992809   -0.00649641    0.09208985
   15.58333333   -0.00990098   -0.00642589    0.09139794
   15.66666667   -0.00987446   -0.00634879    0.09071513
   15.75000000   -0.00984850   -0.00626855    0.09004126
   15.83333333   -0.00982310   -0.00619085    0.08937614
   15.91666667   -0.00979824   -0.00612011    0.08871961
   16.00000000   -0.00977392   -0.00605666    0.08807151
   16.08333333   -0.00975012   -0.00599650    0.08743166
   16.16666667   -0.00972684   -0.00593370    0.08679993
   16.25000000   -0.00970407   -0.00586408    0.08617614
   16.33333333   -0.00968179   -0.00578782    0.08556015
   16.41666667   -0.00965999   -0.00570939    0.08495183
   16.50000000   -0.00963867   -0.00563482    0.08435101
   16.58333333   -0.00961782   -0.00556796    0.08375756
   16.66666667   -0.00959742   -0.00550800    0.08317137
   16.75000000   -0.00957747   -0.00544988    0.08259227
   16.83333333   -0.00955797   -0.00538732    0.08202016
   16.91666667   -0.00953889   -0.00531672    0.08145491
   17.00000000   -0.00952024   -0.00523941    0.08089637
   17.08333333   -0.00950201   -0.00516097    0.08034445
   17.16666667   -0.00948418   -0.00508779    0.07979904
   17.25000000   -0.00946675   -0.00502311    0.07925999
   17.33333333   -0.00944972   -0.00496489    0.07872722
   17.41666667   -0.00943307   -0.00490684    0.07820061
   17.50000000   -0.00941680   -0.00484225    0.07768005
   17.58333333   -0.00940089   -0.00476805    0.07716543
   17.66666667   -0.00938535   -0.00468694    0.07665668
   17.75000000   -0.00937017   -0.00460582    0.07615366
   17.83333333   -0.00935534   -0.00453165    0.07565629
   17.91666667   -0.00934085   -0.00446710    0.07516449
   18.00000000   -0.00932670   -0.00440859    0.07467814
   18.08333333   -0.00931287   -0.00434818    0.07419717
   18.16666667   -0.00929938   -0.00427831    0.07372149
   18.25000000   -0.00928620   -0.00419647    0.07325099
   18.33333333   -0.00927333   -0.00410708    0.07278561
   18.41666667   -0.00926077   -0.00401910    0.07232527
   18.50000000   -0.00924851   -0.00394074    0.07186986
   18.58333333   -0.00923654   -0.00387413    0.07141932
   18.66666667   -0.00922486   -0.00381348    0.07097358
   18.75000000   -0.00921347   -0.00374799    0.07053255
   18.83333333   -0.00920236   -0.00366817    0.07009616
   18.91666667   -0.00919152   -0.00357191    0.06966434
   19.00000000   -0.00918095   -0.00346663    0.06923700
   19.08333333   -0.00917064   -0.00336573    0.06881410
   19.16666667   -0.00916060   -0.00328095    0.06839555
   19.25000000   -0.00915080   -0.00321471    0.06798129
   19.33333333   -0.00914126   -0.00315729    0.06757125
   19.41666667   -0.00913196   -0.00309112    0.06716538
   19.50000000   -0.00912290   -0.00300086    0.06676359
   19.58333333   -0.00911408   -0.00288437    0.06636584
   19.66666667   -0.00910549   -0.00275856    0.06597207
   19.75000000   -0.00909713   -0.00265622    0.06558220
   19.83333333   -0.00908899   -0.00261403    0.06519619
   19.91666667   -0.00908106   -0.00265674    0.06481399
   20.00000000   -0.00907336   -0.00278447    0.06443552
