  -20.00000000   -0.05000505   -0.00061834   -0.08388185
  -19.91666667   -0.05015833   -0.00056101   -0.08412124
  -19.83333333   -0.05031319   -0.00050721   -0.08436250
  -19.75000000   -0.05046965   -0.00046001   -0.08460568
  -19.66666667   -0.05062775   -0.00042258   -0.08485078
  -19.58333333   -0.05078750   -0.00039701   -0.08509783
  -19.50000000   -0.05094894   -0.00038344   -0.08534686
  -19.41666667   -0.05111208   -0.00037988   -0.08559789
  -19.33333333   -0.05127695   -0.00038296   -0.08585094
  -19.25000000   -0.05144358   -0.00038919   -0.08610604
  -19.16666667   -0.05161200   -0.00039620   -0.08636322
  -19.08333333   -0.05178222   -0.00040331   -0.08662249
  -19.00000000   -0.05195429   -0.00041122   -0.08688390
  -18.91666667   -0.05212823   -0.00042112   -0.08714745
  -18.83333333   -0.05230407   -0.00043367   -0.08741319
  -18.75000000   -0.05248183   -0.00044854   -0.08768113
  -18.66666667   -0.05266155   -0.00046455   -0.08795131
  -18.58333333   -0.05284326   -0.00048034   -0.08822376
  -18.50000000   -0.05302699   -0.00049512   -0.08849850
  -18.41666667   -0.05321278   -0.00050901   -0.08877556
  -18.33333333   -0.05340065   -0.00052282   -0.08905497
  -18.25000000   -0.05359064   -0.00053742   -0.08933677
  -18.16666667   -0.05378278   -0.00055321   -0.08962099
  -18.08333333   -0.05397710   -0.00056983   -0.08990765
  -18.00000000   -0.05417366   -0.00058644   -0.09019679
  -17.91666667   -0.05437247   -0.00060226   -0.09048845
  -17.83333333   -0.05457358   -0.00061701   -0.09078264
  -17.75000000   -0.05477702   -0.00063107   -0.09107942
  -17.66666667   -0.05498284   -0.00064518   -0.09137882
  -17.58333333   -0.05519106   -0.00065994   -0.09168086
  -17.50000000   -0.05540174   -0.00067546   -0.09198559
  -17.41666667   -0.05561492   -0.00069127   -0.09229305
  -17.33333333   -0.05583063   -0.00070669   -0.09260326
  -17.25000000   -0.05604892   -0.00072123   -0.09291627
  -17.16666667   -0.05626983   -0.00073492   -0.09323212
  -17.08333333   -0.05649340   -0.00074825   -0.09355084
  -17.00000000   -0.05671970   -0.00076186   -0.09387248
  -16.91666667   -0.05694875   -0.00077609   -0.09419709
  -16.83333333   -0.05718061   -0.00079083   -0.09452468
  -16.75000000   -0.05741532   -0.00080557   -0.09485532
  -16.66666667   -0.05765294   -0.00081973   -0.09518905
  -16.58333333   -0.05789352   -0.00083309   -0.09552590
  -16.50000000   -0.05813711   -0.00084585   -0.09586594
  -16.41666667   -0.05838376   -0.00085856   -0.09620919
  -16.33333333   -0.05863352   -0.00087171   -0.09655571
  -16.25000000   -0.05888646   -0.00088545   -0.09690555
  -16.16666667   -0.05914263   -0.00089949   -0.09725876
  -16.08333333   -0.05940208   -0.00091329   -0.09761537
  -16.00000000   -0.05966489   -0.00092645   -0.09797546
  -15.91666667   -0.05993109   -0.00093893   -0.09833906
  -15.83333333   -0.06020078   -0.00095108   -0.09870624
  -15.75000000   -0.06047399   -0.00096342   -0.09907703
  -15.66666667   -0.06075080   -0.00097631   -0.09945151
  -15.58333333   -0.06103129   -0.00098968   -0.09982973
  -15.50000000   -0.06131550   -0.00100315   -0.10021174
  -15.41666667   -0.06160351   -0.00101622   -0.10059760
  -15.33333333   -0.06189541   -0.00102864   -0.10098738
  -15.25000000   -0.06219125   -0.00104054   -0.10138112
  -15.16666667   -0.06249112   -0.00105236   -0.10177891
  -15.08333333   -0.06279508   -0.00106456   -0.10218080
  -15.00000000   -0.06310323   -0.00107732   -0.10258685
  -14.91666667   -0.06341563   -0.00109043   -0.10299714
  -14.83333333   -0.06373238   -0.00110344   -0.10341173
  -14.75000000   -0.06405355   -0.00111593   -0.10383069
  -14.66666667   -0.06437923   -0.00112781   -0.10425409
  -14.58333333   -0.06470952   -0.00113937   -0.10468201
  -14.50000000   -0.06504449   -0.00115107   -0.10511452
  -14.41666667   -0.06538425   -0.00116326   -0.10555169
  -14.33333333   -0.06572889   -0.00117597   -0.10599361
  -14.25000000   -0.06607851   -0.00118885   -0.10644035
  -14.16666667   -0.06643320   -0.00120145   -0.10689200
  -14.08333333   -0.06679308   -0.00121347   -0.10734864
  -14.00000000   -0.06715823   -0.00122497   -0.10781035
  -13.91666667   -0.06752878   -0.00123633   -0.10827723
  -13.83333333   -0.06790483   -0.00124802   -0.10874936
  -13.75000000   -0.06828649   -0.00126025   -0.10922683
  -13.66666667   -0.06867388   -0.00127289   -0.10970974
  -13.58333333   -0.06906713   -0.00128552   -0.11019819
  -13.50000000   -0.06946635   -0.00129769   -0.11069226
  -13.41666667   -0.06987166   -0.00130927   -0.11119207
  -13.33333333   -0.07028320   -0.00132045   -0.11169772
  -13.25000000   -0.07070109   -0.00133170   -0.11220932
  -13.16666667   -0.07112547   -0.00134338   -0.11272696
  -13.08333333   -0.07155649   -0.00135560   -0.11325077
  -13.00000000   -0.07199427   -0.00136806   -0.11378086
  -12.91666667   -0.07243897   -0.00138030   -0.11431734
  -12.83333333   -0.07289074   -0.00139197   -0.11486034
  -12.75000000   -0.07334973   -0.00140306   -0.11540998
  -12.66666667   -0.07381609   -0.00141390   -0.11596639
  -12.58333333   -0.07429000   -0.00142498   -0.11652969
  -12.50000000   -0.07477160   -0.00143656   -0.11710002
  -12.41666667   -0.07526109   -0.00144858   -0.11767752
  -12.33333333   -0.07575862   -0.00146063   -0.11826233
  -12.25000000   -0.07626438   -0.00147226   -0.11885459
  -12.16666667   -0.07677856   -0.00148323   -0.11945445
  -12.08333333   -0.07730134   -0.00149368   -0.12006207
  -12.00000000   -0.07783292   -0.00150404   -0.12067759
  -11.91666667   -0.07837349   -0.00151475   -0.12130119
  -11.83333333   -0.07892326   -0.00152596   -0.12193303
  -11.75000000   -0.07948244   -0.00153744   -0.12257327
  -11.66666667   -0.08005125   -0.00154871   -0.12322210
  -11.58333333   -0.08062992   -0.00155936   -0.12387970
  -11.50000000   -0.08121865   -0.00156930   -0.12454625
  -11.41666667   -0.08181770   -0.00157880   -0.12522193
  -11.33333333   -0.08242730   -0.00158835   -0.12590697
  -11.25000000   -0.08304769   -0.00159830   -0.12660154
  -11.16666667   -0.08367914   -0.00160865   -0.12730586
  -11.08333333   -0.08432190   -0.00161904   -0.12802016
  -11.00000000   -0.08497623   -0.00162895   -0.12874463
  -10.91666667   -0.08564242   -0.00163805   -0.12947953
  -10.83333333   -0.08632075   -0.00164641   -0.13022509
  -10.75000000   -0.08701149   -0.00165441   -0.13098154
  -10.66666667   -0.08771496   -0.00166255   -0.13174914
  -10.58333333   -0.08843146   -0.00167107   -0.13252817
  -10.50000000   -0.08916130   -0.00167978   -0.13331886
  -10.41666667   -0.08990479   -0.00168822   -0.13412150
  -10.33333333   -0.09066229   -0.00169588   -0.13493639
  -10.25000000   -0.09143412   -0.00170254   -0.13576382
  -10.16666667   -0.09222062   -0.00170843   -0.13660408
  -10.08333333   -0.09302217   -0.00171403   -0.13745751
  -10.00000000   -0.09383911   -0.00171977   -0.13832441
   -9.91666667   -0.09467184   -0.00172574   -0.13920514
   -9.83333333   -0.09552074   -0.00173159   -0.14010005
   -9.75000000   -0.09638619   -0.00173676   -0.14100948
   -9.66666667   -0.09726861   -0.00174080   -0.14193382
   -9.58333333   -0.09816843   -0.00174366   -0.14287347
   -9.50000000   -0.09908604   -0.00174569   -0.14382882
   -9.41666667   -0.10002190   -0.00174740   -0.14480028
   -9.33333333   -0.10097646   -0.00174914   -0.14578830
   -9.25000000   -0.10195017   -0.00175080   -0.14679331
   -9.16666667   -0.10294349   -0.00175188   -0.14781580
   -9.08333333   -0.10395693   -0.00175176   -0.14885624
   -9.00000000   -0.10499094   -0.00175011   -0.14991514
   -8.91666667   -0.10604604   -0.00174703   -0.15099301
   -8.83333333   -0.10712275   -0.00174297   -0.15209042
   -8.75000000   -0.10822157   -0.00173845   -0.15320791
   -8.66666667   -0.10934304   -0.00173363   -0.15434607
   -8.58333333   -0.11048772   -0.00172821   -0.15550554
   -8.50000000   -0.11165614   -0.00172154   -0.15668693
   -8.41666667   -0.11284887   -0.00171303   -0.15789092
   -8.33333333   -0.11406648   -0.00170244   -0.15911821
   -8.25000000   -0.11530955   -0.00169004   -0.16036950
   -8.16666667   -0.11657866   -0.00167637   -0.16164556
   -8.08333333   -0.11787442   -0.00166182   -0.16294720
   -8.00000000   -0.11919741   -0.00164638   -0.16427520
   -7.91666667   -0.12054826   -0.00162950   -0.16563046
   -7.83333333   -0.12192756   -0.00161044   -0.16701385
   -7.75000000   -0.12333593   -0.00158862   -0.16842634
   -7.66666667   -0.12477400   -0.00156397   -0.16986890
   -7.58333333   -0.12624236   -0.00153690   -0.17134257
   -7.50000000   -0.12774164   -0.00150792   -0.17284843
   -7.41666667   -0.12927245   -0.00147728   -0.17438763
   -7.33333333   -0.13083538   -0.00144467   -0.17596134
   -7.25000000   -0.13243105   -0.00140935   -0.17757084
   -7.16666667   -0.13406002   -0.00137046   -0.17921742
   -7.08333333   -0.13572285   -0.00132751   -0.18090248
   -7.00000000   -0.13742012   -0.00128057   -0.18262749
   -6.91666667   -0.13915233   -0.00123011   -0.18439396
   -6.83333333   -0.14091997   -0.00117657   -0.18620352
   -6.75000000   -0.14272352   -0.00111992   -0.18805788
   -6.66666667   -0.14456341   -0.00105953   -0.18995883
   -6.58333333   -0.14643999   -0.00099441   -0.19190827
   -6.50000000   -0.14835362   -0.00092363   -0.19390823
   -6.41666667   -0.15030455   -0.00084678   -0.19596083
   -6.33333333   -0.15229298   -0.00076404   -0.19806830
   -6.25000000   -0.15431903   -0.00067584   -0.20023305
   -6.16666667   -0.15638275   -0.00058241   -0.20245761
   -6.08333333   -0.15848403   -0.00048333   -0.20474464
   -6.00000000   -0.16062274   -0.00037757   -0.20709703
   -5.91666667   -0.16279856   -0.00026385   -0.20951780
   -5.83333333   -0.16501102   -0.00014116   -0.21201016
   -5.75000000   -0.16725955   -0.00000913   -0.21457759
   -5.66666667   -0.16954336    0.00013206   -0.21722374
   -5.58333333   -0.17186147    0.00028215   -0.21995252
   -5.50000000   -0.17421271    0.00044134   -0.22276813
   -5.41666667   -0.17659565    0.00061059   -0.22567505
   -5.33333333   -0.17900859    0.00079149   -0.22867805
   -5.25000000   -0.18144958    0.00098566   -0.23178229
   -5.16666667   -0.18391630    0.00119427   -0.23499328
   -5.08333333   -0.18640611    0.00141777   -0.23831691
   -5.00000000   -0.18891599    0.00165619   -0.24175958
   -4.91666667   -0.19144248    0.00190970   -0.24532811
   -4.83333333   -0.19398165    0.00217923   -0.24902984
   -4.75000000   -0.19652913    0.00246657   -0.25287275
   -4.66666667   -0.19907994    0.00277405   -0.25686539
   -4.58333333   -0.20162852    0.00310384   -0.26101696
   -4.50000000   -0.20416870    0.00345747   -0.26533750
   -4.41666667   -0.20669357    0.00383575   -0.26983775
   -4.33333333   -0.20919547    0.00423924   -0.27452933
   -4.25000000   -0.21166597    0.00466906   -0.27942487
   -4.16666667   -0.21409570    0.00512731   -0.28453791
   -4.08333333   -0.21647438    0.00561708   -0.28988308
   -4.00000000   -0.21879071    0.00614184   -0.29547620
   -3.91666667   -0.22103229    0.00670467   -0.30133416
   -3.83333333   -0.22318556    0.00730789   -0.30747512
   -3.75000000   -0.22523571    0.00795315   -0.31391835
   -3.66666667   -0.22716659    0.00864227   -0.32068423
   -3.58333333   -0.22896066    0.00937799   -0.32779406
   -3.50000000   -0.23059884    0.01016438   -0.33526964
   -3.41666667   -0.23206046    0.01100655   -0.34313284
   -3.33333333   -0.23332317    0.01190975   -0.35140465
   -3.25000000   -0.23436281    0.01287864   -0.36010371
   -3.16666667   -0.23515335    0.01391694   -0.36924423
   -3.08333333   -0.23566677    0.01502800   -0.37883257
   -3.00000000   -0.23587298    0.01621575   -0.38886198
   -2.91666667   -0.23573972    0.01748559   -0.39930479
   -2.83333333   -0.23523249    0.01884450   -0.41010003
   -2.75000000   -0.23431451    0.02030039   -0.42113420
   -2.66666667   -0.23294662    0.02186091   -0.43221165
   -2.58333333   -0.23108732    0.02353264   -0.44300743
   -2.50000000   -0.22869283    0.02532103   -0.45299273
   -2.41666667   -0.22571711    0.02723134   -0.46131631
   -2.33333333   -0.22211213    0.02926978   -0.46661509
   -2.25000000   -0.21782816    0.03144427   -0.46671490
   -2.16666667   -0.21281424    0.03376410   -0.45816968
   -2.08333333   -0.20701881    0.03623856   -0.43559693
   -2.00000000   -0.20039074    0.03887530   -0.39086702
   -1.91666667   -0.19288050    0.04167938   -0.31257198
   -1.83333333   -0.18444188    0.04465346   -0.18716227
   -1.75000000   -0.17503404    0.04779907   -0.00465857
   -1.66666667   -0.16462424    0.05111777    0.22861499
   -1.58333333   -0.15319105    0.05461130    0.47704220
   -1.50000000   -0.14072808    0.05828015    0.68372535
   -1.41666667   -0.12724841    0.06212080    0.80583614
   -1.33333333   -0.11278923    0.06612314    0.84006741
   -1.25000000   -0.09741653    0.07026923    0.81151427
   -1.16666667   -0.08122969    0.07453404    0.74948791
   -1.08333333   -0.06436493    0.07888732    0.67499203
   -1.00000000   -0.04699718    0.08329516    0.59977765
   -0.91666667   -0.02933976    0.08771940    0.52930802
   -0.83333333   -0.01164073    0.09211454    0.46556281
   -0.75000000    0.00582410    0.09642333    0.40881755
   -0.66666667    0.02276198    0.10057381    0.35860662
   -0.58333333    0.03887711    0.10448028    0.31420166
   -0.50000000    0.05388663    0.10804968    0.27483318
   -0.41666667    0.06753724    0.11119201    0.23978395
   -0.33333333    0.07962024    0.11383156    0.20842186
   -0.25000000    0.08998351    0.11591468    0.18020484
   -0.16666667    0.09853858    0.11741132    0.15467442
   -0.08333333    0.10526246    0.11831007    0.13144522
    0.00000000    0.11019402    0.11860946    0.11019402
    0.08333333    0.11342599    0.11831007    0.09064957
    0.16666667    0.11509387    0.11741132    0.07258390
    0.25000000    0.11536339    0.11591468    0.05580494
    0.33333333    0.11441792    0.11383156    0.04015045
    0.41666667    0.11244714    0.11119201    0.02548314
    0.50000000    0.10963757    0.10804968    0.01168653
    0.58333333    0.10616541    0.10448028   -0.00133814
    0.66666667    0.10219167    0.10057381   -0.01367464
    0.75000000    0.09785928    0.09642333   -0.02539374
    0.83333333    0.09329191    0.09211454   -0.03655495
    0.91666667    0.08859409    0.08771940   -0.04720775
    1.00000000    0.08385219    0.08329516   -0.05739262
    1.08333333    0.07913596    0.07888732   -0.06714177
    1.16666667    0.07450041    0.07453404   -0.07647965
    1.25000000    0.06998769    0.07026923   -0.08542329
    1.33333333    0.06562909    0.06612314   -0.09398241
    1.41666667    0.06144681    0.06212080   -0.10215935
    1.50000000    0.05745551    0.05828015   -0.10994900
    1.58333333    0.05366386    0.05461130   -0.11733830
    1.66666667    0.05007569    0.05111777   -0.12430584
    1.75000000    0.04669105    0.04779907   -0.13082123
    1.83333333    0.04350712    0.04465346   -0.13684428
    1.91666667    0.04051889    0.04167938   -0.14232413
    2.00000000    0.03771979    0.03887530   -0.14719831
    2.08333333    0.03510212    0.03623856   -0.15139161
    2.16666667    0.03265748    0.03376410   -0.15481515
    2.25000000    0.03037706    0.03144427   -0.15736529
    2.33333333    0.02825181    0.02926978   -0.15892294
    2.41666667    0.02627271    0.02723134   -0.15935314
    2.50000000    0.02443086    0.02532103   -0.15850514
    2.58333333    0.02271757    0.02353264   -0.15621346
    2.66666667    0.02112447    0.02186091   -0.15229995
    2.75000000    0.01964352    0.02030039   -0.14657756
    2.83333333    0.01826707    0.01884450   -0.13885582
    2.91666667    0.01698785    0.01748559   -0.12894880
    3.00000000    0.01579902    0.01621575   -0.11668565
    3.08333333    0.01469413    0.01502800   -0.10192349
    3.16666667    0.01366713    0.01391694   -0.08456281
    3.25000000    0.01271236    0.01287864   -0.06456454
    3.33333333    0.01182454    0.01190975   -0.04196669
    3.41666667    0.01099872    0.01100655   -0.01689955
    3.50000000    0.01023034    0.01016438    0.01040331
    3.58333333    0.00951511    0.00937799    0.03960166
    3.66666667    0.00884908    0.00864227    0.07025362
    3.75000000    0.00822857    0.00795315    0.10183086
    3.83333333    0.00765018    0.00730789    0.13374444
    3.91666667    0.00711074    0.00670467    0.16537757
    4.00000000    0.00660733    0.00614184    0.19612241
    4.08333333    0.00613725    0.00561708    0.22541716
    4.16666667    0.00569798    0.00512731    0.25277672
    4.25000000    0.00528722    0.00466906    0.27781638
    4.33333333    0.00490281    0.00423924    0.30026306
    4.41666667    0.00454279    0.00383575    0.31995746
    4.50000000    0.00420531    0.00345747    0.33684681
    4.58333333    0.00388868    0.00310384    0.35097009
    4.66666667    0.00359135    0.00277405    0.36244045
    4.75000000    0.00331186    0.00246657    0.37142616
    4.83333333    0.00304888    0.00217923    0.37813183
    4.91666667    0.00280117    0.00190970    0.38278254
    5.00000000    0.00256760    0.00165619    0.38561051
    5.08333333    0.00234710    0.00141777    0.38684479
    5.16666667    0.00213871    0.00119427    0.38670408
    5.25000000    0.00194153    0.00098566    0.38539187
    5.33333333    0.00175471    0.00079149    0.38309371
    5.41666667    0.00157750    0.00061059    0.37997607
    5.50000000    0.00140918    0.00044134    0.37618621
    5.58333333    0.00124909    0.00028215    0.37185300
    5.66666667    0.00109662    0.00013206    0.36708811
    5.75000000    0.00095122   -0.00000913    0.36198742
    5.83333333    0.00081235   -0.00014116    0.35663274
    5.91666667    0.00067955   -0.00026385    0.35109338
    6.00000000    0.00055237   -0.00037757    0.34542757
    6.08333333    0.00043039   -0.00048333    0.33968411
    6.16666667    0.00031323   -0.00058241    0.33390355
    6.25000000    0.00020055   -0.00067584    0.32811927
    6.33333333    0.00009201   -0.00076404    0.32235875
    6.41666667   -0.00001269   -0.00084678    0.31664432
    6.50000000   -0.00011381   -0.00092363    0.31099389
    6.58333333   -0.00021164   -0.00099441    0.30542181
    6.66666667   -0.00030639   -0.00105953    0.29993935
    6.75000000   -0.00039829   -0.00111992    0.29455511
    6.83333333   -0.00048755   -0.00117657    0.28927564
    6.91666667   -0.00057436   -0.00123011    0.28410569
    7.00000000   -0.00065889   -0.00128057    0.27904844
    7.08333333   -0.00074131   -0.00132751    0.27410593
    7.16666667   -0.00082176   -0.00137046    0.26927919
    7.25000000   -0.00090038   -0.00140935    0.26456831
    7.33333333   -0.00097730   -0.00144467    0.25997284
    7.41666667   -0.00105265   -0.00147728    0.25549176
    7.50000000   -0.00112653   -0.00150792    0.25112352
    7.58333333   -0.00119904   -0.00153690    0.24686632
    7.66666667   -0.00127027   -0.00156397    0.24271811
    7.75000000   -0.00134033   -0.00158862    0.23867652
    7.83333333   -0.00140928   -0.00161044    0.23473913
    7.91666667   -0.00147719   -0.00162950    0.23090339
    8.00000000   -0.00154415   -0.00164638    0.22716664
    8.08333333   -0.00161021   -0.00166182    0.22352622
    8.16666667   -0.00167544   -0.00167637    0.21997940
    8.25000000   -0.00173988   -0.00169004    0.21652354
    8.33333333   -0.00180359   -0.00170244    0.21315592
    8.41666667   -0.00186661   -0.00171303    0.20987388
    8.50000000   -0.00192899   -0.00172154    0.20667486
    8.58333333   -0.00199077   -0.00172821    0.20355627
    8.66666667   -0.00205198   -0.00173363    0.20051558
    8.75000000   -0.00211266   -0.00173845    0.19755041
    8.83333333   -0.00217284   -0.00174297    0.19465834
    8.91666667   -0.00223255   -0.00174703    0.19183702
    9.00000000   -0.00229181   -0.00175011    0.18908428
    9.08333333   -0.00235065   -0.00175176    0.18639791
    9.16666667   -0.00240909   -0.00175188    0.18377575
    9.25000000   -0.00246716   -0.00175080    0.18121583
    9.33333333   -0.00252486   -0.00174914    0.17871614
    9.41666667   -0.00258223   -0.00174740    0.17627475
    9.50000000   -0.00263927   -0.00174569    0.17388986
    9.58333333   -0.00269600   -0.00174366    0.17155967
    9.66666667   -0.00275244   -0.00174080    0.16928244
    9.75000000   -0.00280859   -0.00173676    0.16705656
    9.83333333   -0.00286447   -0.00173159    0.16488041
    9.91666667   -0.00292009   -0.00172574    0.16275243
   10.00000000   -0.00297546   -0.00171977    0.16067117
   10.08333333   -0.00303058   -0.00171403    0.15863518
   10.16666667   -0.00308547   -0.00170843    0.15664306
   10.25000000   -0.00314013   -0.00170254    0.15469353
   10.33333333   -0.00319457   -0.00169588    0.15278528
   10.41666667   -0.00324879   -0.00168822    0.15091705
   10.50000000   -0.00330281   -0.00167978    0.14908770
   10.58333333   -0.00335662   -0.00167107    0.14729606
   10.66666667   -0.00341023   -0.00166255    0.14554100
   10.75000000   -0.00346364   -0.00165441    0.14382149
   10.83333333   -0.00351686   -0.00164641    0.14213649
   10.91666667   -0.00356989   -0.00163805    0.14048498
   11.00000000   -0.00362274   -0.00162895    0.13886605
   11.08333333   -0.00367540   -0.00161904    0.13727876
   11.16666667   -0.00372788   -0.00160865    0.13572219
   11.25000000   -0.00378018   -0.00159830    0.13419554
   11.33333333   -0.00383230   -0.00158835    0.13269794
   11.41666667   -0.00388425   -0.00157880    0.13122858
   11.50000000   -0.00393603   -0.00156930    0.12978673
   11.58333333   -0.00398763   -0.00155936    0.12837161
   11.66666667   -0.00403905   -0.00154871    0.12698251
   11.75000000   -0.00409031   -0.00153744    0.12561875
   11.83333333   -0.00414140   -0.00152596    0.12427964
   11.91666667   -0.00419231   -0.00151475    0.12296452
   12.00000000   -0.00424306   -0.00150404    0.12167280
   12.08333333   -0.00429364   -0.00149368    0.12040384
   12.16666667   -0.00434405   -0.00148323    0.11915706
   12.25000000   -0.00439429   -0.00147226    0.11793192
   12.33333333   -0.00444437   -0.00146063    0.11672784
   12.41666667   -0.00449427   -0.00144858    0.11554429
   12.50000000   -0.00454401   -0.00143656    0.11438077
   12.58333333   -0.00459358   -0.00142498    0.11323679
   12.66666667   -0.00464299   -0.00141390    0.11211184
   12.75000000   -0.00469222   -0.00140306    0.11100549
   12.83333333   -0.00474129   -0.00139197    0.10991726
   12.91666667   -0.00479019   -0.00138030    0.10884672
   13.00000000   -0.00483892   -0.00136806    0.10779347
   13.08333333   -0.00488749   -0.00135560    0.10675707
   13.16666667   -0.00493588   -0.00134338    0.10573712
   13.25000000   -0.00498411   -0.00133170    0.10473326
   13.33333333   -0.00503216   -0.00132045    0.10374511
   13.41666667   -0.00508005   -0.00130927    0.10277228
   13.50000000   -0.00512777   -0.00129769    0.10181446
   13.58333333   -0.00517531   -0.00128552    0.10087128
   13.66666667   -0.00522269   -0.00127289    0.09994241
   13.75000000   -0.00526990   -0.00126025    0.09902755
   13.83333333   -0.00531694   -0.00124802    0.09812637
   13.91666667   -0.00536381   -0.00123633    0.09723856
   14.00000000   -0.00541050   -0.00122497    0.09636384
   14.08333333   -0.00545703   -0.00121347    0.09550193
   14.16666667   -0.00550338   -0.00120145    0.09465254
   14.25000000   -0.00554956   -0.00118885    0.09381540
   14.33333333   -0.00559558   -0.00117597    0.09299026
   14.41666667   -0.00564142   -0.00116326    0.09217684
   14.50000000   -0.00568708   -0.00115107    0.09137493
   14.58333333   -0.00573258   -0.00113937    0.09058426
   14.66666667   -0.00577790   -0.00112781    0.08980460
   14.75000000   -0.00582306   -0.00111593    0.08903573
   14.83333333   -0.00586804   -0.00110344    0.08827743
   14.91666667   -0.00591284   -0.00109043    0.08752947
   15.00000000   -0.00595748   -0.00107732    0.08679165
   15.08333333   -0.00600194   -0.00106456    0.08606377
   15.16666667   -0.00604623   -0.00105236    0.08534562
   15.25000000   -0.00609035   -0.00104054    0.08463702
   15.33333333   -0.00613430   -0.00102864    0.08393777
   15.41666667   -0.00617807   -0.00101622    0.08324769
   15.50000000   -0.00622168   -0.00100315    0.08256660
   15.58333333   -0.00626511   -0.00098968    0.08189433
   15.66666667   -0.00630837   -0.00097631    0.08123070
   15.75000000   -0.00635145   -0.00096342    0.08057556
   15.83333333   -0.00639437   -0.00095108    0.07992874
   15.91666667   -0.00643711   -0.00093893    0.07929007
   16.00000000   -0.00647968   -0.00092645    0.07865942
   16.08333333   -0.00652209   -0.00091329    0.07803662
   16.16666667   -0.00656432   -0.00089949    0.07742154
   16.25000000   -0.00660638   -0.00088545    0.07681403
   16.33333333   -0.00664827   -0.00087171    0.07621394
   16.41666667   -0.00668998   -0.00085856    0.07562117
   16.50000000   -0.00673153   -0.00084585    0.07503554
   16.58333333   -0.00677291   -0.00083309    0.07445695
   16.66666667   -0.00681412   -0.00081973    0.07388528
   16.75000000   -0.00685516   -0.00080557    0.07332039
   16.83333333   -0.00689603   -0.00079083    0.07276216
   16.91666667   -0.00693674   -0.00077609    0.07221049
   17.00000000   -0.00697727   -0.00076186    0.07166524
   17.08333333   -0.00701764   -0.00074825    0.07112631
   17.16666667   -0.00705784   -0.00073492    0.07059360
   17.25000000   -0.00709787   -0.00072123    0.07006699
   17.33333333   -0.00713774   -0.00070669    0.06954638
   17.41666667   -0.00717744   -0.00069127    0.06903168
   17.50000000   -0.00721697   -0.00067546    0.06852277
   17.58333333   -0.00725634   -0.00065994    0.06801955
   17.66666667   -0.00729554   -0.00064518    0.06752195
   17.75000000   -0.00733458   -0.00063107    0.06702986
   17.83333333   -0.00737346   -0.00061701    0.06654318
   17.91666667   -0.00741217   -0.00060226    0.06606185
   18.00000000   -0.00745071   -0.00058644    0.06558575
   18.08333333   -0.00748910   -0.00056983    0.06511481
   18.16666667   -0.00752732   -0.00055321    0.06464896
   18.25000000   -0.00756538   -0.00053742    0.06418808
   18.33333333   -0.00760328   -0.00052282    0.06373213
   18.41666667   -0.00764102   -0.00050901    0.06328101
   18.50000000   -0.00767860   -0.00049512    0.06283465
   18.58333333   -0.00771602   -0.00048034    0.06239297
   18.66666667   -0.00775328   -0.00046455    0.06195590
   18.75000000   -0.00779038   -0.00044854    0.06152337
   18.83333333   -0.00782733   -0.00043367    0.06109530
   18.91666667   -0.00786411   -0.00042112    0.06067165
   19.00000000   -0.00790074   -0.00041122    0.06025231
   19.08333333   -0.00793721   -0.00040331    0.05983724
   19.16666667   -0.00797353   -0.00039620    0.05942637
   19.25000000   -0.00800969   -0.00038919    0.05901964
   19.33333333   -0.00804570   -0.00038296    0.05861697
   19.41666667   -0.00808155   -0.00037988    0.05821833
   19.50000000   -0.00811725   -0.00038344    0.05782363
   19.58333333   -0.00815280   -0.00039701    0.05743283
   19.66666667   -0.00818819   -0.00042258    0.05704587
   19.75000000   -0.00822344   -0.00046001    0.05666268
   19.83333333   -0.00825853   -0.00050721    0.05628322
   19.91666667   -0.00829347   -0.00056101    0.05590744
   20.00000000   -0.00832826   -0.00061834    0.05553527
