  -20.00000000   -0.04967758   -0.00061215   -0.08352031
  -19.91666667   -0.04982847   -0.00055405   -0.08375864
  -19.83333333   -0.04998090   -0.00049978   -0.08399885
  -19.75000000   -0.05013492   -0.00045238   -0.08424096
  -19.66666667   -0.05029054   -0.00041490   -0.08448499
  -19.58333333   -0.05044779   -0.00038932   -0.08473097
  -19.50000000   -0.05060668   -0.00037567   -0.08497892
  -19.41666667   -0.05076725   -0.00037196   -0.08522886
  -19.33333333   -0.05092952   -0.00037485   -0.08548082
  -19.25000000   -0.05109351   -0.00038093   -0.08573483
  -19.16666667   -0.05125926   -0.00038785   -0.08599090
  -19.08333333   -0.05142678   -0.00039492   -0.08624907
  -19.00000000   -0.05159611   -0.00040281   -0.08650936
  -18.91666667   -0.05176728   -0.00041264   -0.08677180
  -18.83333333   -0.05194031   -0.00042508   -0.08703641
  -18.75000000   -0.05211523   -0.00043979   -0.08730323
  -18.66666667   -0.05229207   -0.00045564   -0.08757228
  -18.58333333   -0.05247086   -0.00047132   -0.08784358
  -18.50000000   -0.05265163   -0.00048605   -0.08811718
  -18.41666667   -0.05283442   -0.00049990   -0.08839310
  -18.33333333   -0.05301925   -0.00051365   -0.08867135
  -18.25000000   -0.05320616   -0.00052815   -0.08895200
  -18.16666667   -0.05339519   -0.00054379   -0.08923505
  -18.08333333   -0.05358635   -0.00056025   -0.08952054
  -18.00000000   -0.05377970   -0.00057673   -0.08980851
  -17.91666667   -0.05397527   -0.00059246   -0.09009898
  -17.83333333   -0.05417309   -0.00060717   -0.09039199
  -17.75000000   -0.05437320   -0.00062119   -0.09068758
  -17.66666667   -0.05457563   -0.00063521   -0.09098578
  -17.58333333   -0.05478043   -0.00064984   -0.09128662
  -17.50000000   -0.05498764   -0.00066520   -0.09159014
  -17.41666667   -0.05519729   -0.00068085   -0.09189639
  -17.33333333   -0.05540943   -0.00069616   -0.09220538
  -17.25000000   -0.05562409   -0.00071063   -0.09251716
  -17.16666667   -0.05584133   -0.00072428   -0.09283179
  -17.08333333   -0.05606118   -0.00073755   -0.09314927
  -17.00000000   -0.05628369   -0.00075104   -0.09346968
  -16.91666667   -0.05650891   -0.00076513   -0.09379303
  -16.83333333   -0.05673688   -0.00077970   -0.09411938
  -16.75000000   -0.05696765   -0.00079429   -0.09444876
  -16.66666667   -0.05720127   -0.00080835   -0.09478123
  -16.58333333   -0.05743778   -0.00082165   -0.09511682
  -16.50000000   -0.05767725   -0.00083436   -0.09545558
  -16.41666667   -0.05791972   -0.00084699   -0.09579756
  -16.33333333   -0.05816523   -0.00086000   -0.09614279
  -16.25000000   -0.05841386   -0.00087357   -0.09649135
  -16.16666667   -0.05866566   -0.00088743   -0.09684326
  -16.08333333   -0.05892067   -0.00090110   -0.09719857
  -16.00000000   -0.05917897   -0.00091417   -0.09755736
  -15.91666667   -0.05944060   -0.00092659   -0.09791965
  -15.83333333   -0.05970564   -0.00093868   -0.09828551
  -15.75000000   -0.05997414   -0.00095091   -0.09865499
  -15.66666667   -0.06024616   -0.00096363   -0.09902815
  -15.58333333   -0.06052178   -0.00097682   -0.09940504
  -15.50000000   -0.06080105   -0.00099011   -0.09978571
  -15.41666667   -0.06108405   -0.00100306   -0.10017024
  -15.33333333   -0.06137084   -0.00101539   -0.10055867
  -15.25000000   -0.06166150   -0.00102723   -0.10095107
  -15.16666667   -0.06195611   -0.00103896   -0.10134751
  -15.08333333   -0.06225473   -0.00105101   -0.10174804
  -15.00000000   -0.06255744   -0.00106358   -0.10215273
  -14.91666667   -0.06286432   -0.00107650   -0.10256165
  -14.83333333   -0.06317546   -0.00108934   -0.10297488
  -14.75000000   -0.06349092   -0.00110171   -0.10339246
  -14.66666667   -0.06381081   -0.00111352   -0.10381448
  -14.58333333   -0.06413520   -0.00112499   -0.10424102
  -14.50000000   -0.06446418   -0.00113657   -0.10467214
  -14.41666667   -0.06479785   -0.00114858   -0.10510793
  -14.33333333   -0.06513629   -0.00116108   -0.10554846
  -14.25000000   -0.06547961   -0.00117376   -0.10599380
  -14.16666667   -0.06582789   -0.00118619   -0.10644405
  -14.08333333   -0.06618125   -0.00119809   -0.10689929
  -14.00000000   -0.06653977   -0.00120951   -0.10735959
  -13.91666667   -0.06690357   -0.00122077   -0.10782506
  -13.83333333   -0.06727276   -0.00123230   -0.10829578
  -13.75000000   -0.06764744   -0.00124432   -0.10877184
  -13.66666667   -0.06802773   -0.00125672   -0.10925333
  -13.58333333   -0.06841375   -0.00126913   -0.10974036
  -13.50000000   -0.06880560   -0.00128115   -0.11023301
  -13.41666667   -0.06920342   -0.00129261   -0.11073140
  -13.33333333   -0.06960734   -0.00130369   -0.11123563
  -13.25000000   -0.07001746   -0.00131479   -0.11174580
  -13.16666667   -0.07043394   -0.00132629   -0.11226201
  -13.08333333   -0.07085691   -0.00133825   -0.11278440
  -13.00000000   -0.07128649   -0.00135046   -0.11331306
  -12.91666667   -0.07172285   -0.00136248   -0.11384811
  -12.83333333   -0.07216611   -0.00137399   -0.11438969
  -12.75000000   -0.07261644   -0.00138496   -0.11493790
  -12.66666667   -0.07307398   -0.00139567   -0.11549288
  -12.58333333   -0.07353889   -0.00140657   -0.11605476
  -12.50000000   -0.07401134   -0.00141790   -0.11662367
  -12.41666667   -0.07449148   -0.00142964   -0.11719975
  -12.33333333   -0.07497950   -0.00144142   -0.11778314
  -12.25000000   -0.07547557   -0.00145283   -0.11837399
  -12.16666667   -0.07597985   -0.00146363   -0.11897243
  -12.08333333   -0.07649256   -0.00147394   -0.11957865
  -12.00000000   -0.07701385   -0.00148414   -0.12019277
  -11.91666667   -0.07754394   -0.00149462   -0.12081496
  -11.83333333   -0.07808303   -0.00150554   -0.12144541
  -11.75000000   -0.07863131   -0.00151670   -0.12208427
  -11.66666667   -0.07918901   -0.00152768   -0.12273172
  -11.58333333   -0.07975633   -0.00153811   -0.12338795
  -11.50000000   -0.08033349   -0.00154786   -0.12405313
  -11.41666667   -0.08092073   -0.00155720   -0.12472746
  -11.33333333   -0.08151829   -0.00156653   -0.12541115
  -11.25000000   -0.08212639   -0.00157619   -0.12610438
  -11.16666667   -0.08274528   -0.00158620   -0.12680738
  -11.08333333   -0.08337524   -0.00159624   -0.12752036
  -11.00000000   -0.08401650   -0.00160585   -0.12824354
  -10.91666667   -0.08466934   -0.00161471   -0.12897715
  -10.83333333   -0.08533404   -0.00162286   -0.12972145
  -10.75000000   -0.08601087   -0.00163064   -0.13047664
  -10.66666667   -0.08670012   -0.00163851   -0.13124301
  -10.58333333   -0.08740211   -0.00164667   -0.13202081
  -10.50000000   -0.08811712   -0.00165499   -0.13281031
  -10.41666667   -0.08884547   -0.00166304   -0.13361177
  -10.33333333   -0.08958750   -0.00167037   -0.13442552
  -10.25000000   -0.09034351   -0.00167677   -0.13525181
  -10.16666667   -0.09111386   -0.00168241   -0.13609097
  -10.08333333   -0.09189890   -0.00168773   -0.13694332
  -10.00000000   -0.09269898   -0.00169312   -0.13780918
   -9.91666667   -0.09351446   -0.00169865   -0.13868889
   -9.83333333   -0.09434573   -0.00170405   -0.13958282
   -9.75000000   -0.09519317   -0.00170879   -0.14049130
   -9.66666667   -0.09605717   -0.00171248   -0.14141473
   -9.58333333   -0.09693815   -0.00171503   -0.14235351
   -9.50000000   -0.09783651   -0.00171676   -0.14330803
   -9.41666667   -0.09875267   -0.00171812   -0.14427870
   -9.33333333   -0.09968710   -0.00171940   -0.14526599
   -9.25000000   -0.10064021   -0.00172054   -0.14627031
   -9.16666667   -0.10161247   -0.00172109   -0.14729216
   -9.08333333   -0.10260436   -0.00172051   -0.14833203
   -9.00000000   -0.10361633   -0.00171845   -0.14939040
   -8.91666667   -0.10464888   -0.00171500   -0.15046782
   -8.83333333   -0.10570253   -0.00171056   -0.15156484
   -8.75000000   -0.10677776   -0.00170557   -0.15268201
   -8.66666667   -0.10787509   -0.00170019   -0.15381993
   -8.58333333   -0.10899508   -0.00169415   -0.15497924
   -8.50000000   -0.11013823   -0.00168688   -0.15616055
   -8.41666667   -0.11130510   -0.00167783   -0.15736455
   -8.33333333   -0.11249627   -0.00166677   -0.15859194
   -8.25000000   -0.11371228   -0.00165392   -0.15984344
   -8.16666667   -0.11495370   -0.00163974   -0.16111982
   -8.08333333   -0.11622114   -0.00162460   -0.16242188
   -8.00000000   -0.11751515   -0.00160845   -0.16375043
   -7.91666667   -0.11883634   -0.00159084   -0.16510636
   -7.83333333   -0.12018531   -0.00157106   -0.16649056
   -7.75000000   -0.12156266   -0.00154862   -0.16790400
   -7.66666667   -0.12296899   -0.00152341   -0.16934767
   -7.58333333   -0.12440489   -0.00149575   -0.17082261
   -7.50000000   -0.12587098   -0.00146611   -0.17232992
   -7.41666667   -0.12736785   -0.00143469   -0.17387074
   -7.33333333   -0.12889608   -0.00140122   -0.17544627
   -7.25000000   -0.13045627   -0.00136500   -0.17705780
   -7.16666667   -0.13204899   -0.00132528   -0.17870664
   -7.08333333   -0.13367477   -0.00128157   -0.18039418
   -7.00000000   -0.13533419   -0.00123392   -0.18212193
   -6.91666667   -0.13702774   -0.00118270   -0.18389141
   -6.83333333   -0.13875590   -0.00112829   -0.18570426
   -6.75000000   -0.14051916   -0.00107063   -0.18756223
   -6.66666667   -0.14231791   -0.00100916   -0.18946711
   -6.58333333   -0.14415254   -0.00094296   -0.19142083
   -6.50000000   -0.14602339   -0.00087117   -0.19342545
   -6.41666667   -0.14793071   -0.00079339   -0.19548310
   -6.33333333   -0.14987470   -0.00070972   -0.19759606
   -6.25000000   -0.15185550   -0.00062051   -0.19976676
   -6.16666667   -0.15387316   -0.00052592   -0.20199777
   -6.08333333   -0.15592760   -0.00042554   -0.20429178
   -6.00000000   -0.15801869   -0.00031842   -0.20665173
   -5.91666667   -0.16014613   -0.00020336   -0.20908067
   -5.83333333   -0.16230949   -0.00007942   -0.21158187
   -5.75000000   -0.16450822    0.00005380   -0.21415886
   -5.66666667   -0.16674157    0.00019622   -0.21681535
   -5.58333333   -0.16900860    0.00034766   -0.21955530
   -5.50000000   -0.17130819    0.00050839   -0.22238301
   -5.41666667   -0.17363896    0.00067933   -0.22530300
   -5.33333333   -0.17599927    0.00086195   -0.22832016
   -5.25000000   -0.17838723    0.00105780   -0.23143973
   -5.16666667   -0.18080062    0.00126799   -0.23466731
   -5.08333333   -0.18323686    0.00149306   -0.23800893
   -5.00000000   -0.18569303    0.00173312   -0.24147111
   -4.91666667   -0.18816579    0.00198846   -0.24506081
   -4.83333333   -0.19065130    0.00226003   -0.24878554
   -4.75000000   -0.19314533    0.00254956   -0.25265347
   -4.66666667   -0.19564302    0.00285923   -0.25667333
   -4.58333333   -0.19813896    0.00319115   -0.26085458
   -4.50000000   -0.20062713    0.00354682   -0.26520749
   -4.41666667   -0.20310081    0.00392715   -0.26974312
   -4.33333333   -0.20555249    0.00433287   -0.27447342
   -4.25000000   -0.20797395    0.00476514   -0.27941140
   -4.16666667   -0.21035602    0.00522608   -0.28457105
   -4.08333333   -0.21268862    0.00571866   -0.28996749
   -4.00000000   -0.21496070    0.00624620   -0.29561714
   -3.91666667   -0.21716007    0.00681172   -0.30153756
   -3.83333333   -0.21927344    0.00741756   -0.30774770
   -3.75000000   -0.22128623    0.00806552   -0.31426772
   -3.66666667   -0.22318258    0.00875756   -0.32111910
   -3.58333333   -0.22494520    0.00949649   -0.32832438
   -3.50000000   -0.22655530    0.01028633   -0.33590686
   -3.41666667   -0.22799250    0.01113200   -0.34389016
   -3.33333333   -0.22923474    0.01203864   -0.35229738
   -3.25000000   -0.23025817    0.01301081   -0.36114962
   -3.16666667   -0.23103704    0.01405235   -0.37046409
   -3.08333333   -0.23154365    0.01516676   -0.38025073
   -3.00000000   -0.23174822    0.01635814   -0.39050705
   -2.91666667   -0.23161880    0.01763190   -0.40121048
   -2.83333333   -0.23112123    0.01899491   -0.41230609
   -2.75000000   -0.23021904    0.02045484   -0.42368745
   -2.66666667   -0.22887341    0.02201918   -0.43516688
   -2.58333333   -0.22704321    0.02369448   -0.44642803
   -2.50000000   -0.22468499    0.02548635   -0.45695022
   -2.41666667   -0.22175314    0.02740023   -0.46588749
   -2.33333333   -0.21819999    0.02944249   -0.47187406
   -2.25000000   -0.21397627    0.03162100   -0.47271437
   -2.16666667   -0.20903145    0.03394480   -0.46490157
   -2.08333333   -0.20331445    0.03642289   -0.44291450
   -2.00000000   -0.19677464    0.03906273   -0.39834493
   -1.91666667   -0.18936297    0.04186940   -0.31929362
   -1.83333333   -0.18103372    0.04484580   -0.19151528
   -1.75000000   -0.17174646    0.04799370   -0.00447205
   -1.66666667   -0.16146884    0.05131478    0.23501156
   -1.58333333   -0.15017962    0.05481063    0.48898361
   -1.50000000   -0.13787242    0.05848135    0.69773368
   -1.41666667   -0.12456004    0.06232306    0.81799109
   -1.33333333   -0.11027901    0.06632549    0.84847637
   -1.25000000   -0.09509420    0.07047089    0.81634215
   -1.16666667   -0.07910334    0.07473469    0.75174594
   -1.08333333   -0.06244035    0.07908711    0.67568373
   -1.00000000   -0.04527729    0.08349443    0.59962605
   -0.91666667   -0.02782403    0.08791828    0.52876547
   -0.83333333   -0.01032475    0.09231266    0.46489054
   -0.75000000    0.00694882    0.09661988    0.40815724
   -0.66666667    0.02370798    0.10076796    0.35802954
   -0.58333333    0.03966057    0.10467181    0.31373899
   -0.50000000    0.05452669    0.10823946    0.27449390
   -0.41666667    0.06805499    0.11138199    0.23956511
   -0.33333333    0.08003764    0.11402421    0.20831444
   -0.25000000    0.09032215    0.11611204    0.18019700
   -0.16666667    0.09881866    0.11761407    0.15475330
   -0.08333333    0.10550190    0.11851707    0.13159789
    0.00000000    0.11040791    0.11881808    0.11040791
    0.08333333    0.11362630    0.11851707    0.09091270
    0.16666667    0.11528952    0.11761407    0.07288494
    0.25000000    0.11556045    0.11611204    0.05613314
    0.33333333    0.11462007    0.11402421    0.04049559
    0.41666667    0.11265610    0.11138199    0.02583542
    0.50000000    0.10985360    0.10823946    0.01203651
    0.58333333    0.10638779    0.10467181   -0.00099969
    0.66666667    0.10241904    0.10076796   -0.01335680
    0.75000000    0.09808996    0.09661988   -0.02510553
    0.83333333    0.09352416    0.09231266   -0.03630540
    0.91666667    0.08882622    0.08791828   -0.04700599
    1.00000000    0.08408269    0.08349443   -0.05724790
    1.08333333    0.07936354    0.07908711   -0.06706356
    1.16666667    0.07472404    0.07473469   -0.07647761
    1.25000000    0.07020658    0.07047089   -0.08550734
    1.33333333    0.06584268    0.06632549   -0.09416268
    1.41666667    0.06165473    0.06232306   -0.10244620
    1.50000000    0.05765758    0.05848135   -0.11035291
    1.58333333    0.05386004    0.05481063   -0.11786980
    1.66666667    0.05026604    0.05131478   -0.12497538
    1.75000000    0.04687572    0.04799370   -0.13163893
    1.83333333    0.04368633    0.04484580   -0.13781969
    1.91666667    0.04069291    0.04186940   -0.14346585
    2.00000000    0.03788889    0.03906273   -0.14851349
    2.08333333    0.03526662    0.03642289   -0.15288539
    2.16666667    0.03281768    0.03394480   -0.15648986
    2.25000000    0.03053325    0.03162100   -0.15921953
    2.33333333    0.02840430    0.02944249   -0.16095050
    2.41666667    0.02642176    0.02740023   -0.16154165
    2.50000000    0.02457674    0.02548635   -0.16083464
    2.58333333    0.02286052    0.02369448   -0.15865474
    2.66666667    0.02126470    0.02201918   -0.15481290
    2.75000000    0.01978123    0.02045484   -0.14910952
    2.83333333    0.01840243    0.01899491   -0.14134022
    2.91666667    0.01712103    0.01763190   -0.13130427
    3.00000000    0.01593015    0.01635814   -0.11881597
    3.08333333    0.01482333    0.01516676   -0.10371874
    3.16666667    0.01379450    0.01405235   -0.08590213
    3.25000000    0.01283800    0.01301081   -0.06532070
    3.33333333    0.01194851    0.01203864   -0.04201268
    3.41666667    0.01112110    0.01113200   -0.01611703
    3.50000000    0.01035117    0.01028633    0.01211429
    3.58333333    0.00963444    0.00949649    0.04231266
    3.66666667    0.00896694    0.00875756    0.07399878
    3.75000000    0.00834499    0.00806552    0.10660031
    3.83333333    0.00776517    0.00741756    0.13948142
    3.91666667    0.00722431    0.00681172    0.17198000
    4.00000000    0.00671949    0.00624620    0.20344900
    4.08333333    0.00624800    0.00571866    0.23329729
    4.16666667    0.00580733    0.00522608    0.26102261
    4.25000000    0.00539516    0.00476514    0.28623607
    4.33333333    0.00500933    0.00433287    0.30867223
    4.41666667    0.00464789    0.00392715    0.32818916
    4.50000000    0.00430897    0.00354682    0.34475818
    4.58333333    0.00399091    0.00319115    0.35844603
    4.66666667    0.00369212    0.00285923    0.36939453
    4.75000000    0.00341116    0.00254956    0.37779931
    4.83333333    0.00314671    0.00226003    0.38388957
    4.91666667    0.00289751    0.00198846    0.38791134
    5.00000000    0.00266244    0.00173312    0.39011382
    5.08333333    0.00244044    0.00149306    0.39073920
    5.16666667    0.00223053    0.00126799    0.39001580
    5.25000000    0.00203182    0.00105780    0.38815367
    5.33333333    0.00184346    0.00086195    0.38534243
    5.41666667    0.00166471    0.00067933    0.38175062
    5.50000000    0.00149483    0.00050839    0.37752600
    5.58333333    0.00133318    0.00034766    0.37279686
    5.66666667    0.00117916    0.00019622    0.36767348
    5.75000000    0.00103218    0.00005380    0.36224978
    5.83333333    0.00089175   -0.00007942    0.35660535
    5.91666667    0.00075738   -0.00020336    0.35080708
    6.00000000    0.00062862   -0.00031842    0.34491073
    6.08333333    0.00050506   -0.00042554    0.33896266
    6.16666667    0.00038634   -0.00052592    0.33300107
    6.25000000    0.00027208   -0.00062051    0.32705712
    6.33333333    0.00016197   -0.00070972    0.32115620
    6.41666667    0.00005571   -0.00079339    0.31531871
    6.50000000   -0.00004698   -0.00087117    0.30956079
    6.58333333   -0.00014636   -0.00094296    0.30389518
    6.66666667   -0.00024266   -0.00100916    0.29833167
    6.75000000   -0.00033611   -0.00107063    0.29287754
    6.83333333   -0.00042691   -0.00112829    0.28753813
    6.91666667   -0.00051525   -0.00118270    0.28231712
    7.00000000   -0.00060131   -0.00123392    0.27721672
    7.08333333   -0.00068524   -0.00128157    0.27223809
    7.16666667   -0.00076719   -0.00132528    0.26738149
    7.25000000   -0.00084731   -0.00136500    0.26264634
    7.33333333   -0.00092572   -0.00140122    0.25803153
    7.41666667   -0.00100254   -0.00143469    0.25353550
    7.50000000   -0.00107788   -0.00146611    0.24915621
    7.58333333   -0.00115184   -0.00149575    0.24489143
    7.66666667   -0.00122451   -0.00152341    0.24073868
    7.75000000   -0.00129599   -0.00154862    0.23669526
    7.83333333   -0.00136635   -0.00157106    0.23275844
    7.91666667   -0.00143567   -0.00159084    0.22892539
    8.00000000   -0.00150402   -0.00160845    0.22519318
    8.08333333   -0.00157146   -0.00162460    0.22155895
    8.16666667   -0.00163804   -0.00163974    0.21801975
    8.25000000   -0.00170383   -0.00165392    0.21457277
    8.33333333   -0.00176887   -0.00166677    0.21121515
    8.41666667   -0.00183321   -0.00167783    0.20794404
    8.50000000   -0.00189690   -0.00168688    0.20475680
    8.58333333   -0.00195997   -0.00169415    0.20165072
    8.66666667   -0.00202245   -0.00170019    0.19862314
    8.75000000   -0.00208440   -0.00170557    0.19567161
    8.83333333   -0.00214582   -0.00171056    0.19279364
    8.91666667   -0.00220676   -0.00171500    0.18998679
    9.00000000   -0.00226724   -0.00171845    0.18724883
    9.08333333   -0.00232728   -0.00172051    0.18457748
    9.16666667   -0.00238691   -0.00172109    0.18197056
    9.25000000   -0.00244615   -0.00172054    0.17942602
    9.33333333   -0.00250502   -0.00171940    0.17694184
    9.41666667   -0.00256353   -0.00171812    0.17451603
    9.50000000   -0.00262170   -0.00171676    0.17214677
    9.58333333   -0.00267955   -0.00171503    0.16983223
    9.66666667   -0.00273708   -0.00171248    0.16757064
    9.75000000   -0.00279432   -0.00170879    0.16536038
    9.83333333   -0.00285128   -0.00170405    0.16319979
    9.91666667   -0.00290795   -0.00169865    0.16108729
   10.00000000   -0.00296436   -0.00169312    0.15902145
   10.08333333   -0.00302052   -0.00168773    0.15700077
   10.16666667   -0.00307642   -0.00168241    0.15502386
   10.25000000   -0.00313209   -0.00167677    0.15308942
   10.33333333   -0.00318751   -0.00167037    0.15119612
   10.41666667   -0.00324271   -0.00166304    0.14934272
   10.50000000   -0.00329769   -0.00165499    0.14752805
   10.58333333   -0.00335245   -0.00164667    0.14575094
   10.66666667   -0.00340699   -0.00163851    0.14401025
   10.75000000   -0.00346132   -0.00163064    0.14230497
   10.83333333   -0.00351545   -0.00162286    0.14063403
   10.91666667   -0.00356938   -0.00161471    0.13899642
   11.00000000   -0.00362311   -0.00160585    0.13739123
   11.08333333   -0.00367664   -0.00159624    0.13581750
   11.16666667   -0.00372998   -0.00158620    0.13427433
   11.25000000   -0.00378312   -0.00157619    0.13276090
   11.33333333   -0.00383608   -0.00156653    0.13127636
   11.41666667   -0.00388885   -0.00155720    0.12981990
   11.50000000   -0.00394143   -0.00154786    0.12839077
   11.58333333   -0.00399383   -0.00153811    0.12698821
   11.66666667   -0.00404604   -0.00152768    0.12561149
   11.75000000   -0.00409807   -0.00151670    0.12425994
   11.83333333   -0.00414992   -0.00150554    0.12293289
   11.91666667   -0.00420159   -0.00149462    0.12162966
   12.00000000   -0.00425308   -0.00148414    0.12034966
   12.08333333   -0.00430439   -0.00147394    0.11909227
   12.16666667   -0.00435552   -0.00146363    0.11785690
   12.25000000   -0.00440647   -0.00145283    0.11664299
   12.33333333   -0.00445724   -0.00144142    0.11545001
   12.41666667   -0.00450783   -0.00142964    0.11427739
   12.50000000   -0.00455825   -0.00141790    0.11312466
   12.58333333   -0.00460848   -0.00140657    0.11199131
   12.66666667   -0.00465854   -0.00139567    0.11087684
   12.75000000   -0.00470842   -0.00138496    0.10978082
   12.83333333   -0.00475813   -0.00137399    0.10870279
   12.91666667   -0.00480765   -0.00136248    0.10764230
   13.00000000   -0.00485700   -0.00135046    0.10659895
   13.08333333   -0.00490617   -0.00133825    0.10557233
   13.16666667   -0.00495517   -0.00132629    0.10456201
   13.25000000   -0.00500398   -0.00131479    0.10356766
   13.33333333   -0.00505262   -0.00130369    0.10258887
   13.41666667   -0.00510108   -0.00129261    0.10162528
   13.50000000   -0.00514936   -0.00128115    0.10067657
   13.58333333   -0.00519746   -0.00126913    0.09974238
   13.66666667   -0.00524538   -0.00125672    0.09882237
   13.75000000   -0.00529313   -0.00124432    0.09791625
   13.83333333   -0.00534070   -0.00123230    0.09702369
   13.91666667   -0.00538808   -0.00122077    0.09614438
   14.00000000   -0.00543529   -0.00120951    0.09527805
   14.08333333   -0.00548232   -0.00119809    0.09442442
   14.16666667   -0.00552918   -0.00118619    0.09358318
   14.25000000   -0.00557585   -0.00117376    0.09275410
   14.33333333   -0.00562234   -0.00116108    0.09193690
   14.41666667   -0.00566866   -0.00114858    0.09113132
   14.50000000   -0.00571479   -0.00113657    0.09033713
   14.58333333   -0.00576075   -0.00112499    0.08955409
   14.66666667   -0.00580652   -0.00111352    0.08878196
   14.75000000   -0.00585212   -0.00110171    0.08802052
   14.83333333   -0.00589754   -0.00108934    0.08726955
   14.91666667   -0.00594278   -0.00107650    0.08652882
   15.00000000   -0.00598784   -0.00106358    0.08579815
   15.08333333   -0.00603272   -0.00105101    0.08507732
   15.16666667   -0.00607743   -0.00103896    0.08436612
   15.25000000   -0.00612195   -0.00102723    0.08366439
   15.33333333   -0.00616630   -0.00101539    0.08297192
   15.41666667   -0.00621047   -0.00100306    0.08228852
   15.50000000   -0.00625445   -0.00099011    0.08161404
   15.58333333   -0.00629827   -0.00097682    0.08094830
   15.66666667   -0.00634190   -0.00096363    0.08029111
   15.75000000   -0.00638536   -0.00095091    0.07964232
   15.83333333   -0.00642863   -0.00093868    0.07900178
   15.91666667   -0.00647174   -0.00092659    0.07836931
   16.00000000   -0.00651466   -0.00091417    0.07774479
   16.08333333   -0.00655741   -0.00090110    0.07712804
   16.16666667   -0.00659998   -0.00088743    0.07651894
   16.25000000   -0.00664237   -0.00087357    0.07591732
   16.33333333   -0.00668459   -0.00086000    0.07532307
   16.41666667   -0.00672664   -0.00084699    0.07473605
   16.50000000   -0.00676851   -0.00083436    0.07415612
   16.58333333   -0.00681020   -0.00082165    0.07358315
   16.66666667   -0.00685172   -0.00080835    0.07301703
   16.75000000   -0.00689306   -0.00079429    0.07245763
   16.83333333   -0.00693424   -0.00077970    0.07190482
   16.91666667   -0.00697523   -0.00076513    0.07135851
   17.00000000   -0.00701606   -0.00075104    0.07081855
   17.08333333   -0.00705671   -0.00073755    0.07028486
   17.16666667   -0.00709719   -0.00072428    0.06975733
   17.25000000   -0.00713750   -0.00071063    0.06923583
   17.33333333   -0.00717764   -0.00069616    0.06872027
   17.41666667   -0.00721761   -0.00068085    0.06821056
   17.50000000   -0.00725741   -0.00066520    0.06770659
   17.58333333   -0.00729704   -0.00064984    0.06720825
   17.66666667   -0.00733649   -0.00063521    0.06671548
   17.75000000   -0.00737578   -0.00062119    0.06622816
   17.83333333   -0.00741491   -0.00060717    0.06574620
   17.91666667   -0.00745386   -0.00059246    0.06526954
   18.00000000   -0.00749265   -0.00057673    0.06479805
   18.08333333   -0.00753127   -0.00056025    0.06433167
   18.16666667   -0.00756972   -0.00054379    0.06387033
   18.25000000   -0.00760801   -0.00052815    0.06341392
   18.33333333   -0.00764614   -0.00051365    0.06296238
   18.41666667   -0.00768410   -0.00049990    0.06251563
   18.50000000   -0.00772189   -0.00048605    0.06207358
   18.58333333   -0.00775952   -0.00047132    0.06163617
   18.66666667   -0.00779699   -0.00045564    0.06120334
   18.75000000   -0.00783430   -0.00043979    0.06077498
   18.83333333   -0.00787145   -0.00042508    0.06035105
   18.91666667   -0.00790844   -0.00041264    0.05993149
   19.00000000   -0.00794526   -0.00040281    0.05951620
   19.08333333   -0.00798193   -0.00039492    0.05910513
   19.16666667   -0.00801843   -0.00038785    0.05869824
   19.25000000   -0.00805478   -0.00038093    0.05829542
   19.33333333   -0.00809097   -0.00037485    0.05789664
   19.41666667   -0.00812701   -0.00037196    0.05750184
   19.50000000   -0.00816289   -0.00037567    0.05711095
   19.58333333   -0.00819861   -0.00038932    0.05672391
   19.66666667   -0.00823417   -0.00041490    0.05634068
   19.75000000   -0.00826959   -0.00045238    0.05596118
   19.83333333   -0.00830484   -0.00049978    0.05558537
   19.91666667   -0.00833995   -0.00055405    0.05521320
   20.00000000   -0.00837490   -0.00061215    0.05484460
