  -20.00000000    0.02756622   -0.00465964   -0.04191606
  -19.91666667    0.02763878   -0.00492073   -0.04213606
  -19.83333333    0.02771196   -0.00511963   -0.04235790
  -19.75000000    0.02778577   -0.00525923   -0.04258163
  -19.66666667    0.02786022   -0.00536096   -0.04280727
  -19.58333333    0.02793531   -0.00545345   -0.04303482
  -19.50000000    0.02801106   -0.00555948   -0.04326434
  -19.41666667    0.02808747   -0.00568744   -0.04349583
  -19.33333333    0.02816455   -0.00583077   -0.04372932
  -19.25000000    0.02824231   -0.00597458   -0.04396485
  -19.16666667    0.02832076   -0.00610526   -0.04420243
  -19.08333333    0.02839991   -0.00621772   -0.04444209
  -19.00000000    0.02847977   -0.00631690   -0.04468387
  -18.91666667    0.02856034   -0.00641357   -0.04492778
  -18.83333333    0.02864164   -0.00651741   -0.04517386
  -18.75000000    0.02872368   -0.00663163   -0.04542214
  -18.66666667    0.02880647   -0.00675199   -0.04567265
  -18.58333333    0.02889001   -0.00687018   -0.04592541
  -18.50000000    0.02897432   -0.00697928   -0.04618046
  -18.41666667    0.02905941   -0.00707782   -0.04643783
  -18.33333333    0.02914529   -0.00717019   -0.04669754
  -18.25000000    0.02923197   -0.00726359   -0.04695964
  -18.16666667    0.02931947   -0.00736348   -0.04722415
  -18.08333333    0.02940778   -0.00747055   -0.04749111
  -18.00000000    0.02949693   -0.00758067   -0.04776055
  -17.91666667    0.02958693   -0.00768788   -0.04803251
  -17.83333333    0.02967779   -0.00778816   -0.04830702
  -17.75000000    0.02976952   -0.00788183   -0.04858412
  -17.66666667    0.02986214   -0.00797310   -0.04886385
  -17.58333333    0.02995565   -0.00806730   -0.04914623
  -17.50000000    0.03005007   -0.00816757   -0.04943132
  -17.41666667    0.03014542   -0.00827313   -0.04971915
  -17.33333333    0.03024170   -0.00838000   -0.05000975
  -17.25000000    0.03033894   -0.00848368   -0.05030318
  -17.16666667    0.03043714   -0.00858198   -0.05059947
  -17.08333333    0.03053632   -0.00867631   -0.05089866
  -17.00000000    0.03063650   -0.00877063   -0.05120079
  -16.91666667    0.03073769   -0.00886893   -0.05150592
  -16.83333333    0.03083991   -0.00897278   -0.05181407
  -16.75000000    0.03094316   -0.00908050   -0.05212531
  -16.66666667    0.03104748   -0.00918837   -0.05243968
  -16.58333333    0.03115287   -0.00929307   -0.05275721
  -16.50000000    0.03125935   -0.00939373   -0.05307796
  -16.41666667    0.03136693   -0.00949244   -0.05340199
  -16.33333333    0.03147565   -0.00959281   -0.05372933
  -16.25000000    0.03158550   -0.00969771   -0.05406005
  -16.16666667    0.03169652   -0.00980753   -0.05439419
  -16.08333333    0.03180872   -0.00992007   -0.05473180
  -16.00000000    0.03192212   -0.01003200   -0.05507295
  -15.91666667    0.03203673   -0.01014102   -0.05541768
  -15.83333333    0.03215259   -0.01024729   -0.05576606
  -15.75000000    0.03226970   -0.01035326   -0.05611813
  -15.66666667    0.03238809   -0.01046209   -0.05647397
  -15.58333333    0.03250779   -0.01057567   -0.05683363
  -15.50000000    0.03262880   -0.01069349   -0.05719716
  -15.41666667    0.03275116   -0.01081310   -0.05756465
  -15.33333333    0.03287489   -0.01093166   -0.05793614
  -15.25000000    0.03300001   -0.01104780   -0.05831171
  -15.16666667    0.03312654   -0.01116245   -0.05869142
  -15.08333333    0.03325451   -0.01127820   -0.05907534
  -15.00000000    0.03338394   -0.01139767   -0.05946354
  -14.91666667    0.03351486   -0.01152187   -0.05985610
  -14.83333333    0.03364730   -0.01164964   -0.06025308
  -14.75000000    0.03378127   -0.01177848   -0.06065456
  -14.66666667    0.03391682   -0.01190612   -0.06106062
  -14.58333333    0.03405396   -0.01203204   -0.06147134
  -14.50000000    0.03419272   -0.01215770   -0.06188679
  -14.41666667    0.03433314   -0.01228566   -0.06230706
  -14.33333333    0.03447524   -0.01241793   -0.06273224
  -14.25000000    0.03461905   -0.01255476   -0.06316240
  -14.16666667    0.03476461   -0.01269454   -0.06359764
  -14.08333333    0.03491195   -0.01283488   -0.06403804
  -14.00000000    0.03506110   -0.01297417   -0.06448370
  -13.91666667    0.03521209   -0.01311258   -0.06493471
  -13.83333333    0.03536496   -0.01325196   -0.06539118
  -13.75000000    0.03551975   -0.01339465   -0.06585318
  -13.66666667    0.03567648   -0.01354203   -0.06632084
  -13.58333333    0.03583520   -0.01369371   -0.06679425
  -13.50000000    0.03599595   -0.01384781   -0.06727351
  -13.41666667    0.03615876   -0.01400221   -0.06775874
  -13.33333333    0.03632368   -0.01415596   -0.06825005
  -13.25000000    0.03649075   -0.01430982   -0.06874755
  -13.16666667    0.03666000   -0.01446583   -0.06925136
  -13.08333333    0.03683149   -0.01462600   -0.06976160
  -13.00000000    0.03700525   -0.01479110   -0.07027838
  -12.91666667    0.03718134   -0.01496019   -0.07080184
  -12.83333333    0.03735979   -0.01513132   -0.07133212
  -12.75000000    0.03754067   -0.01530277   -0.07186933
  -12.66666667    0.03772401   -0.01547419   -0.07241361
  -12.58333333    0.03790987   -0.01564684   -0.07296511
  -12.50000000    0.03809830   -0.01582275   -0.07352396
  -12.41666667    0.03828936   -0.01600355   -0.07409031
  -12.33333333    0.03848310   -0.01618938   -0.07466432
  -12.25000000    0.03867958   -0.01637895   -0.07524614
  -12.16666667    0.03887885   -0.01657037   -0.07583592
  -12.08333333    0.03908098   -0.01676240   -0.07643383
  -12.00000000    0.03928603   -0.01695526   -0.07704004
  -11.91666667    0.03949406   -0.01715053   -0.07765471
  -11.83333333    0.03970514   -0.01735015   -0.07827804
  -11.75000000    0.03991933   -0.01755525   -0.07891018
  -11.66666667    0.04013671   -0.01776546   -0.07955134
  -11.58333333    0.04035735   -0.01797925   -0.08020170
  -11.50000000    0.04058132   -0.01819494   -0.08086146
  -11.41666667    0.04080869   -0.01841180   -0.08153082
  -11.33333333    0.04103955   -0.01863057   -0.08220999
  -11.25000000    0.04127398   -0.01885302   -0.08289918
  -11.16666667    0.04151205   -0.01908083   -0.08359861
  -11.08333333    0.04175386   -0.01931465   -0.08430852
  -11.00000000    0.04199950   -0.01955369   -0.08502912
  -10.91666667    0.04224905   -0.01979632   -0.08576065
  -10.83333333    0.04250261   -0.02004118   -0.08650338
  -10.75000000    0.04276027   -0.02028807   -0.08725754
  -10.66666667    0.04302214   -0.02053815   -0.08802340
  -10.58333333    0.04328833   -0.02079323   -0.08880123
  -10.50000000    0.04355893   -0.02105468   -0.08959130
  -10.41666667    0.04383405   -0.02132265   -0.09039389
  -10.33333333    0.04411383   -0.02159604   -0.09120931
  -10.25000000    0.04439835   -0.02187328   -0.09203784
  -10.16666667    0.04468776   -0.02215341   -0.09287980
  -10.08333333    0.04498219   -0.02243674   -0.09373552
  -10.00000000    0.04528174   -0.02272473   -0.09460530
   -9.91666667    0.04558657   -0.02301913   -0.09548951
   -9.83333333    0.04589682   -0.02332092   -0.09638850
   -9.75000000    0.04621261   -0.02362980   -0.09730260
   -9.66666667    0.04653412   -0.02394450   -0.09823220
   -9.58333333    0.04686148   -0.02426362   -0.09917769
   -9.50000000    0.04719486   -0.02458667   -0.10013945
   -9.41666667    0.04753443   -0.02491443   -0.10111789
   -9.33333333    0.04788036   -0.02524854   -0.10211345
   -9.25000000    0.04823281   -0.02559057   -0.10312652
   -9.16666667    0.04859199   -0.02594109   -0.10415758
   -9.08333333    0.04895808   -0.02629946   -0.10520709
   -9.00000000    0.04933126   -0.02666433   -0.10627549
   -8.91666667    0.04971176   -0.02703461   -0.10736330
   -8.83333333    0.05009979   -0.02741031   -0.10847101
   -8.75000000    0.05049556   -0.02779258   -0.10959914
   -8.66666667    0.05089930   -0.02818317   -0.11074822
   -8.58333333    0.05131125   -0.02858336   -0.11191882
   -8.50000000    0.05173165   -0.02899333   -0.11311148
   -8.41666667    0.05216076   -0.02941220   -0.11432679
   -8.33333333    0.05259885   -0.02983868   -0.11556537
   -8.25000000    0.05304618   -0.03027210   -0.11682782
   -8.16666667    0.05350305   -0.03071294   -0.11811478
   -8.08333333    0.05396976   -0.03116269   -0.11942692
   -8.00000000    0.05444660   -0.03162303   -0.12076489
   -7.91666667    0.05493390   -0.03209496   -0.12212941
   -7.83333333    0.05543198   -0.03257832   -0.12352116
   -7.75000000    0.05594120   -0.03307208   -0.12494089
   -7.66666667    0.05646191   -0.03357519   -0.12638934
   -7.58333333    0.05699448   -0.03408743   -0.12786728
   -7.50000000    0.05753929   -0.03460976   -0.12937550
   -7.41666667    0.05809675   -0.03514390   -0.13091479
   -7.33333333    0.05866726   -0.03569141   -0.13248595
   -7.25000000    0.05925125   -0.03625299   -0.13408985
   -7.16666667    0.05984918   -0.03682819   -0.13572732
   -7.08333333    0.06046150   -0.03741603   -0.13739919
   -7.00000000    0.06108869   -0.03801580   -0.13910636
   -6.91666667    0.06173123   -0.03862780   -0.14084969
   -6.83333333    0.06238965   -0.03925345   -0.14263004
   -6.75000000    0.06306447   -0.03989458   -0.14444830
   -6.66666667    0.06375623   -0.04055262   -0.14630534
   -6.58333333    0.06446548   -0.04122798   -0.14820200
   -6.50000000    0.06519282   -0.04192011   -0.15013913
   -6.41666667    0.06593883   -0.04262817   -0.15211754
   -6.33333333    0.06670411   -0.04335197   -0.15413797
   -6.25000000    0.06748928   -0.04409238   -0.15620118
   -6.16666667    0.06829499   -0.04485121   -0.15830782
   -6.08333333    0.06912186   -0.04563039   -0.16045844
   -6.00000000    0.06997055   -0.04643122   -0.16265356
   -5.91666667    0.07084171   -0.04725390   -0.16489352
   -5.83333333    0.07173600   -0.04809795   -0.16717851
   -5.75000000    0.07265406   -0.04896293   -0.16950860
   -5.66666667    0.07359655   -0.04984926   -0.17188358
   -5.58333333    0.07456406   -0.05075845   -0.17430299
   -5.50000000    0.07555721   -0.05169271   -0.17676612
   -5.41666667    0.07657655   -0.05265409   -0.17927181
   -5.33333333    0.07762259   -0.05364380   -0.18181849
   -5.25000000    0.07869578   -0.05466208   -0.18440411
   -5.16666667    0.07979649   -0.05570874   -0.18702596
   -5.08333333    0.08092497   -0.05678399   -0.18968060
   -5.00000000    0.08208137   -0.05788908   -0.19236379
   -4.91666667    0.08326565   -0.05902627   -0.19507022
   -4.83333333    0.08447761   -0.06019823   -0.19779343
   -4.75000000    0.08571679   -0.06140725   -0.20052560
   -4.66666667    0.08698246   -0.06265470   -0.20325727
   -4.58333333    0.08827353   -0.06394118   -0.20597706
   -4.50000000    0.08958852   -0.06526721   -0.20867148
   -4.41666667    0.09092546   -0.06663403   -0.21132442
   -4.33333333    0.09228175   -0.06804401   -0.21391683
   -4.25000000    0.09365417   -0.06950041   -0.21642632
   -4.16666667    0.09503861   -0.07100667   -0.21882655
   -4.08333333    0.09643000   -0.07256565   -0.22108679
   -4.00000000    0.09782215   -0.07417938   -0.22317135
   -3.91666667    0.09920749   -0.07584944   -0.22503890
   -3.83333333    0.10057688   -0.07757773   -0.22664202
   -3.75000000    0.10191931   -0.07936716   -0.22792660
   -3.66666667    0.10322164   -0.08122187   -0.22883150
   -3.58333333    0.10446824   -0.08314673   -0.22928831
   -3.50000000    0.10564055   -0.08514661   -0.22922150
   -3.41666667    0.10671672   -0.08722579   -0.22854904
   -3.33333333    0.10767107   -0.08938798   -0.22718363
   -3.25000000    0.10847360   -0.09163691   -0.22503482
   -3.16666667    0.10908940   -0.09397711   -0.22201229
   -3.08333333    0.10947806   -0.09641447   -0.21803028
   -3.00000000    0.10959307   -0.09895612   -0.21301363
   -2.91666667    0.10938116   -0.10160990   -0.20690514
   -2.83333333    0.10878177   -0.10438359   -0.19967417
   -2.75000000    0.10772654   -0.10728464   -0.19132609
   -2.66666667    0.10613891   -0.11032040   -0.18191124
   -2.58333333    0.10393395   -0.11349888   -0.17153265
   -2.50000000    0.10101848   -0.11682947   -0.16035085
   -2.41666667    0.09729153   -0.12032314   -0.14858390
   -2.33333333    0.09264532   -0.12399218   -0.13650201
   -2.25000000    0.08696692   -0.12784944   -0.12441620
   -2.16666667    0.08014055   -0.13190780   -0.11266126
   -2.08333333    0.07205094   -0.13617998   -0.10157539
   -2.00000000    0.06258770   -0.14067899   -0.09147881
   -1.91666667    0.05165068   -0.14541865   -0.08265411
   -1.83333333    0.03915676   -0.15041383   -0.07533139
   -1.75000000    0.02504744   -0.15568007   -0.06967937
   -1.66666667    0.00929769   -0.16123259   -0.06580335
   -1.58333333   -0.00807496   -0.16708511   -0.06374895
   -1.50000000   -0.02700132   -0.17324883   -0.06351050
   -1.41666667   -0.04735222   -0.17973163   -0.06504202
   -1.33333333   -0.06893238   -0.18653735   -0.06826926
   -1.25000000   -0.09147764   -0.19366451   -0.07310117
   -1.16666667   -0.11465646   -0.20110431   -0.07944002
   -1.08333333   -0.13807739   -0.20883771   -0.08718975
   -1.00000000   -0.16130284   -0.21683227   -0.09626227
   -0.91666667   -0.18386849   -0.22503903   -0.10658201
   -0.83333333   -0.20530808   -0.23338973   -0.11808895
   -0.75000000   -0.22518046   -0.24179401   -0.13074041
   -0.66666667   -0.24309656   -0.25013624   -0.14451208
   -0.58333333   -0.25874267   -0.25827184   -0.15939834
   -0.50000000   -0.27189732   -0.26602445   -0.17541225
   -0.41666667   -0.28243991   -0.27318601   -0.19258530
   -0.33333333   -0.29035029   -0.27952302   -0.21096698
   -0.25000000   -0.29570033   -0.28479069   -0.23062415
   -0.16666667   -0.29863923   -0.28875530   -0.25164013
   -0.08333333   -0.29937501   -0.29122146   -0.27411331
    0.00000000   -0.29815491   -0.29205880   -0.29815491
    0.08333333   -0.29524665   -0.29122146   -0.32388528
    0.16666667   -0.29092229   -0.28875530   -0.35142792
    0.25000000   -0.28544535   -0.28479069   -0.38089982
    0.33333333   -0.27906152   -0.27952302   -0.41239611
    0.41666667   -0.27199283   -0.27318601   -0.44596607
    0.50000000   -0.26443449   -0.26602445   -0.48157640
    0.58333333   -0.25655413   -0.25827184   -0.51905577
    0.66666667   -0.24849257   -0.25013624   -0.55801362
    0.75000000   -0.24036569   -0.24179401   -0.59772471
    0.83333333   -0.23226688   -0.23338973   -0.63697410
    0.91666667   -0.22426984   -0.22503903   -0.67386493
    1.00000000   -0.21643133   -0.21683227   -0.70561501
    1.08333333   -0.20879380   -0.20883771   -0.72841257
    1.16666667   -0.20138788   -0.20110431   -0.73746790
    1.25000000   -0.19423448   -0.19366451   -0.72746262
    1.33333333   -0.18734671   -0.18653735   -0.69357761
    1.41666667   -0.18073145   -0.17973163   -0.63305783
    1.50000000   -0.17439071   -0.17324883   -0.54681371
    1.58333333   -0.16832275   -0.16708511   -0.44015270
    1.66666667   -0.16252300   -0.16123259   -0.32191036
    1.75000000   -0.15698474   -0.15568007   -0.20217706
    1.83333333   -0.15169980   -0.15041383   -0.08976228
    1.91666667   -0.14665896   -0.14541865    0.00941803
    2.00000000   -0.14185233   -0.14067899    0.09263056
    2.08333333   -0.13726968   -0.13617998    0.15967629
    2.16666667   -0.13290062   -0.13190780    0.21192982
    2.25000000   -0.12873484   -0.12784944    0.25149334
    2.33333333   -0.12476214   -0.12399218    0.28062588
    2.41666667   -0.12097258   -0.12032314    0.30142790
    2.50000000   -0.11735660   -0.11682947    0.31570671
    2.58333333   -0.11390495   -0.11349888    0.32494764
    2.66666667   -0.11060879   -0.11032040    0.33033691
    2.75000000   -0.10745971   -0.10728464    0.33280495
    2.83333333   -0.10444972   -0.10438359    0.33307353
    2.91666667   -0.10157121   -0.10160990    0.33169867
    3.00000000   -0.09881704   -0.09895612    0.32910699
    3.08333333   -0.09618042   -0.09641447    0.32562509
    3.16666667   -0.09365497   -0.09397711    0.32150263
    3.25000000   -0.09123467   -0.09163691    0.31693035
    3.33333333   -0.08891386   -0.08938798    0.31205381
    3.41666667   -0.08668721   -0.08722579    0.30698396
    3.50000000   -0.08454971   -0.08514661    0.30180525
    3.58333333   -0.08249666   -0.08314673    0.29658171
    3.66666667   -0.08052363   -0.08122187    0.29136169
    3.75000000   -0.07862646   -0.07936716    0.28618147
    3.83333333   -0.07680125   -0.07757773    0.28106798
    3.91666667   -0.07504432   -0.07584944    0.27604095
    4.00000000   -0.07335221   -0.07417938    0.27111455
    4.08333333   -0.07172169   -0.07256565    0.26629862
    4.16666667   -0.07014970   -0.07100667    0.26159974
    4.25000000   -0.06863336   -0.06950041    0.25702181
    4.33333333   -0.06716997   -0.06804401    0.25256687
    4.41666667   -0.06575699   -0.06663403    0.24823544
    4.50000000   -0.06439202   -0.06526721    0.24402680
    4.58333333   -0.06307280   -0.06394118    0.23993948
    4.66666667   -0.06179721   -0.06265470    0.23597134
    4.75000000   -0.06056322   -0.06140725    0.23211970
    4.83333333   -0.05936896   -0.06019823    0.22838164
    4.91666667   -0.05821263   -0.05902627    0.22475399
    5.00000000   -0.05709254   -0.05788908    0.22123338
    5.08333333   -0.05600710   -0.05678399    0.21781643
    5.16666667   -0.05495479   -0.05570874    0.21449972
    5.25000000   -0.05393419   -0.05466208    0.21127979
    5.33333333   -0.05294395   -0.05364380    0.20815326
    5.41666667   -0.05198280   -0.05265409    0.20511681
    5.50000000   -0.05104951   -0.05169271    0.20216717
    5.58333333   -0.05014294   -0.05075845    0.19930117
    5.66666667   -0.04926200   -0.04984926    0.19651576
    5.75000000   -0.04840566   -0.04896293    0.19380792
    5.83333333   -0.04757294   -0.04809795    0.19117482
    5.91666667   -0.04676290   -0.04725390    0.18861369
    6.00000000   -0.04597467   -0.04643122    0.18612184
    6.08333333   -0.04520739   -0.04563039    0.18369673
    6.16666667   -0.04446028   -0.04485121    0.18133592
    6.25000000   -0.04373256   -0.04409238    0.17903703
    6.33333333   -0.04302352   -0.04335197    0.17679781
    6.41666667   -0.04233247   -0.04262817    0.17461611
    6.50000000   -0.04165873   -0.04192011    0.17248984
    6.58333333   -0.04100170   -0.04122798    0.17041701
    6.66666667   -0.04036077   -0.04055262    0.16839574
    6.75000000   -0.03973537   -0.03989458    0.16642419
    6.83333333   -0.03912495   -0.03925345    0.16450063
    6.91666667   -0.03852900   -0.03862780    0.16262339
    7.00000000   -0.03794701   -0.03801580    0.16079086
    7.08333333   -0.03737852   -0.03741603    0.15900152
    7.16666667   -0.03682306   -0.03682819    0.15725391
    7.25000000   -0.03628021   -0.03625299    0.15554662
    7.33333333   -0.03574954   -0.03569141    0.15387829
    7.41666667   -0.03523067   -0.03514390    0.15224767
    7.50000000   -0.03472320   -0.03460976    0.15065349
    7.58333333   -0.03422677   -0.03408743    0.14909457
    7.66666667   -0.03374103   -0.03357519    0.14756979
    7.75000000   -0.03326564   -0.03307208    0.14607805
    7.83333333   -0.03280029   -0.03257832    0.14461831
    7.91666667   -0.03234466   -0.03209496    0.14318957
    8.00000000   -0.03189845   -0.03162303    0.14179085
    8.08333333   -0.03146138   -0.03116269    0.14042125
    8.16666667   -0.03103318   -0.03071294    0.13907986
    8.25000000   -0.03061358   -0.03027210    0.13776585
    8.33333333   -0.03020232   -0.02983868    0.13647838
    8.41666667   -0.02979917   -0.02941220    0.13521666
    8.50000000   -0.02940390   -0.02899333    0.13397996
    8.58333333   -0.02901626   -0.02858336    0.13276752
    8.66666667   -0.02863605   -0.02818317    0.13157865
    8.75000000   -0.02826307   -0.02779258    0.13041268
    8.83333333   -0.02789709   -0.02741031    0.12926895
    8.91666667   -0.02753794   -0.02703461    0.12814683
    9.00000000   -0.02718543   -0.02666433    0.12704574
    9.08333333   -0.02683937   -0.02629946    0.12596508
    9.16666667   -0.02649959   -0.02594109    0.12490428
    9.25000000   -0.02616592   -0.02559057    0.12386282
    9.33333333   -0.02583821   -0.02524854    0.12284018
    9.41666667   -0.02551628   -0.02491443    0.12183583
    9.50000000   -0.02520000   -0.02458667    0.12084932
    9.58333333   -0.02488922   -0.02426362    0.11988016
    9.66666667   -0.02458379   -0.02394450    0.11892789
    9.75000000   -0.02428359   -0.02362980    0.11799209
    9.83333333   -0.02398847   -0.02332092    0.11707234
    9.91666667   -0.02369831   -0.02301913    0.11616821
   10.00000000   -0.02341299   -0.02272473    0.11527933
   10.08333333   -0.02313239   -0.02243674    0.11440531
   10.16666667   -0.02285639   -0.02215341    0.11354577
   10.25000000   -0.02258488   -0.02187328    0.11270037
   10.33333333   -0.02231775   -0.02159604    0.11186876
   10.41666667   -0.02205490   -0.02132265    0.11105059
   10.50000000   -0.02179623   -0.02105468    0.11024557
   10.58333333   -0.02154164   -0.02079323    0.10945336
   10.66666667   -0.02129103   -0.02053815    0.10867365
   10.75000000   -0.02104431   -0.02028807    0.10790617
   10.83333333   -0.02080139   -0.02004118    0.10715063
   10.91666667   -0.02056219   -0.01979632    0.10640674
   11.00000000   -0.02032662   -0.01955369    0.10567424
   11.08333333   -0.02009459   -0.01931465    0.10495288
   11.16666667   -0.01986604   -0.01908083    0.10424238
   11.25000000   -0.01964088   -0.01885302    0.10354253
   11.33333333   -0.01941904   -0.01863057    0.10285308
   11.41666667   -0.01920044   -0.01841180    0.10217379
   11.50000000   -0.01898501   -0.01819494    0.10150445
   11.58333333   -0.01877270   -0.01797925    0.10084483
   11.66666667   -0.01856342   -0.01776546    0.10019473
   11.75000000   -0.01835712   -0.01755525    0.09955394
   11.83333333   -0.01815373   -0.01735015    0.09892227
   11.91666667   -0.01795319   -0.01715053    0.09829951
   12.00000000   -0.01775544   -0.01695526    0.09768549
   12.08333333   -0.01756043   -0.01676240    0.09708002
   12.16666667   -0.01736810   -0.01657037    0.09648292
   12.25000000   -0.01717839   -0.01637895    0.09589402
   12.33333333   -0.01699125   -0.01618938    0.09531316
   12.41666667   -0.01680662   -0.01600355    0.09474015
   12.50000000   -0.01662447   -0.01582275    0.09417486
   12.58333333   -0.01644474   -0.01564684    0.09361713
   12.66666667   -0.01626737   -0.01547419    0.09306679
   12.75000000   -0.01609234   -0.01530277    0.09252372
   12.83333333   -0.01591958   -0.01513132    0.09198776
   12.91666667   -0.01574905   -0.01496019    0.09145877
   13.00000000   -0.01558072   -0.01479110    0.09093663
   13.08333333   -0.01541454   -0.01462600    0.09042119
   13.16666667   -0.01525047   -0.01446583    0.08991233
   13.25000000   -0.01508846   -0.01430982    0.08940992
   13.33333333   -0.01492849   -0.01415596    0.08891385
   13.41666667   -0.01477051   -0.01400221    0.08842399
   13.50000000   -0.01461449   -0.01384781    0.08794023
   13.58333333   -0.01446039   -0.01369371    0.08746245
   13.66666667   -0.01430817   -0.01354203    0.08699054
   13.75000000   -0.01415780   -0.01339465    0.08652439
   13.83333333   -0.01400925   -0.01325196    0.08606391
   13.91666667   -0.01386248   -0.01311258    0.08560898
   14.00000000   -0.01371746   -0.01297417    0.08515951
   14.08333333   -0.01357417   -0.01283488    0.08471541
   14.16666667   -0.01343256   -0.01269454    0.08427655
   14.25000000   -0.01329262   -0.01255476    0.08384288
   14.33333333   -0.01315431   -0.01241793    0.08341428
   14.41666667   -0.01301760   -0.01228566    0.08299067
   14.50000000   -0.01288247   -0.01215770    0.08257197
   14.58333333   -0.01274889   -0.01203204    0.08215809
   14.66666667   -0.01261683   -0.01190612    0.08174894
   14.75000000   -0.01248626   -0.01177848    0.08134445
   14.83333333   -0.01235717   -0.01164964    0.08094454
   14.91666667   -0.01222952   -0.01152187    0.08054911
   15.00000000   -0.01210329   -0.01139767    0.08015812
   15.08333333   -0.01197847   -0.01127820    0.07977148
   15.16666667   -0.01185502   -0.01116245    0.07938911
   15.25000000   -0.01173292   -0.01104780    0.07901094
   15.33333333   -0.01161215   -0.01093166    0.07863692
   15.41666667   -0.01149269   -0.01081310    0.07826696
   15.50000000   -0.01137452   -0.01069349    0.07790101
   15.58333333   -0.01125762   -0.01057567    0.07753900
   15.66666667   -0.01114196   -0.01046209    0.07718085
   15.75000000   -0.01102753   -0.01035326    0.07682653
   15.83333333   -0.01091431   -0.01024729    0.07647596
   15.91666667   -0.01080228   -0.01014102    0.07612907
   16.00000000   -0.01069142   -0.01003200    0.07578583
   16.08333333   -0.01058170   -0.00992007    0.07544616
   16.16666667   -0.01047313   -0.00980753    0.07511002
   16.25000000   -0.01036567   -0.00969771    0.07477734
   16.33333333   -0.01025930   -0.00959281    0.07444807
   16.41666667   -0.01015403   -0.00949244    0.07412217
   16.50000000   -0.01004981   -0.00939373    0.07379958
   16.58333333   -0.00994665   -0.00929307    0.07348024
   16.66666667   -0.00984452   -0.00918837    0.07316412
   16.75000000   -0.00974341   -0.00908050    0.07285116
   16.83333333   -0.00964331   -0.00897278    0.07254132
   16.91666667   -0.00954419   -0.00886893    0.07223455
   17.00000000   -0.00944605   -0.00877063    0.07193079
   17.08333333   -0.00934886   -0.00867631    0.07163002
   17.16666667   -0.00925263   -0.00858198    0.07133219
   17.25000000   -0.00915732   -0.00848368    0.07103724
   17.33333333   -0.00906293   -0.00838000    0.07074515
   17.41666667   -0.00896945   -0.00827313    0.07045586
   17.50000000   -0.00887686   -0.00816757    0.07016935
   17.58333333   -0.00878515   -0.00806730    0.06988556
   17.66666667   -0.00869431   -0.00797310    0.06960447
   17.75000000   -0.00860432   -0.00788183    0.06932602
   17.83333333   -0.00851518   -0.00778816    0.06905019
   17.91666667   -0.00842686   -0.00768788    0.06877694
   18.00000000   -0.00833937   -0.00758067    0.06850623
   18.08333333   -0.00825268   -0.00747055    0.06823802
   18.16666667   -0.00816679   -0.00736348    0.06797230
   18.25000000   -0.00808169   -0.00726359    0.06770900
   18.33333333   -0.00799736   -0.00717019    0.06744811
   18.41666667   -0.00791380   -0.00707782    0.06718960
   18.50000000   -0.00783099   -0.00697928    0.06693342
   18.58333333   -0.00774893   -0.00687018    0.06667954
   18.66666667   -0.00766760   -0.00675199    0.06642796
   18.75000000   -0.00758699   -0.00663163    0.06617861
   18.83333333   -0.00750710   -0.00651741    0.06593147
   18.91666667   -0.00742792   -0.00641357    0.06568653
   19.00000000   -0.00734943   -0.00631690    0.06544374
   19.08333333   -0.00727162   -0.00621772    0.06520308
   19.16666667   -0.00719450   -0.00610526    0.06496453
   19.25000000   -0.00711804   -0.00597458    0.06472804
   19.33333333   -0.00704225   -0.00583077    0.06449360
   19.41666667   -0.00696710   -0.00568744    0.06426119
   19.50000000   -0.00689260   -0.00555948    0.06403077
   19.58333333   -0.00681874   -0.00545345    0.06380231
   19.66666667   -0.00674550   -0.00536096    0.06357581
   19.75000000   -0.00667288   -0.00525923    0.06335122
   19.83333333   -0.00660088   -0.00511963    0.06312852
   19.91666667   -0.00652947   -0.00492073    0.06290770
   20.00000000   -0.00645867   -0.00465964    0.06268872
