  -20.00000000    0.02411046   -0.00500340   -0.03014851
  -19.91666667    0.02416099   -0.00529491   -0.03031275
  -19.83333333    0.02421188   -0.00552272   -0.03047833
  -19.75000000    0.02426313   -0.00568928   -0.03064527
  -19.66666667    0.02431476   -0.00581584   -0.03081358
  -19.58333333    0.02436675   -0.00593093   -0.03098328
  -19.50000000    0.02441913   -0.00605735   -0.03115439
  -19.41666667    0.02447188   -0.00620354   -0.03132693
  -19.33333333    0.02452502   -0.00636310   -0.03150091
  -19.25000000    0.02457855   -0.00652140   -0.03167635
  -19.16666667    0.02463247   -0.00666523   -0.03185328
  -19.08333333    0.02468678   -0.00678993   -0.03203170
  -19.00000000    0.02474150   -0.00690083   -0.03221164
  -18.91666667    0.02479662   -0.00700887   -0.03239313
  -18.83333333    0.02485216   -0.00712375   -0.03257616
  -18.75000000    0.02490810   -0.00724858   -0.03276078
  -18.66666667    0.02496447   -0.00737898   -0.03294699
  -18.58333333    0.02502125   -0.00750665   -0.03313483
  -18.50000000    0.02507847   -0.00762480   -0.03332430
  -18.41666667    0.02513612   -0.00773217   -0.03351544
  -18.33333333    0.02519420   -0.00783337   -0.03370826
  -18.25000000    0.02525272   -0.00793563   -0.03390279
  -18.16666667    0.02531170   -0.00804437   -0.03409905
  -18.08333333    0.02537112   -0.00816008   -0.03429705
  -18.00000000    0.02543100   -0.00827855   -0.03449684
  -17.91666667    0.02549134   -0.00839380   -0.03469843
  -17.83333333    0.02555214   -0.00850198   -0.03490183
  -17.75000000    0.02561342   -0.00860358   -0.03510709
  -17.66666667    0.02567517   -0.00870295   -0.03531423
  -17.58333333    0.02573741   -0.00880543   -0.03552326
  -17.50000000    0.02580013   -0.00891402   -0.03573422
  -17.41666667    0.02586335   -0.00902779   -0.03594714
  -17.33333333    0.02592706   -0.00914266   -0.03616203
  -17.25000000    0.02599128   -0.00925417   -0.03637894
  -17.16666667    0.02605601   -0.00936031   -0.03659788
  -17.08333333    0.02612125   -0.00946266   -0.03681888
  -17.00000000    0.02618701   -0.00956527   -0.03704198
  -16.91666667    0.02625330   -0.00967207   -0.03726721
  -16.83333333    0.02632012   -0.00978448   -0.03749459
  -16.75000000    0.02638748   -0.00990065   -0.03772416
  -16.66666667    0.02645539   -0.01001682   -0.03795594
  -16.58333333    0.02652384   -0.01012975   -0.03818997
  -16.50000000    0.02659286   -0.01023878   -0.03842629
  -16.41666667    0.02666244   -0.01034613   -0.03866493
  -16.33333333    0.02673259   -0.01045545   -0.03890591
  -16.25000000    0.02680331   -0.01056951   -0.03914928
  -16.16666667    0.02687462   -0.01068853   -0.03939508
  -16.08333333    0.02694652   -0.01081017   -0.03964332
  -16.00000000    0.02701902   -0.01093109   -0.03989407
  -15.91666667    0.02709211   -0.01104914   -0.04014734
  -15.83333333    0.02716583   -0.01116466   -0.04040319
  -15.75000000    0.02724015   -0.01128023   -0.04066165
  -15.66666667    0.02731511   -0.01139899   -0.04092275
  -15.58333333    0.02739070   -0.01152269   -0.04118655
  -15.50000000    0.02746692   -0.01165064   -0.04145308
  -15.41666667    0.02754380   -0.01178028   -0.04172238
  -15.33333333    0.02762133   -0.01190882   -0.04199450
  -15.25000000    0.02769952   -0.01203509   -0.04226949
  -15.16666667    0.02777838   -0.01216017   -0.04254738
  -15.08333333    0.02785792   -0.01228676   -0.04282823
  -15.00000000    0.02793815   -0.01241740   -0.04311207
  -14.91666667    0.02801907   -0.01255292   -0.04339897
  -14.83333333    0.02810069   -0.01269200   -0.04368897
  -14.75000000    0.02818303   -0.01283207   -0.04398211
  -14.66666667    0.02826608   -0.01297099   -0.04427846
  -14.58333333    0.02834986   -0.01310841   -0.04457806
  -14.50000000    0.02843438   -0.01324597   -0.04488096
  -14.41666667    0.02851964   -0.01338628   -0.04518723
  -14.33333333    0.02860566   -0.01353121   -0.04549692
  -14.25000000    0.02869244   -0.01368082   -0.04581007
  -14.16666667    0.02878000   -0.01383335   -0.04612676
  -14.08333333    0.02886833   -0.01398642   -0.04644705
  -14.00000000    0.02895745   -0.01413857   -0.04677099
  -13.91666667    0.02904738   -0.01429018   -0.04709865
  -13.83333333    0.02913811   -0.01444324   -0.04743008
  -13.75000000    0.02922967   -0.01460007   -0.04776537
  -13.66666667    0.02932205   -0.01476189   -0.04810456
  -13.58333333    0.02941527   -0.01492809   -0.04844774
  -13.50000000    0.02950933   -0.01509670   -0.04879496
  -13.41666667    0.02960426   -0.01526567   -0.04914631
  -13.33333333    0.02970005   -0.01543422   -0.04950186
  -13.25000000    0.02979673   -0.01560334   -0.04986168
  -13.16666667    0.02989429   -0.01577516   -0.05022585
  -13.08333333    0.02999275   -0.01595160   -0.05059444
  -13.00000000    0.03009212   -0.01613324   -0.05096754
  -12.91666667    0.03019241   -0.01631896   -0.05134523
  -12.83333333    0.03029363   -0.01650674   -0.05172759
  -12.75000000    0.03039580   -0.01669499   -0.05211472
  -12.66666667    0.03049891   -0.01688360   -0.05250669
  -12.58333333    0.03060299   -0.01707399   -0.05290360
  -12.50000000    0.03070805   -0.01726826   -0.05330554
  -12.41666667    0.03081409   -0.01746788   -0.05371261
  -12.33333333    0.03092113   -0.01767280   -0.05412491
  -12.25000000    0.03102917   -0.01788154   -0.05454253
  -12.16666667    0.03113824   -0.01809223   -0.05496558
  -12.08333333    0.03124833   -0.01830381   -0.05539416
  -12.00000000    0.03135947   -0.01851675   -0.05582838
  -11.91666667    0.03147166   -0.01873278   -0.05626835
  -11.83333333    0.03158491   -0.01895383   -0.05671419
  -11.75000000    0.03169924   -0.01918082   -0.05716600
  -11.66666667    0.03181466   -0.01941317   -0.05762391
  -11.58333333    0.03193117   -0.01964925   -0.05808804
  -11.50000000    0.03204880   -0.01988743   -0.05855852
  -11.41666667    0.03216754   -0.02012723   -0.05903547
  -11.33333333    0.03228742   -0.02036964   -0.05951903
  -11.25000000    0.03240845   -0.02061651   -0.06000933
  -11.16666667    0.03253062   -0.02086947   -0.06050651
  -11.08333333    0.03265396   -0.02112892   -0.06101071
  -11.00000000    0.03277848   -0.02139385   -0.06152208
  -10.91666667    0.03290418   -0.02166260   -0.06204076
  -10.83333333    0.03303109   -0.02193395   -0.06256693
  -10.75000000    0.03315919   -0.02220799   -0.06310072
  -10.66666667    0.03328852   -0.02248607   -0.06364230
  -10.58333333    0.03341907   -0.02277008   -0.06419185
  -10.50000000    0.03355085   -0.02306122   -0.06474952
  -10.41666667    0.03368388   -0.02335940   -0.06531550
  -10.33333333    0.03381817   -0.02366333   -0.06588998
  -10.25000000    0.03395371   -0.02397147   -0.06647312
  -10.16666667    0.03409052   -0.02428308   -0.06706512
  -10.08333333    0.03422861   -0.02459878   -0.06766619
  -10.00000000    0.03436798   -0.02492021   -0.06827651
   -9.91666667    0.03450864   -0.02524908   -0.06889630
   -9.83333333    0.03465059   -0.02558618   -0.06952578
   -9.75000000    0.03479383   -0.02593097   -0.07016514
   -9.66666667    0.03493837   -0.02628201   -0.07081462
   -9.58333333    0.03508422   -0.02663805   -0.07147445
   -9.50000000    0.03523136   -0.02699887   -0.07214487
   -9.41666667    0.03537981   -0.02736555   -0.07282610
   -9.33333333    0.03552956   -0.02773989   -0.07351842
   -9.25000000    0.03568060   -0.02812332   -0.07422206
   -9.16666667    0.03583293   -0.02851619   -0.07493729
   -9.08333333    0.03598655   -0.02891760   -0.07566439
   -9.00000000    0.03614144   -0.02932616   -0.07640361
   -8.91666667    0.03629760   -0.02974100   -0.07715525
   -8.83333333    0.03645501   -0.03016243   -0.07791960
   -8.75000000    0.03661366   -0.03059193   -0.07869695
   -8.66666667    0.03677352   -0.03103129   -0.07948760
   -8.58333333    0.03693458   -0.03148163   -0.08029188
   -8.50000000    0.03709681   -0.03194284   -0.08111008
   -8.41666667    0.03726018   -0.03241384   -0.08194254
   -8.33333333    0.03742466   -0.03289340   -0.08278960
   -8.25000000    0.03759021   -0.03338114   -0.08365159
   -8.16666667    0.03775679   -0.03387792   -0.08452885
   -8.08333333    0.03792436   -0.03438548   -0.08542176
   -8.00000000    0.03809285   -0.03490549   -0.08633065
   -7.91666667    0.03826222   -0.03543871   -0.08725589
   -7.83333333    0.03843238   -0.03598469   -0.08819786
   -7.75000000    0.03860328   -0.03654227   -0.08915694
   -7.66666667    0.03877482   -0.03711056   -0.09013350
   -7.58333333    0.03894691   -0.03768975   -0.09112792
   -7.50000000    0.03911946   -0.03828118   -0.09214060
   -7.41666667    0.03929234   -0.03888675   -0.09317192
   -7.33333333    0.03946544   -0.03950796   -0.09422227
   -7.25000000    0.03963861   -0.04014518   -0.09529203
   -7.16666667    0.03981169   -0.04079772   -0.09638158
   -7.08333333    0.03998452   -0.04146456   -0.09749131
   -7.00000000    0.04015691   -0.04214529   -0.09862158
   -6.91666667    0.04032865   -0.04284068   -0.09977274
   -6.83333333    0.04049950   -0.04355253   -0.10094515
   -6.75000000    0.04066921   -0.04428281   -0.10213912
   -6.66666667    0.04083749   -0.04503275   -0.10335496
   -6.58333333    0.04100404   -0.04580244   -0.10459293
   -6.50000000    0.04116849   -0.04659111   -0.10585328
   -6.41666667    0.04133046   -0.04739806   -0.10713621
   -6.33333333    0.04148953   -0.04822349   -0.10844185
   -6.25000000    0.04164521   -0.04906883   -0.10977031
   -6.16666667    0.04179699   -0.04993625   -0.11112161
   -6.08333333    0.04194427   -0.05082771   -0.11249566
   -6.00000000    0.04208641   -0.05174423   -0.11389235
   -5.91666667    0.04222268   -0.05268569   -0.11531139
   -5.83333333    0.04235228   -0.05365148   -0.11675238
   -5.75000000    0.04247431   -0.05464146   -0.11821479
   -5.66666667    0.04258778   -0.05565659   -0.11969792
   -5.58333333    0.04269157   -0.05669898   -0.12120084
   -5.50000000    0.04278444   -0.05777113   -0.12272243
   -5.41666667    0.04286501   -0.05887499   -0.12426129
   -5.33333333    0.04293173   -0.06001144   -0.12581572
   -5.25000000    0.04298286   -0.06118041   -0.12738370
   -5.16666667    0.04301648   -0.06238173   -0.12896280
   -5.08333333    0.04303041   -0.06361606   -0.13055015
   -5.00000000    0.04302221   -0.06488532   -0.13214243
   -4.91666667    0.04298916   -0.06619235   -0.13373570
   -4.83333333    0.04292820   -0.06754003   -0.13532542
   -4.75000000    0.04283589   -0.06893037   -0.13690635
   -4.66666667    0.04270837   -0.07036433   -0.13847247
   -4.58333333    0.04254130   -0.07184221   -0.14001688
   -4.50000000    0.04232979   -0.07336471   -0.14153177
   -4.41666667    0.04206837   -0.07493364   -0.14300829
   -4.33333333    0.04175087   -0.07655211   -0.14443646
   -4.25000000    0.04137036   -0.07822384   -0.14580521
   -4.16666667    0.04091904   -0.07995222   -0.14710220
   -4.08333333    0.04038819   -0.08173959   -0.14831388
   -4.00000000    0.03976798   -0.08358736   -0.14942554
   -3.91666667    0.03904742   -0.08549675   -0.15042130
   -3.83333333    0.03821420   -0.08746986   -0.15128431
   -3.75000000    0.03725457   -0.08951015   -0.15199696
   -3.66666667    0.03615322   -0.09162229   -0.15254126
   -3.58333333    0.03489307   -0.09381115   -0.15289924
   -3.50000000    0.03345526   -0.09608093   -0.15305360
   -3.41666667    0.03181891   -0.09843473   -0.15298849
   -3.33333333    0.02996104   -0.10087504   -0.15269036
   -3.25000000    0.02785656   -0.10340472   -0.15214912
   -3.16666667    0.02547810   -0.10602798   -0.15135922
   -3.08333333    0.02279610   -0.10875052   -0.15032098
   -3.00000000    0.01977889   -0.11157892   -0.14904176
   -2.91666667    0.01639273   -0.11451954   -0.14753702
   -2.83333333    0.01260220   -0.11757765   -0.14583125
   -2.75000000    0.00837049   -0.12075750   -0.14395839
   -2.66666667    0.00365995   -0.12406315   -0.14196181
   -2.58333333   -0.00156725   -0.12749957   -0.13989373
   -2.50000000   -0.00734821   -0.13107330   -0.13781400
   -2.41666667   -0.01371829   -0.13479212   -0.13578832
   -2.33333333   -0.02070985   -0.13866389   -0.13388600
   -2.25000000   -0.02835074   -0.14269531   -0.13217739
   -2.16666667   -0.03666274   -0.14689128   -0.13073122
   -2.08333333   -0.04565973   -0.15125538   -0.12961220
   -2.00000000   -0.05534569   -0.15579095   -0.12887885
   -1.91666667   -0.06571290   -0.16050198   -0.12858196
   -1.83333333   -0.07673981   -0.16539307   -0.12876367
   -1.75000000   -0.08838939   -0.17046812   -0.12945712
   -1.66666667   -0.10060740   -0.17572842   -0.13068681
   -1.58333333   -0.11332134   -0.18117111   -0.13246937
   -1.50000000   -0.12643982   -0.18678880   -0.13481475
   -1.41666667   -0.13985263   -0.19257030   -0.13772759
   -1.33333333   -0.15343171   -0.19850157   -0.14120873
   -1.25000000   -0.16703319   -0.20456581   -0.14525671
   -1.16666667   -0.18050031   -0.21074186   -0.14986915
   -1.08333333   -0.19366751   -0.21700132   -0.15504407
   -1.00000000   -0.20636546   -0.22330582   -0.16078100
   -0.91666667   -0.21842667   -0.22960587   -0.16708192
   -0.83333333   -0.22969165   -0.23584197   -0.17395217
   -0.75000000   -0.24001491   -0.24194716   -0.18140106
   -0.66666667   -0.24927063   -0.24784902   -0.18944254
   -0.58333333   -0.25735734   -0.25346913   -0.19809574
   -0.50000000   -0.26420133   -0.25871941   -0.20738541
   -0.41666667   -0.26975864   -0.26349709   -0.21734243
   -0.33333333   -0.27401536   -0.26768205   -0.22800424
   -0.25000000   -0.27698635   -0.27114027   -0.23941529
   -0.16666667   -0.27871262   -0.27373562   -0.25162753
   -0.08333333   -0.27925770   -0.27534838   -0.26470079
    0.00000000   -0.27870323   -0.27589584   -0.27870323
    0.08333333   -0.27714430   -0.27534838   -0.29371160
    0.16666667   -0.27468477   -0.27373562   -0.30981131
    0.25000000   -0.27143300   -0.27114027   -0.32709621
    0.33333333   -0.26749794   -0.26768205   -0.34566766
    0.41666667   -0.26298608   -0.26349709   -0.36563270
    0.50000000   -0.25799884   -0.25871941   -0.38710066
    0.58333333   -0.25263085   -0.25346913   -0.41017720
    0.66666667   -0.24696872   -0.24784902   -0.43495473
    0.75000000   -0.24109040   -0.24194716   -0.46149684
    0.83333333   -0.23506491   -0.23584197   -0.48981423
    0.91666667   -0.22895255   -0.22960587   -0.51982755
    1.00000000   -0.22280521   -0.22330582   -0.55131152
    1.08333333   -0.21666691   -0.21700132   -0.58381326
    1.16666667   -0.21057452   -0.21074186   -0.61653600
    1.25000000   -0.20455840   -0.20456581   -0.64818340
    1.33333333   -0.19864316   -0.19850157   -0.67676689
    1.41666667   -0.19284835   -0.19257030   -0.69940570
    1.50000000   -0.18718911   -0.18678880   -0.71219574
    1.58333333   -0.18167682   -0.18117111   -0.71029885
    1.66666667   -0.17631967   -0.17572842   -0.68847388
    1.75000000   -0.17112311   -0.17046812   -0.64224043
    1.83333333   -0.16609036   -0.16539307   -0.56959357
    1.91666667   -0.16122276   -0.16050198   -0.47264620
    2.00000000   -0.15652014   -0.15579095   -0.35814090
    2.08333333   -0.15198107   -0.15125538   -0.23610516
    2.16666667   -0.14760316   -0.14689128   -0.11710049
    2.25000000   -0.14338326   -0.14269531   -0.00953287
    2.33333333   -0.13931758   -0.13866389    0.08172279
    2.41666667   -0.13540191   -0.13479212    0.15519122
    2.50000000   -0.13163175   -0.13107330    0.21180213
    2.58333333   -0.12800234   -0.12749957    0.25376253
    2.66666667   -0.12450879   -0.12406315    0.28369411
    2.75000000   -0.12114619   -0.12075750    0.30412146
    2.83333333   -0.11790956   -0.11757765    0.31723648
    2.91666667   -0.11479398   -0.11451954    0.32483166
    3.00000000   -0.11179463   -0.11157892    0.32832034
    3.08333333   -0.10890675   -0.10875052    0.32879179
    3.16666667   -0.10612569   -0.10602798    0.32707331
    3.25000000   -0.10344698   -0.10340472    0.32378752
    3.33333333   -0.10086625   -0.10087504    0.31940017
    3.41666667   -0.09837930   -0.09843473    0.31425821
    3.50000000   -0.09598208   -0.09608093    0.30861935
    3.58333333   -0.09367072   -0.09381115    0.30267431
    3.66666667   -0.09144146   -0.09162229    0.29656377
    3.75000000   -0.08929075   -0.08951015    0.29039103
    3.83333333   -0.08721517   -0.08746986    0.28423132
    3.91666667   -0.08521144   -0.08549675    0.27813890
    4.00000000   -0.08327646   -0.08358736    0.27215242
    4.08333333   -0.08140723   -0.08173959    0.26629869
    4.16666667   -0.07960094   -0.07995222    0.26059580
    4.25000000   -0.07785486   -0.07822384    0.25505516
    4.33333333   -0.07616641   -0.07655211    0.24968337
    4.41666667   -0.07453317   -0.07493364    0.24448342
    4.50000000   -0.07295276   -0.07336471    0.23945551
    4.58333333   -0.07142297   -0.07184221    0.23459796
    4.66666667   -0.06994168   -0.07036433    0.22990771
    4.75000000   -0.06850687   -0.06893037    0.22538062
    4.83333333   -0.06711662   -0.06754003    0.22101194
    4.91666667   -0.06576910   -0.06619235    0.21679649
    5.00000000   -0.06446257   -0.06488532    0.21272877
    5.08333333   -0.06319536   -0.06361606    0.20880320
    5.16666667   -0.06196590   -0.06238173    0.20501418
    5.25000000   -0.06077268   -0.06118041    0.20135612
    5.33333333   -0.05961426   -0.06001144    0.19782356
    5.41666667   -0.05848930   -0.05887499    0.19441119
    5.50000000   -0.05739646   -0.05777113    0.19111382
    5.58333333   -0.05633452   -0.05669898    0.18792648
    5.66666667   -0.05530230   -0.05565659    0.18484441
    5.75000000   -0.05429866   -0.05464146    0.18186298
    5.83333333   -0.05332253   -0.05365148    0.17897783
    5.91666667   -0.05237288   -0.05268569    0.17618478
    6.00000000   -0.05144872   -0.05174423    0.17347981
    6.08333333   -0.05054912   -0.05082771    0.17085913
    6.16666667   -0.04967318   -0.04993625    0.16831914
    6.25000000   -0.04882006   -0.04906883    0.16585636
    6.33333333   -0.04798892   -0.04822349    0.16346754
    6.41666667   -0.04717900   -0.04739806    0.16114958
    6.50000000   -0.04638953   -0.04659111    0.15889950
    6.58333333   -0.04561982   -0.04580244    0.15671450
    6.66666667   -0.04486917   -0.04503275    0.15459193
    6.75000000   -0.04413692   -0.04428281    0.15252923
    6.83333333   -0.04342246   -0.04355253    0.15052400
    6.91666667   -0.04272518   -0.04284068    0.14857396
    7.00000000   -0.04204451   -0.04214529    0.14667691
    7.08333333   -0.04137989   -0.04146456    0.14483079
    7.16666667   -0.04073080   -0.04079772    0.14303364
    7.25000000   -0.04009673   -0.04014518    0.14128357
    7.33333333   -0.03947719   -0.03950796    0.13957880
    7.41666667   -0.03887172   -0.03888675    0.13791764
    7.50000000   -0.03827987   -0.03828118    0.13629846
    7.58333333   -0.03770121   -0.03768975    0.13471972
    7.66666667   -0.03713533   -0.03711056    0.13317996
    7.75000000   -0.03658182   -0.03654227    0.13167776
    7.83333333   -0.03604031   -0.03598469    0.13021179
    7.91666667   -0.03551044   -0.03543871    0.12878077
    8.00000000   -0.03499184   -0.03490549    0.12738349
    8.08333333   -0.03448419   -0.03438548    0.12601878
    8.16666667   -0.03398715   -0.03387792    0.12468552
    8.25000000   -0.03350041   -0.03338114    0.12338266
    8.33333333   -0.03302368   -0.03289340    0.12210917
    8.41666667   -0.03255664   -0.03241384    0.12086408
    8.50000000   -0.03209904   -0.03194284    0.11964646
    8.58333333   -0.03165060   -0.03148163    0.11845542
    8.66666667   -0.03121105   -0.03103129    0.11729010
    8.75000000   -0.03078015   -0.03059193    0.11614969
    8.83333333   -0.03035765   -0.03016243    0.11503339
    8.91666667   -0.02994333   -0.02974100    0.11394045
    9.00000000   -0.02953695   -0.02932616    0.11287017
    9.08333333   -0.02913831   -0.02891760    0.11182183
    9.16666667   -0.02874718   -0.02851619    0.11079477
    9.25000000   -0.02836337   -0.02812332    0.10978836
    9.33333333   -0.02798668   -0.02773989    0.10880199
    9.41666667   -0.02761693   -0.02736555    0.10783504
    9.50000000   -0.02725393   -0.02699887    0.10688698
    9.58333333   -0.02689750   -0.02663805    0.10595724
    9.66666667   -0.02654748   -0.02628201    0.10504530
    9.75000000   -0.02620370   -0.02593097    0.10415066
    9.83333333   -0.02586600   -0.02558618    0.10327284
    9.91666667   -0.02553422   -0.02524908    0.10241134
   10.00000000   -0.02520823   -0.02492021    0.10156574
   10.08333333   -0.02488786   -0.02459878    0.10073560
   10.16666667   -0.02457299   -0.02428308    0.09992048
   10.25000000   -0.02426348   -0.02397147    0.09912001
   10.33333333   -0.02395919   -0.02366333    0.09833377
   10.41666667   -0.02366001   -0.02335940    0.09756139
   10.50000000   -0.02336580   -0.02306122    0.09680251
   10.58333333   -0.02307645   -0.02277008    0.09605679
   10.66666667   -0.02279184   -0.02248607    0.09532386
   10.75000000   -0.02251186   -0.02220799    0.09460343
   10.83333333   -0.02223641   -0.02193395    0.09389516
   10.91666667   -0.02196537   -0.02166260    0.09319875
   11.00000000   -0.02169865   -0.02139385    0.09251390
   11.08333333   -0.02143614   -0.02112892    0.09184034
   11.16666667   -0.02117775   -0.02086947    0.09117777
   11.25000000   -0.02092339   -0.02061651    0.09052594
   11.33333333   -0.02067296   -0.02036964    0.08988459
   11.41666667   -0.02042638   -0.02012723    0.08925346
   11.50000000   -0.02018357   -0.01988743    0.08863231
   11.58333333   -0.01994443   -0.01964925    0.08802091
   11.66666667   -0.01970889   -0.01941317    0.08741902
   11.75000000   -0.01947687   -0.01918082    0.08682643
   11.83333333   -0.01924830   -0.01895383    0.08624293
   11.91666667   -0.01902309   -0.01873278    0.08566830
   12.00000000   -0.01880118   -0.01851675    0.08510234
   12.08333333   -0.01858250   -0.01830381    0.08454487
   12.16666667   -0.01836698   -0.01809223    0.08399568
   12.25000000   -0.01815456   -0.01788154    0.08345460
   12.33333333   -0.01794516   -0.01767280    0.08292145
   12.41666667   -0.01773873   -0.01746788    0.08239604
   12.50000000   -0.01753520   -0.01726826    0.08187823
   12.58333333   -0.01733453   -0.01707399    0.08136783
   12.66666667   -0.01713663   -0.01688360    0.08086470
   12.75000000   -0.01694148   -0.01669499    0.08036868
   12.83333333   -0.01674900   -0.01650674    0.07987961
   12.91666667   -0.01655914   -0.01631896    0.07939736
   13.00000000   -0.01637185   -0.01613324    0.07892178
   13.08333333   -0.01618709   -0.01595160    0.07845273
   13.16666667   -0.01600480   -0.01577516    0.07799008
   13.25000000   -0.01582493   -0.01560334    0.07753371
   13.33333333   -0.01564744   -0.01543422    0.07708347
   13.41666667   -0.01547228   -0.01526567    0.07663925
   13.50000000   -0.01529940   -0.01509670    0.07620093
   13.58333333   -0.01512877   -0.01492809    0.07576839
   13.66666667   -0.01496034   -0.01476189    0.07534152
   13.75000000   -0.01479407   -0.01460007    0.07492021
   13.83333333   -0.01462992   -0.01444324    0.07450434
   13.91666667   -0.01446784   -0.01429018    0.07409381
   14.00000000   -0.01430781   -0.01413857    0.07368853
   14.08333333   -0.01414978   -0.01398642    0.07328839
   14.16666667   -0.01399372   -0.01383335    0.07289329
   14.25000000   -0.01383959   -0.01368082    0.07250314
   14.33333333   -0.01368735   -0.01353121    0.07211785
   14.41666667   -0.01353698   -0.01338628    0.07173731
   14.50000000   -0.01338844   -0.01324597    0.07136146
   14.58333333   -0.01324169   -0.01310841    0.07099020
   14.66666667   -0.01309671   -0.01297099    0.07062344
   14.75000000   -0.01295346   -0.01283207    0.07026111
   14.83333333   -0.01281192   -0.01269200    0.06990313
   14.91666667   -0.01267204   -0.01255292    0.06954941
   15.00000000   -0.01253382   -0.01241740    0.06919989
   15.08333333   -0.01239721   -0.01228676    0.06885448
   15.16666667   -0.01226218   -0.01216017    0.06851311
   15.25000000   -0.01212873   -0.01203509    0.06817573
   15.33333333   -0.01199680   -0.01190882    0.06784224
   15.41666667   -0.01186639   -0.01178028    0.06751259
   15.50000000   -0.01173746   -0.01165064    0.06718672
   15.58333333   -0.01160999   -0.01152269    0.06686455
   15.66666667   -0.01148395   -0.01139899    0.06654602
   15.75000000   -0.01135933   -0.01128023    0.06623108
   15.83333333   -0.01123609   -0.01116466    0.06591966
   15.91666667   -0.01111422   -0.01104914    0.06561170
   16.00000000   -0.01099369   -0.01093109    0.06530714
   16.08333333   -0.01087449   -0.01081017    0.06500594
   16.16666667   -0.01075658   -0.01068853    0.06470803
   16.25000000   -0.01063996   -0.01056951    0.06441336
   16.33333333   -0.01052459   -0.01045545    0.06412187
   16.41666667   -0.01041047   -0.01034613    0.06383352
   16.50000000   -0.01029756   -0.01023878    0.06354826
   16.58333333   -0.01018586   -0.01012975    0.06326603
   16.66666667   -0.01007534   -0.01001682    0.06298679
   16.75000000   -0.00996598   -0.00990065    0.06271049
   16.83333333   -0.00985776   -0.00978448    0.06243708
   16.91666667   -0.00975068   -0.00967207    0.06216653
   17.00000000   -0.00964470   -0.00956527    0.06189877
   17.08333333   -0.00953982   -0.00946266    0.06163378
   17.16666667   -0.00943602   -0.00936031    0.06137150
   17.25000000   -0.00933328   -0.00925417    0.06111190
   17.33333333   -0.00923158   -0.00914266    0.06085494
   17.41666667   -0.00913091   -0.00902779    0.06060057
   17.50000000   -0.00903126   -0.00891402    0.06034876
   17.58333333   -0.00893260   -0.00880543    0.06009946
   17.66666667   -0.00883493   -0.00870295    0.05985265
   17.75000000   -0.00873823   -0.00860358    0.05960828
   17.83333333   -0.00864248   -0.00850198    0.05936631
   17.91666667   -0.00854768   -0.00839380    0.05912672
   18.00000000   -0.00845381   -0.00827855    0.05888947
   18.08333333   -0.00836085   -0.00816008    0.05865451
   18.16666667   -0.00826879   -0.00804437    0.05842183
   18.25000000   -0.00817762   -0.00793563    0.05819138
   18.33333333   -0.00808733   -0.00783337    0.05796314
   18.41666667   -0.00799790   -0.00773217    0.05773707
   18.50000000   -0.00790932   -0.00762480    0.05751314
   18.58333333   -0.00782158   -0.00750665    0.05729132
   18.66666667   -0.00773467   -0.00737898    0.05707158
   18.75000000   -0.00764858   -0.00724858    0.05685390
   18.83333333   -0.00756329   -0.00712375    0.05663824
   18.91666667   -0.00747880   -0.00700887    0.05642457
   19.00000000   -0.00739508   -0.00690083    0.05621287
   19.08333333   -0.00731214   -0.00678993    0.05600312
   19.16666667   -0.00722997   -0.00666523    0.05579528
   19.25000000   -0.00714854   -0.00652140    0.05558932
   19.33333333   -0.00706786   -0.00636310    0.05538523
   19.41666667   -0.00698791   -0.00620354    0.05518297
   19.50000000   -0.00690868   -0.00605735    0.05498253
   19.58333333   -0.00683016   -0.00593093    0.05478387
   19.66666667   -0.00675234   -0.00581584    0.05458698
   19.75000000   -0.00667522   -0.00568928    0.05439183
   19.83333333   -0.00659878   -0.00552272    0.05419840
   19.91666667   -0.00652302   -0.00529491    0.05400666
   20.00000000   -0.00644793   -0.00500340    0.05381660
