  -20.00000000    0.03925323   -0.00432343   -0.02829985
  -19.91666667    0.03935388   -0.00465853   -0.02849744
  -19.83333333    0.03945542   -0.00489112   -0.02869679
  -19.75000000    0.03955786   -0.00502613   -0.02889792
  -19.66666667    0.03966122   -0.00509894   -0.02910087
  -19.58333333    0.03976551   -0.00515675   -0.02930564
  -19.50000000    0.03987074   -0.00523715   -0.02951227
  -19.41666667    0.03997693   -0.00535416   -0.02972079
  -19.33333333    0.04008408   -0.00549723   -0.02993121
  -19.25000000    0.04019221   -0.00564220   -0.03014357
  -19.16666667    0.04030134   -0.00576691   -0.03035789
  -19.08333333    0.04041147   -0.00586316   -0.03057420
  -19.00000000    0.04052262   -0.00593913   -0.03079253
  -18.91666667    0.04063481   -0.00601244   -0.03101291
  -18.83333333    0.04074804   -0.00609884   -0.03123536
  -18.75000000    0.04086235   -0.00620347   -0.03145992
  -18.66666667    0.04097773   -0.00631919   -0.03168662
  -18.58333333    0.04109420   -0.00643228   -0.03191548
  -18.50000000    0.04121178   -0.00653137   -0.03214654
  -18.41666667    0.04133049   -0.00661397   -0.03237983
  -18.33333333    0.04145034   -0.00668730   -0.03261538
  -18.25000000    0.04157135   -0.00676304   -0.03285323
  -18.16666667    0.04169353   -0.00685009   -0.03309341
  -18.08333333    0.04181690   -0.00694939   -0.03333595
  -18.00000000    0.04194148   -0.00705411   -0.03358090
  -17.91666667    0.04206728   -0.00715437   -0.03382828
  -17.83333333    0.04219433   -0.00724358   -0.03407813
  -17.75000000    0.04232265   -0.00732225   -0.03433050
  -17.66666667    0.04245224   -0.00739726   -0.03458542
  -17.58333333    0.04258313   -0.00747728   -0.03484292
  -17.50000000    0.04271534   -0.00756738   -0.03510306
  -17.41666667    0.04284890   -0.00766617   -0.03536586
  -17.33333333    0.04298381   -0.00776706   -0.03563137
  -17.25000000    0.04312010   -0.00786263   -0.03589964
  -17.16666667    0.04325779   -0.00794931   -0.03617070
  -17.08333333    0.04339690   -0.00802940   -0.03644460
  -17.00000000    0.04353746   -0.00810938   -0.03672140
  -16.91666667    0.04367948   -0.00819573   -0.03700112
  -16.83333333    0.04382299   -0.00829094   -0.03728382
  -16.75000000    0.04396802   -0.00839217   -0.03756956
  -16.66666667    0.04411458   -0.00849328   -0.03785837
  -16.58333333    0.04426270   -0.00858883   -0.03815030
  -16.50000000    0.04441240   -0.00867742   -0.03844542
  -16.41666667    0.04456372   -0.00876245   -0.03874378
  -16.33333333    0.04471667   -0.00884983   -0.03904541
  -16.25000000    0.04487128   -0.00894420   -0.03935039
  -16.16666667    0.04502758   -0.00904613   -0.03965877
  -16.08333333    0.04518559   -0.00915193   -0.03997060
  -16.00000000    0.04534535   -0.00925612   -0.04028594
  -15.91666667    0.04550688   -0.00935497   -0.04060486
  -15.83333333    0.04567021   -0.00944873   -0.04092742
  -15.75000000    0.04583537   -0.00954143   -0.04125368
  -15.66666667    0.04600240   -0.00963821   -0.04158370
  -15.58333333    0.04617131   -0.00974209   -0.04191755
  -15.50000000    0.04634215   -0.00985219   -0.04225530
  -15.41666667    0.04651495   -0.00996440   -0.04259702
  -15.33333333    0.04668973   -0.01007409   -0.04294278
  -15.25000000    0.04686654   -0.01017903   -0.04329264
  -15.16666667    0.04704540   -0.01028076   -0.04364669
  -15.08333333    0.04722636   -0.01038352   -0.04400501
  -15.00000000    0.04740945   -0.01049154   -0.04436766
  -14.91666667    0.04759471   -0.01060641   -0.04473474
  -14.83333333    0.04778217   -0.01072616   -0.04510632
  -14.75000000    0.04797187   -0.01084663   -0.04548248
  -14.66666667    0.04816385   -0.01096415   -0.04586331
  -14.58333333    0.04835816   -0.01107786   -0.04624892
  -14.50000000    0.04855482   -0.01119019   -0.04663936
  -14.41666667    0.04875390   -0.01130530   -0.04703476
  -14.33333333    0.04895543   -0.01142642   -0.04743520
  -14.25000000    0.04915945   -0.01155386   -0.04784077
  -14.16666667    0.04936601   -0.01168493   -0.04825159
  -14.08333333    0.04957515   -0.01181570   -0.04866775
  -14.00000000    0.04978693   -0.01194354   -0.04908935
  -13.91666667    0.05000139   -0.01206876   -0.04951651
  -13.83333333    0.05021858   -0.01219438   -0.04994935
  -13.75000000    0.05043856   -0.01232421   -0.05038797
  -13.66666667    0.05066137   -0.01246042   -0.05083248
  -13.58333333    0.05088707   -0.01260228   -0.05128303
  -13.50000000    0.05111571   -0.01274665   -0.05173972
  -13.41666667    0.05134736   -0.01289008   -0.05220269
  -13.33333333    0.05158206   -0.01303101   -0.05267206
  -13.25000000    0.05181987   -0.01317071   -0.05314798
  -13.16666667    0.05206087   -0.01331251   -0.05363058
  -13.08333333    0.05230510   -0.01345963   -0.05412000
  -13.00000000    0.05255263   -0.01361323   -0.05461640
  -12.91666667    0.05280354   -0.01377170   -0.05511992
  -12.83333333    0.05305787   -0.01393180   -0.05563072
  -12.75000000    0.05331571   -0.01409072   -0.05614897
  -12.66666667    0.05357712   -0.01424792   -0.05667481
  -12.58333333    0.05384218   -0.01440544   -0.05720845
  -12.50000000    0.05411095   -0.01456660   -0.05775002
  -12.41666667    0.05438352   -0.01473394   -0.05829973
  -12.33333333    0.05465996   -0.01490763   -0.05885777
  -12.25000000    0.05494035   -0.01508545   -0.05942432
  -12.16666667    0.05522477   -0.01526428   -0.05999957
  -12.08333333    0.05551331   -0.01544210   -0.06058375
  -12.00000000    0.05580606   -0.01561931   -0.06117705
  -11.91666667    0.05610309   -0.01579846   -0.06177969
  -11.83333333    0.05640451   -0.01598267   -0.06239191
  -11.75000000    0.05671040   -0.01617365   -0.06301392
  -11.66666667    0.05702086   -0.01637073   -0.06364597
  -11.58333333    0.05733600   -0.01657132   -0.06428831
  -11.50000000    0.05765590   -0.01677263   -0.06494120
  -11.41666667    0.05798068   -0.01697352   -0.06560489
  -11.33333333    0.05831043   -0.01717517   -0.06627966
  -11.25000000    0.05864528   -0.01738043   -0.06696580
  -11.16666667    0.05898532   -0.01759200   -0.06766358
  -11.08333333    0.05933069   -0.01781077   -0.06837334
  -11.00000000    0.05968148   -0.01803534   -0.06909535
  -10.91666667    0.06003783   -0.01826300   -0.06982996
  -10.83333333    0.06039987   -0.01849151   -0.07057750
  -10.75000000    0.06076771   -0.01872056   -0.07133831
  -10.66666667    0.06114149   -0.01895201   -0.07211275
  -10.58333333    0.06152136   -0.01918874   -0.07290121
  -10.50000000    0.06190743   -0.01943289   -0.07370405
  -10.41666667    0.06229987   -0.01968454   -0.07452169
  -10.33333333    0.06269881   -0.01994178   -0.07535454
  -10.25000000    0.06310441   -0.02020200   -0.07620301
  -10.16666667    0.06351682   -0.02046362   -0.07706758
  -10.08333333    0.06393621   -0.02072715   -0.07794870
  -10.00000000    0.06436273   -0.02099491   -0.07884684
   -9.91666667    0.06479655   -0.02126964   -0.07976251
   -9.83333333    0.06523786   -0.02155280   -0.08069624
   -9.75000000    0.06568682   -0.02184375   -0.08164854
   -9.66666667    0.06614361   -0.02214027   -0.08262000
   -9.58333333    0.06660844   -0.02244005   -0.08361120
   -9.50000000    0.06708149   -0.02274227   -0.08462274
   -9.41666667    0.06756295   -0.02304817   -0.08565524
   -9.33333333    0.06805303   -0.02336035   -0.08670939
   -9.25000000    0.06855195   -0.02368118   -0.08778584
   -9.16666667    0.06905990   -0.02401144   -0.08888532
   -9.08333333    0.06957713   -0.02434988   -0.09000859
   -9.00000000    0.07010385   -0.02469419   -0.09115638
   -8.91666667    0.07064028   -0.02504257   -0.09232953
   -8.83333333    0.07118668   -0.02539497   -0.09352888
   -8.75000000    0.07174328   -0.02575323   -0.09475529
   -8.66666667    0.07231034   -0.02612001   -0.09600968
   -8.58333333    0.07288810   -0.02649722   -0.09729303
   -8.50000000    0.07347684   -0.02688495   -0.09860630
   -8.41666667    0.07407681   -0.02728152   -0.09995054
   -8.33333333    0.07468830   -0.02768475   -0.10132686
   -8.25000000    0.07531157   -0.02809348   -0.10273636
   -8.16666667    0.07594692   -0.02850843   -0.10418023
   -8.08333333    0.07659465   -0.02893187   -0.10565974
   -8.00000000    0.07725503   -0.02936636   -0.10717614
   -7.91666667    0.07792838   -0.02981324   -0.10873080
   -7.83333333    0.07861501   -0.03027199   -0.11032512
   -7.75000000    0.07931522   -0.03074073   -0.11196058
   -7.66666667    0.08002933   -0.03121761   -0.11363871
   -7.58333333    0.08075766   -0.03170220   -0.11536111
   -7.50000000    0.08150054   -0.03219592   -0.11712948
   -7.41666667    0.08225828   -0.03270134   -0.11894554
   -7.33333333    0.08303122   -0.03322075   -0.12081111
   -7.25000000    0.08381968   -0.03375490   -0.12272810
   -7.16666667    0.08462398   -0.03430280   -0.12469850
   -7.08333333    0.08544445   -0.03486257   -0.12672433
   -7.00000000    0.08628142   -0.03543292   -0.12880776
   -6.91666667    0.08713520   -0.03601420   -0.13095100
   -6.83333333    0.08800608   -0.03660846   -0.13315631
   -6.75000000    0.08889438   -0.03721838   -0.13542611
   -6.66666667    0.08980038   -0.03784588   -0.13776282
   -6.58333333    0.09072434   -0.03849119   -0.14016894
   -6.50000000    0.09166653   -0.03915303   -0.14264706
   -6.41666667    0.09262717   -0.03982979   -0.14519977
   -6.33333333    0.09360645   -0.04052089   -0.14782972
   -6.25000000    0.09460456   -0.04122753   -0.15053957
   -6.16666667    0.09562162   -0.04195226   -0.15333196
   -6.08333333    0.09665771   -0.04269775   -0.15620947
   -6.00000000    0.09771289   -0.04346553   -0.15917461
   -5.91666667    0.09878711   -0.04425542   -0.16222974
   -5.83333333    0.09988027   -0.04506615   -0.16537698
   -5.75000000    0.10099222   -0.04589664   -0.16861823
   -5.66666667    0.10212268   -0.04674720   -0.17195492
   -5.58333333    0.10327126   -0.04761989   -0.17538798
   -5.50000000    0.10443749   -0.04851768   -0.17891771
   -5.41666667    0.10562073   -0.04944319   -0.18254347
   -5.33333333    0.10682016   -0.05039763   -0.18626352
   -5.25000000    0.10803484   -0.05138066   -0.19007480
   -5.16666667    0.10926358   -0.05239137   -0.19397242
   -5.08333333    0.11050495   -0.05342956   -0.19794930
   -5.00000000    0.11175730   -0.05449664   -0.20199577
   -4.91666667    0.11301864   -0.05559554   -0.20609873
   -4.83333333    0.11428666   -0.05672971   -0.21024107
   -4.75000000    0.11555865   -0.05790177   -0.21440080
   -4.66666667    0.11683148   -0.05911287   -0.21854990
   -4.58333333    0.11810153   -0.06036297   -0.22265324
   -4.50000000    0.11936462   -0.06165202   -0.22666730
   -4.41666667    0.12061596   -0.06298114   -0.23053861
   -4.33333333    0.12185003   -0.06435317   -0.23420223
   -4.25000000    0.12306055   -0.06577215   -0.23758035
   -4.16666667    0.12424035   -0.06724217   -0.24058072
   -4.08333333    0.12538123   -0.06876624   -0.24309580
   -4.00000000    0.12647393   -0.07034605   -0.24500245
   -3.91666667    0.12750788   -0.07198265   -0.24616263
   -3.83333333    0.12847113   -0.07367769   -0.24642595
   -3.75000000    0.12935017   -0.07543438   -0.24563428
   -3.66666667    0.13012972   -0.07725763   -0.24362917
   -3.58333333    0.13079255   -0.07915321   -0.24026248
   -3.50000000    0.13131925   -0.08112657   -0.23541014
   -3.41666667    0.13168797   -0.08318211   -0.22898835
   -3.33333333    0.13187418   -0.08532335   -0.22097092
   -3.25000000    0.13185035   -0.08755397   -0.21140511
   -3.16666667    0.13158567   -0.08987891   -0.20042274
   -3.08333333    0.13104565   -0.09230507   -0.18824374
   -3.00000000    0.13019181   -0.09484092   -0.17516944
   -2.91666667    0.12898128   -0.09749555   -0.16156492
   -2.83333333    0.12736638   -0.10027769   -0.14783255
   -2.75000000    0.12529426   -0.10319549   -0.13438053
   -2.66666667    0.12270643   -0.10625717   -0.12159121
   -2.58333333    0.11953845   -0.10947214   -0.10979481
   -2.50000000    0.11571960   -0.11285195   -0.09925185
   -2.41666667    0.11117258   -0.11641039   -0.09014519
   -2.33333333    0.10581351   -0.12016278   -0.08258172
   -2.25000000    0.09955205   -0.12412502   -0.07660089
   -2.16666667    0.09229182   -0.12831312   -0.07218726
   -2.08333333    0.08393132   -0.13274356   -0.06928491
   -2.00000000    0.07436559   -0.13743418   -0.06781115
   -1.91666667    0.06348838   -0.14240510   -0.06766850
   -1.83333333    0.05119585   -0.14767879   -0.06875439
   -1.75000000    0.03739119   -0.15327920   -0.07096841
   -1.66666667    0.02199125   -0.15923052   -0.07421737
   -1.58333333    0.00493482   -0.16555614   -0.07841856
   -1.50000000   -0.01380709   -0.17227835   -0.08350173
   -1.41666667   -0.03421897   -0.17941840   -0.08940997
   -1.33333333   -0.05622729   -0.18699601   -0.09610004
   -1.25000000   -0.07968683   -0.19502731   -0.10354233
   -1.16666667   -0.10436799   -0.20352100   -0.11172052
   -1.08333333   -0.12994822   -0.21247355   -0.12063139
   -1.00000000   -0.15600999   -0.22186472   -0.13028459
   -0.91666667   -0.18204789   -0.23165432   -0.14070249
   -0.83333333   -0.20748772   -0.24177966   -0.15192042
   -0.75000000   -0.23171716   -0.25215169   -0.16398691
   -0.66666667   -0.25412684   -0.26264758   -0.17696438
   -0.58333333   -0.27415667   -0.27309880   -0.19092997
   -0.50000000   -0.29134104   -0.28327765   -0.20597668
   -0.41666667   -0.30534567   -0.29288812   -0.22221479
   -0.33333333   -0.31598995   -0.30156940   -0.23977351
   -0.25000000   -0.32325181   -0.30891813   -0.25880269
   -0.16666667   -0.32725544   -0.31453040   -0.27947459
   -0.08333333   -0.32824564   -0.31805726   -0.30198514
    0.00000000   -0.32655434   -0.31926102   -0.32655434
    0.08333333   -0.32256507   -0.31805726   -0.35342449
    0.16666667   -0.31668026   -0.31453040   -0.38285467
    0.25000000   -0.30929457   -0.30891813   -0.41510825
    0.33333333   -0.30077545   -0.30156940   -0.45042824
    0.41666667   -0.29145099   -0.29288812   -0.48899210
    0.50000000   -0.28160390   -0.28327765   -0.53083226
    0.58333333   -0.27147032   -0.27309880   -0.57570127
    0.66666667   -0.26124183   -0.26264758   -0.62285233
    0.75000000   -0.25106961   -0.25215169   -0.67069950
    0.83333333   -0.24106947   -0.24177966   -0.71633514
    0.91666667   -0.23132722   -0.23165432   -0.75494351
    1.00000000   -0.22190393   -0.22186472   -0.77932139
    1.08333333   -0.21284056   -0.21247355   -0.78003473
    1.16666667   -0.20416220   -0.20352100   -0.74706049
    1.25000000   -0.19588150   -0.19502731   -0.67349309
    1.33333333   -0.18800171   -0.18699601   -0.56025394
    1.41666667   -0.18051904   -0.17941840   -0.41843467
    1.50000000   -0.17342449   -0.17227835   -0.26622283
    1.58333333   -0.16670552   -0.16555614   -0.12184933
    1.66666667   -0.16034714   -0.15923052    0.00233496
    1.75000000   -0.15433282   -0.15327920    0.10141610
    1.83333333   -0.14864526   -0.14767879    0.17606411
    1.91666667   -0.14326682   -0.14240510    0.22980410
    2.00000000   -0.13817998   -0.13743418    0.26695916
    2.08333333   -0.13336757   -0.13274356    0.29155392
    2.16666667   -0.12881295   -0.12831312    0.30690717
    2.25000000   -0.12450023   -0.12412502    0.31558581
    2.33333333   -0.12041423   -0.12016278    0.31950594
    2.41666667   -0.11654056   -0.11641039    0.32006948
    2.50000000   -0.11286574   -0.11285195    0.31829107
    2.58333333   -0.10937703   -0.10947214    0.31490102
    2.66666667   -0.10606252   -0.10625717    0.31042351
    2.75000000   -0.10291109   -0.10319549    0.30523438
    2.83333333   -0.09991237   -0.10027769    0.29960275
    2.91666667   -0.09705666   -0.09749555    0.29372106
    3.00000000   -0.09433498   -0.09484092    0.28772648
    3.08333333   -0.09173894   -0.09230507    0.28171627
    3.16666667   -0.08926073   -0.08987891    0.27575874
    3.25000000   -0.08689313   -0.08755397    0.26990130
    3.33333333   -0.08462941   -0.08532335    0.26417605
    3.41666667   -0.08246329   -0.08318211    0.25860398
    3.50000000   -0.08038897   -0.08112657    0.25319810
    3.58333333   -0.07840105   -0.07915321    0.24796549
    3.66666667   -0.07649448   -0.07725763    0.24290901
    3.75000000   -0.07466459   -0.07543438    0.23802856
    3.83333333   -0.07290702   -0.07367769    0.23332182
    3.91666667   -0.07121770   -0.07198265    0.22878500
    4.00000000   -0.06959288   -0.07034605    0.22441332
    4.08333333   -0.06802901   -0.06876624    0.22020130
    4.16666667   -0.06652281   -0.06724217    0.21614313
    4.25000000   -0.06507121   -0.06577215    0.21223270
    4.33333333   -0.06367133   -0.06435317    0.20846393
    4.41666667   -0.06232052   -0.06298114    0.20483075
    4.50000000   -0.06101623   -0.06165202    0.20132716
    4.58333333   -0.05975615   -0.06036297    0.19794736
    4.66666667   -0.05853807   -0.05911287    0.19468574
    4.75000000   -0.05735993   -0.05790177    0.19153688
    4.83333333   -0.05621979   -0.05672971    0.18849561
    4.91666667   -0.05511586   -0.05559554    0.18555700
    5.00000000   -0.05404640   -0.05449664    0.18271630
    5.08333333   -0.05300984   -0.05342956    0.17996904
    5.16666667   -0.05200467   -0.05239137    0.17731098
    5.25000000   -0.05102945   -0.05138066    0.17473806
    5.33333333   -0.05008287   -0.05039763    0.17224643
    5.41666667   -0.04916366   -0.04944319    0.16983250
    5.50000000   -0.04827064   -0.04851768    0.16749279
    5.58333333   -0.04740268   -0.04761989    0.16522406
    5.66666667   -0.04655873   -0.04674720    0.16302322
    5.75000000   -0.04573779   -0.04589664    0.16088733
    5.83333333   -0.04493890   -0.04506615    0.15881363
    5.91666667   -0.04416119   -0.04425542    0.15679952
    6.00000000   -0.04340379   -0.04346553    0.15484247
    6.08333333   -0.04266590   -0.04269775    0.15294015
    6.16666667   -0.04194678   -0.04195226    0.15109033
    6.25000000   -0.04124568   -0.04122753    0.14929086
    6.33333333   -0.04056192   -0.04052089    0.14753975
    6.41666667   -0.03989487   -0.03982979    0.14583510
    6.50000000   -0.03924388   -0.03915303    0.14417508
    6.58333333   -0.03860838   -0.03849119    0.14255796
    6.66666667   -0.03798781   -0.03784588    0.14098213
    6.75000000   -0.03738163   -0.03721838    0.13944600
    6.83333333   -0.03678933   -0.03660846    0.13794810
    6.91666667   -0.03621043   -0.03601420    0.13648703
    7.00000000   -0.03564447   -0.03543292    0.13506144
    7.08333333   -0.03509101   -0.03486257    0.13367005
    7.16666667   -0.03454962   -0.03430280    0.13231164
    7.25000000   -0.03401990   -0.03375490    0.13098504
    7.33333333   -0.03350148   -0.03322075    0.12968915
    7.41666667   -0.03299397   -0.03270134    0.12842291
    7.50000000   -0.03249704   -0.03219592    0.12718530
    7.58333333   -0.03201034   -0.03170220    0.12597536
    7.66666667   -0.03153356   -0.03121761    0.12479218
    7.75000000   -0.03106638   -0.03074073    0.12363484
    7.83333333   -0.03060850   -0.03027199    0.12250253
    7.91666667   -0.03015966   -0.02981324    0.12139443
    8.00000000   -0.02971956   -0.02936636    0.12030975
    8.08333333   -0.02928796   -0.02893187    0.11924778
    8.16666667   -0.02886460   -0.02850843    0.11820777
    8.25000000   -0.02844925   -0.02809348    0.11718907
    8.33333333   -0.02804166   -0.02768475    0.11619101
    8.41666667   -0.02764162   -0.02728152    0.11521297
    8.50000000   -0.02724892   -0.02688495    0.11425435
    8.58333333   -0.02686335   -0.02649722    0.11331456
    8.66666667   -0.02648471   -0.02612001    0.11239305
    8.75000000   -0.02611281   -0.02575323    0.11148929
    8.83333333   -0.02574747   -0.02539497    0.11060277
    8.91666667   -0.02538851   -0.02504257    0.10973298
    9.00000000   -0.02503576   -0.02469419    0.10887946
    9.08333333   -0.02468906   -0.02434988    0.10804175
    9.16666667   -0.02434825   -0.02401144    0.10721941
    9.25000000   -0.02401317   -0.02368118    0.10641201
    9.33333333   -0.02368368   -0.02336035    0.10561916
    9.41666667   -0.02335964   -0.02304817    0.10484043
    9.50000000   -0.02304091   -0.02274227    0.10407548
    9.58333333   -0.02272736   -0.02244005    0.10332393
    9.66666667   -0.02241885   -0.02214027    0.10258541
    9.75000000   -0.02211526   -0.02184375    0.10185961
    9.83333333   -0.02181649   -0.02155280    0.10114618
    9.91666667   -0.02152239   -0.02126964    0.10044480
   10.00000000   -0.02123288   -0.02099491    0.09975518
   10.08333333   -0.02094783   -0.02072715    0.09907701
   10.16666667   -0.02066715   -0.02046362    0.09841001
   10.25000000   -0.02039073   -0.02020200    0.09775390
   10.33333333   -0.02011847   -0.01994178    0.09710842
   10.41666667   -0.01985027   -0.01968454    0.09647330
   10.50000000   -0.01958605   -0.01943289    0.09584830
   10.58333333   -0.01932572   -0.01918874    0.09523317
   10.66666667   -0.01906918   -0.01895201    0.09462767
   10.75000000   -0.01881636   -0.01872056    0.09403158
   10.83333333   -0.01856717   -0.01849151    0.09344469
   10.91666667   -0.01832153   -0.01826300    0.09286677
   11.00000000   -0.01807936   -0.01803534    0.09229762
   11.08333333   -0.01784060   -0.01781077    0.09173704
   11.16666667   -0.01760516   -0.01759200    0.09118483
   11.25000000   -0.01737299   -0.01738043    0.09064081
   11.33333333   -0.01714400   -0.01717517    0.09010480
   11.41666667   -0.01691813   -0.01697352    0.08957661
   11.50000000   -0.01669532   -0.01677263    0.08905608
   11.58333333   -0.01647550   -0.01657132    0.08854303
   11.66666667   -0.01625862   -0.01637073    0.08803731
   11.75000000   -0.01604461   -0.01617365    0.08753875
   11.83333333   -0.01583342   -0.01598267    0.08704721
   11.91666667   -0.01562499   -0.01579846    0.08656254
   12.00000000   -0.01541927   -0.01561931    0.08608459
   12.08333333   -0.01521619   -0.01544210    0.08561322
   12.16666667   -0.01501572   -0.01526428    0.08514829
   12.25000000   -0.01481779   -0.01508545    0.08468968
   12.33333333   -0.01462237   -0.01490763    0.08423725
   12.41666667   -0.01442940   -0.01473394    0.08379087
   12.50000000   -0.01423883   -0.01456660    0.08335043
   12.58333333   -0.01405063   -0.01440544    0.08291581
   12.66666667   -0.01386473   -0.01424792    0.08248689
   12.75000000   -0.01368112   -0.01409072    0.08206356
   12.83333333   -0.01349973   -0.01393180    0.08164570
   12.91666667   -0.01332054   -0.01377170    0.08123322
   13.00000000   -0.01314349   -0.01361323    0.08082600
   13.08333333   -0.01296855   -0.01345963    0.08042396
   13.16666667   -0.01279569   -0.01331251    0.08002697
   13.25000000   -0.01262486   -0.01317071    0.07963497
   13.33333333   -0.01245603   -0.01303101    0.07924784
   13.41666667   -0.01228916   -0.01289008    0.07886549
   13.50000000   -0.01212423   -0.01274665    0.07848784
   13.58333333   -0.01196119   -0.01260228    0.07811481
   13.66666667   -0.01180001   -0.01246042    0.07774629
   13.75000000   -0.01164066   -0.01232421    0.07738223
   13.83333333   -0.01148311   -0.01219438    0.07702252
   13.91666667   -0.01132732   -0.01206876    0.07666710
   14.00000000   -0.01117328   -0.01194354    0.07631589
   14.08333333   -0.01102094   -0.01181570    0.07596880
   14.16666667   -0.01087028   -0.01168493    0.07562578
   14.25000000   -0.01072128   -0.01155386    0.07528674
   14.33333333   -0.01057390   -0.01142642    0.07495163
   14.41666667   -0.01042812   -0.01130530    0.07462035
   14.50000000   -0.01028391   -0.01119019    0.07429287
   14.58333333   -0.01014125   -0.01107786    0.07396910
   14.66666667   -0.01000010   -0.01096415    0.07364898
   14.75000000   -0.00986045   -0.01084663    0.07333246
   14.83333333   -0.00972228   -0.01072616    0.07301947
   14.91666667   -0.00958556   -0.01060641    0.07270995
   15.00000000   -0.00945026   -0.01049154    0.07240385
   15.08333333   -0.00931636   -0.01038352    0.07210111
   15.16666667   -0.00918385   -0.01028076    0.07180166
   15.25000000   -0.00905269   -0.01017903    0.07150547
   15.33333333   -0.00892288   -0.01007409    0.07121247
   15.41666667   -0.00879438   -0.00996440    0.07092261
   15.50000000   -0.00866719   -0.00985219    0.07063584
   15.58333333   -0.00854127   -0.00974209    0.07035212
   15.66666667   -0.00841661   -0.00963821    0.07007139
   15.75000000   -0.00829319   -0.00954143    0.06979361
   15.83333333   -0.00817099   -0.00944873    0.06951873
   15.91666667   -0.00804999   -0.00935497    0.06924670
   16.00000000   -0.00793018   -0.00925612    0.06897749
   16.08333333   -0.00781154   -0.00915193    0.06871103
   16.16666667   -0.00769405   -0.00904613    0.06844731
   16.25000000   -0.00757769   -0.00894420    0.06818626
   16.33333333   -0.00746245   -0.00884983    0.06792786
   16.41666667   -0.00734832   -0.00876245    0.06767206
   16.50000000   -0.00723526   -0.00867742    0.06741881
   16.58333333   -0.00712328   -0.00858883    0.06716809
   16.66666667   -0.00701235   -0.00849328    0.06691986
   16.75000000   -0.00690246   -0.00839217    0.06667407
   16.83333333   -0.00679359   -0.00829094    0.06643069
   16.91666667   -0.00668574   -0.00819573    0.06618969
   17.00000000   -0.00657888   -0.00810938    0.06595103
   17.08333333   -0.00647301   -0.00802940    0.06571468
   17.16666667   -0.00636810   -0.00794931    0.06548060
   17.25000000   -0.00626415   -0.00786263    0.06524876
   17.33333333   -0.00616114   -0.00776706    0.06501913
   17.41666667   -0.00605906   -0.00766617    0.06479167
   17.50000000   -0.00595790   -0.00756738    0.06456636
   17.58333333   -0.00585764   -0.00747728    0.06434317
   17.66666667   -0.00575828   -0.00739726    0.06412206
   17.75000000   -0.00565979   -0.00732225    0.06390301
   17.83333333   -0.00556217   -0.00724358    0.06368598
   17.91666667   -0.00546542   -0.00715437    0.06347095
   18.00000000   -0.00536950   -0.00705411    0.06325790
   18.08333333   -0.00527442   -0.00694939    0.06304678
   18.16666667   -0.00518017   -0.00685009    0.06283759
   18.25000000   -0.00508672   -0.00676304    0.06263029
   18.33333333   -0.00499408   -0.00668730    0.06242485
   18.41666667   -0.00490224   -0.00661397    0.06222125
   18.50000000   -0.00481117   -0.00653137    0.06201947
   18.58333333   -0.00472088   -0.00643228    0.06181947
   18.66666667   -0.00463135   -0.00631919    0.06162125
   18.75000000   -0.00454257   -0.00620347    0.06142477
   18.83333333   -0.00445453   -0.00609884    0.06123001
   18.91666667   -0.00436723   -0.00601244    0.06103695
   19.00000000   -0.00428065   -0.00593913    0.06084557
   19.08333333   -0.00419478   -0.00586316    0.06065583
   19.16666667   -0.00410962   -0.00576691    0.06046774
   19.25000000   -0.00402516   -0.00564220    0.06028125
   19.33333333   -0.00394139   -0.00549723    0.06009635
   19.41666667   -0.00385830   -0.00535416    0.05991303
   19.50000000   -0.00377589   -0.00523715    0.05973125
   19.58333333   -0.00369413   -0.00515675    0.05955100
   19.66666667   -0.00361303   -0.00509894    0.05937227
   19.75000000   -0.00353258   -0.00502613    0.05919503
   19.83333333   -0.00345277   -0.00489112    0.05901926
   19.91666667   -0.00337360   -0.00465853    0.05884494
   20.00000000   -0.00329505   -0.00432343    0.05867207
