  -20.00000000   -0.05010114   -0.00061415   -0.08317570
  -19.91666667   -0.05025108   -0.00055596   -0.08341125
  -19.83333333   -0.05040255   -0.00050179   -0.08364865
  -19.75000000   -0.05055559   -0.00045466   -0.08388794
  -19.66666667   -0.05071021   -0.00041752   -0.08412914
  -19.58333333   -0.05086643   -0.00039225   -0.08437225
  -19.50000000   -0.05102428   -0.00037884   -0.08461731
  -19.41666667   -0.05118379   -0.00037526   -0.08486435
  -19.33333333   -0.05134497   -0.00037820   -0.08511339
  -19.25000000   -0.05150786   -0.00038430   -0.08536445
  -19.16666667   -0.05167248   -0.00039129   -0.08561755
  -19.08333333   -0.05183886   -0.00039848   -0.08587273
  -19.00000000   -0.05200702   -0.00040651   -0.08613000
  -18.91666667   -0.05217698   -0.00041647   -0.08638941
  -18.83333333   -0.05234879   -0.00042900   -0.08665096
  -18.75000000   -0.05252246   -0.00044375   -0.08691469
  -18.66666667   -0.05269803   -0.00045962   -0.08718064
  -18.58333333   -0.05287553   -0.00047533   -0.08744881
  -18.50000000   -0.05305498   -0.00049010   -0.08771925
  -18.41666667   -0.05323642   -0.00050404   -0.08799199
  -18.33333333   -0.05341987   -0.00051788   -0.08826704
  -18.25000000   -0.05360538   -0.00053246   -0.08854446
  -18.16666667   -0.05379297   -0.00054815   -0.08882426
  -18.08333333   -0.05398267   -0.00056463   -0.08910647
  -18.00000000   -0.05417453   -0.00058112   -0.08939113
  -17.91666667   -0.05436857   -0.00059688   -0.08967828
  -17.83333333   -0.05456483   -0.00061163   -0.08996793
  -17.75000000   -0.05476335   -0.00062572   -0.09026014
  -17.66666667   -0.05496416   -0.00063982   -0.09055493
  -17.58333333   -0.05516731   -0.00065451   -0.09085233
  -17.50000000   -0.05537282   -0.00066989   -0.09115239
  -17.41666667   -0.05558075   -0.00068557   -0.09145514
  -17.33333333   -0.05579112   -0.00070089   -0.09176060
  -17.25000000   -0.05600399   -0.00071540   -0.09206884
  -17.16666667   -0.05621939   -0.00072909   -0.09237989
  -17.08333333   -0.05643736   -0.00074243   -0.09269377
  -17.00000000   -0.05665796   -0.00075598   -0.09301053
  -16.91666667   -0.05688122   -0.00077011   -0.09333022
  -16.83333333   -0.05710719   -0.00078471   -0.09365287
  -16.75000000   -0.05733592   -0.00079931   -0.09397853
  -16.66666667   -0.05756745   -0.00081341   -0.09430724
  -16.58333333   -0.05780183   -0.00082674   -0.09463903
  -16.50000000   -0.05803913   -0.00083951   -0.09497397
  -16.41666667   -0.05827937   -0.00085219   -0.09531210
  -16.33333333   -0.05852261   -0.00086526   -0.09565344
  -16.25000000   -0.05876893   -0.00087886   -0.09599808
  -16.16666667   -0.05901835   -0.00089275   -0.09634604
  -16.08333333   -0.05927094   -0.00090644   -0.09669736
  -16.00000000   -0.05952676   -0.00091955   -0.09705213
  -15.91666667   -0.05978586   -0.00093201   -0.09741036
  -15.83333333   -0.06004831   -0.00094415   -0.09777214
  -15.75000000   -0.06031416   -0.00095644   -0.09813749
  -15.66666667   -0.06058347   -0.00096921   -0.09850648
  -15.58333333   -0.06085632   -0.00098243   -0.09887917
  -15.50000000   -0.06113277   -0.00099575   -0.09925561
  -15.41666667   -0.06141288   -0.00100872   -0.09963586
  -15.33333333   -0.06169672   -0.00102110   -0.10001998
  -15.25000000   -0.06198435   -0.00103298   -0.10040803
  -15.16666667   -0.06227586   -0.00104477   -0.10080008
  -15.08333333   -0.06257132   -0.00105688   -0.10119619
  -15.00000000   -0.06287080   -0.00106949   -0.10159641
  -14.91666667   -0.06317437   -0.00108244   -0.10200082
  -14.83333333   -0.06348212   -0.00109530   -0.10240949
  -14.75000000   -0.06379412   -0.00110771   -0.10282249
  -14.66666667   -0.06411046   -0.00111956   -0.10323988
  -14.58333333   -0.06443123   -0.00113109   -0.10366174
  -14.50000000   -0.06475650   -0.00114273   -0.10408814
  -14.41666667   -0.06508636   -0.00115479   -0.10451916
  -14.33333333   -0.06542092   -0.00116733   -0.10495489
  -14.25000000   -0.06576025   -0.00118004   -0.10539538
  -14.16666667   -0.06610446   -0.00119250   -0.10584073
  -14.08333333   -0.06645364   -0.00120445   -0.10629103
  -14.00000000   -0.06680790   -0.00121591   -0.10674634
  -13.91666667   -0.06716732   -0.00122723   -0.10720677
  -13.83333333   -0.06753203   -0.00123882   -0.10767240
  -13.75000000   -0.06790212   -0.00125089   -0.10814333
  -13.66666667   -0.06827771   -0.00126333   -0.10861963
  -13.58333333   -0.06865891   -0.00127577   -0.10910143
  -13.50000000   -0.06904583   -0.00128783   -0.10958880
  -13.41666667   -0.06943860   -0.00129933   -0.11008185
  -13.33333333   -0.06983733   -0.00131047   -0.11058069
  -13.25000000   -0.07024216   -0.00132164   -0.11108542
  -13.16666667   -0.07065319   -0.00133318   -0.11159614
  -13.08333333   -0.07107059   -0.00134520   -0.11211298
  -13.00000000   -0.07149446   -0.00135744   -0.11263603
  -12.91666667   -0.07192495   -0.00136950   -0.11316543
  -12.83333333   -0.07236221   -0.00138105   -0.11370129
  -12.75000000   -0.07280638   -0.00139207   -0.11424372
  -12.66666667   -0.07325760   -0.00140285   -0.11479287
  -12.58333333   -0.07371604   -0.00141380   -0.11534886
  -12.50000000   -0.07418185   -0.00142520   -0.11591182
  -12.41666667   -0.07465518   -0.00143698   -0.11648188
  -12.33333333   -0.07513621   -0.00144880   -0.11705920
  -12.25000000   -0.07562510   -0.00146024   -0.11764390
  -12.16666667   -0.07612202   -0.00147109   -0.11823615
  -12.08333333   -0.07662717   -0.00148146   -0.11883609
  -12.00000000   -0.07714072   -0.00149172   -0.11944388
  -11.91666667   -0.07766285   -0.00150226   -0.12005968
  -11.83333333   -0.07819377   -0.00151323   -0.12068367
  -11.75000000   -0.07873367   -0.00152444   -0.12131599
  -11.66666667   -0.07928275   -0.00153546   -0.12195683
  -11.58333333   -0.07984123   -0.00154593   -0.12260639
  -11.50000000   -0.08040931   -0.00155574   -0.12326482
  -11.41666667   -0.08098723   -0.00156514   -0.12393234
  -11.33333333   -0.08157520   -0.00157453   -0.12460913
  -11.25000000   -0.08217346   -0.00158426   -0.12529540
  -11.16666667   -0.08278224   -0.00159432   -0.12599136
  -11.08333333   -0.08340180   -0.00160440   -0.12669723
  -11.00000000   -0.08403238   -0.00161405   -0.12741321
  -10.91666667   -0.08467424   -0.00162295   -0.12813955
  -10.83333333   -0.08532766   -0.00163116   -0.12887648
  -10.75000000   -0.08599289   -0.00163902   -0.12962425
  -10.66666667   -0.08667021   -0.00164695   -0.13038309
  -10.58333333   -0.08735994   -0.00165516   -0.13115329
  -10.50000000   -0.08806233   -0.00166353   -0.13193510
  -10.41666667   -0.08877771   -0.00167162   -0.13272879
  -10.33333333   -0.08950639   -0.00167900   -0.13353467
  -10.25000000   -0.09024868   -0.00168545   -0.13435302
  -10.16666667   -0.09100490   -0.00169116   -0.13518414
  -10.08333333   -0.09177541   -0.00169655   -0.13602836
  -10.00000000   -0.09256053   -0.00170200   -0.13688599
   -9.91666667   -0.09336062   -0.00170758   -0.13775739
   -9.83333333   -0.09417605   -0.00171302   -0.13864290
   -9.75000000   -0.09500717   -0.00171781   -0.13954288
   -9.66666667   -0.09585438   -0.00172154   -0.14045770
   -9.58333333   -0.09671807   -0.00172415   -0.14138778
   -9.50000000   -0.09759862   -0.00172594   -0.14233348
   -9.41666667   -0.09849645   -0.00172737   -0.14329525
   -9.33333333   -0.09941199   -0.00172872   -0.14427353
   -9.25000000   -0.10034565   -0.00172990   -0.14526874
   -9.16666667   -0.10129787   -0.00173049   -0.14628137
   -9.08333333   -0.10226911   -0.00172995   -0.14731191
   -9.00000000   -0.10325981   -0.00172794   -0.14836085
   -8.91666667   -0.10427044   -0.00172455   -0.14942872
   -8.83333333   -0.10530150   -0.00172018   -0.15051609
   -8.75000000   -0.10635344   -0.00171525   -0.15162349
   -8.66666667   -0.10742678   -0.00170992   -0.15275154
   -8.58333333   -0.10852203   -0.00170392   -0.15390085
   -8.50000000   -0.10963969   -0.00169668   -0.15507206
   -8.41666667   -0.11078028   -0.00168767   -0.15626583
   -8.33333333   -0.11194435   -0.00167666   -0.15748289
   -8.25000000   -0.11313242   -0.00166387   -0.15872393
   -8.16666667   -0.11434503   -0.00164976   -0.15998973
   -8.08333333   -0.11558277   -0.00163467   -0.16128110
   -8.00000000   -0.11684615   -0.00161856   -0.16259884
   -7.91666667   -0.11813577   -0.00160098   -0.16394384
   -7.83333333   -0.11945218   -0.00158124   -0.16531699
   -7.75000000   -0.12079595   -0.00155883   -0.16671926
   -7.66666667   -0.12216766   -0.00153366   -0.16815164
   -7.58333333   -0.12356786   -0.00150606   -0.16961517
   -7.50000000   -0.12499714   -0.00147648   -0.17111095
   -7.41666667   -0.12645605   -0.00144510   -0.17264013
   -7.33333333   -0.12794515   -0.00141165   -0.17420390
   -7.25000000   -0.12946500   -0.00137546   -0.17580355
   -7.16666667   -0.13101613   -0.00133576   -0.17744041
   -7.08333333   -0.13259905   -0.00129209   -0.17911586
   -7.00000000   -0.13421428   -0.00124447   -0.18083140
   -6.91666667   -0.13586230   -0.00119330   -0.18258859
   -6.83333333   -0.13754356   -0.00113892   -0.18438904
   -6.75000000   -0.13925849   -0.00108129   -0.18623451
   -6.66666667   -0.14100747   -0.00101983   -0.18812682
   -6.58333333   -0.14279085   -0.00095363   -0.19006788
   -6.50000000   -0.14460894   -0.00088186   -0.19205977
   -6.41666667   -0.14646196   -0.00080410   -0.19410463
   -6.33333333   -0.14835008   -0.00072046   -0.19620475
   -6.25000000   -0.15027343   -0.00063128   -0.19836258
   -6.16666667   -0.15223202   -0.00053670   -0.20058068
   -6.08333333   -0.15422575   -0.00043633   -0.20286179
   -6.00000000   -0.15625449   -0.00032919   -0.20520884
   -5.91666667   -0.15831790   -0.00021412   -0.20762492
   -5.83333333   -0.16041557   -0.00009017   -0.21011332
   -5.75000000   -0.16254694    0.00004305   -0.21267759
   -5.66666667   -0.16471125    0.00018545   -0.21532148
   -5.58333333   -0.16690759    0.00033690   -0.21804899
   -5.50000000   -0.16913484    0.00049764   -0.22086445
   -5.41666667   -0.17139165    0.00066861   -0.22377244
   -5.33333333   -0.17367642    0.00085128   -0.22677789
   -5.25000000   -0.17598731    0.00104716   -0.22988613
   -5.16666667   -0.17832214    0.00125739   -0.23310282
   -5.08333333   -0.18067842    0.00148248   -0.23643406
   -5.00000000   -0.18305331    0.00172256   -0.23988647
   -4.91666667   -0.18544355    0.00197795   -0.24346714
   -4.83333333   -0.18784545    0.00224958   -0.24718370
   -4.75000000   -0.19025488    0.00253918   -0.25104446
   -4.66666667   -0.19266715    0.00284894   -0.25505835
   -4.58333333   -0.19507702    0.00318094   -0.25923500
   -4.50000000   -0.19747868    0.00353668   -0.26358495
   -4.41666667   -0.19986560    0.00391708   -0.26811951
   -4.33333333   -0.20223056    0.00432287   -0.27285097
   -4.25000000   -0.20456558    0.00475524   -0.27779273
   -4.16666667   -0.20686181    0.00521629   -0.28295923
   -4.08333333   -0.20910949    0.00570901   -0.28836614
   -4.00000000   -0.21129795    0.00623670   -0.29403052
   -3.91666667   -0.21341539    0.00680236   -0.29997071
   -3.83333333   -0.21544895    0.00740833   -0.30620660
   -3.75000000   -0.21738453    0.00805643   -0.31275950
   -3.66666667   -0.21920676    0.00874861   -0.31965223
   -3.58333333   -0.22089890    0.00948772   -0.32690904
   -3.50000000   -0.22244272    0.01027777   -0.33455529
   -3.41666667   -0.22381846    0.01112367   -0.34261717
   -3.33333333   -0.22500470    0.01203055   -0.35112095
   -3.25000000   -0.22597828    0.01300295   -0.36009175
   -3.16666667   -0.22671417    0.01404471   -0.36955182
   -3.08333333   -0.22718541    0.01515936   -0.37951748
   -3.00000000   -0.22736299    0.01635100   -0.38999446
   -2.91666667   -0.22721579    0.01762507   -0.40097073
   -2.83333333   -0.22671045    0.01898843   -0.41240503
   -2.75000000   -0.22581137    0.02044874   -0.42420873
   -2.66666667   -0.22448059    0.02201346   -0.43621745
   -2.58333333   -0.22267785    0.02368914   -0.44814527
   -2.50000000   -0.22036057    0.02548140   -0.45951102
   -2.41666667   -0.21748398    0.02739570   -0.46951917
   -2.33333333   -0.21400128    0.02943843   -0.47686583
   -2.25000000   -0.20986395    0.03161748   -0.47942468
   -2.16666667   -0.20502219    0.03394189   -0.47374915
   -2.08333333   -0.19942555    0.03642063   -0.45432366
   -2.00000000   -0.19302389    0.03906114   -0.41258267
   -1.91666667   -0.18576845    0.04186848   -0.33609370
   -1.83333333   -0.17761358    0.04484558   -0.20940538
   -1.75000000   -0.16851864    0.04799424   -0.02005989
   -1.66666667   -0.15845063    0.05131617    0.22662974
   -1.58333333   -0.14738724    0.05481300    0.49128054
   -1.50000000   -0.13532046    0.05848479    0.70923572
   -1.41666667   -0.12226079    0.06232760    0.83321760
   -1.33333333   -0.10824178    0.06633112    0.86241544
   -1.25000000   -0.09332459    0.07047759    0.82678465
   -1.16666667   -0.07760247    0.07474243    0.75861649
   -1.08333333   -0.06120428    0.07909591    0.67974793
   -1.00000000   -0.04429654    0.08350435    0.60174022
   -0.91666667   -0.02708340    0.08792933    0.52961857
   -0.83333333   -0.00980349    0.09232473    0.46497258
   -0.75000000    0.00727640    0.09663266    0.40779743
   -0.66666667    0.02387148    0.10078089    0.35744253
   -0.58333333    0.03969207    0.10468412    0.31306215
   -0.50000000    0.05445904    0.10825027    0.27381366
   -0.41666667    0.06792005    0.11139053    0.23893465
   -0.33333333    0.07986454    0.11402995    0.20776530
   -0.25000000    0.09013597    0.11611486    0.17974661
   -0.16666667    0.09863944    0.11761434    0.15440990
   -0.08333333    0.10534426    0.11851561    0.13136368
    0.00000000    0.11028115    0.11881601    0.11028115
    0.08333333    0.11353493    0.11851561    0.09088904
    0.16666667    0.11523405    0.11761434    0.07295825
    0.25000000    0.11553838    0.11611486    0.05629613
    0.33333333    0.11462685    0.11402995    0.04074012
    0.41666667    0.11268602    0.11139053    0.02615269
    0.50000000    0.10990053    0.10825027    0.01241718
    0.58333333    0.10644575    0.10468412   -0.00056545
    0.66666667    0.10248256    0.10078089   -0.01287932
    0.75000000    0.09815435    0.09663266   -0.02459571
    0.83333333    0.09358556    0.09232473   -0.03577474
    0.91666667    0.08888167    0.08792933   -0.04646668
    1.00000000    0.08413006    0.08350435   -0.05671296
    1.08333333    0.07940144    0.07909591   -0.06654688
    1.16666667    0.07475170    0.07474243   -0.07599414
    1.25000000    0.07022376    0.07047759   -0.08507317
    1.33333333    0.06584955    0.06633112   -0.09379518
    1.41666667    0.06165178    0.06232760   -0.10216415
    1.50000000    0.05764553    0.05848479   -0.11017660
    1.58333333    0.05383975    0.05481300   -0.11782116
    1.66666667    0.05023847    0.05131617   -0.12507800
    1.75000000    0.04684188    0.04799424   -0.13191812
    1.83333333    0.04364723    0.04484558   -0.13830245
    1.91666667    0.04064955    0.04186848   -0.14418071
    2.00000000    0.03784222    0.03906114   -0.14949030
    2.08333333    0.03521753    0.03642063   -0.15415491
    2.16666667    0.03276701    0.03394189   -0.15808313
    2.25000000    0.03048175    0.03161748   -0.16116700
    2.33333333    0.02835265    0.02943843   -0.16328081
    2.41666667    0.02637058    0.02739570   -0.16428002
    2.50000000    0.02452655    0.02548140   -0.16400076
    2.58333333    0.02281180    0.02368914   -0.16226018
    2.66666667    0.02121784    0.02201346   -0.15885792
    2.75000000    0.01973656    0.02044874   -0.15357939
    2.83333333    0.01836024    0.01898843   -0.14620113
    2.91666667    0.01708153    0.01762507   -0.13649908
    3.00000000    0.01589353    0.01635100   -0.12426019
    3.08333333    0.01478972    0.01515936   -0.10929736
    3.16666667    0.01376399    0.01404471   -0.09146797
    3.25000000    0.01281064    0.01300295   -0.07069525
    3.33333333    0.01192433    0.01203055   -0.04699023
    3.41666667    0.01110010    0.01112367   -0.02047267
    3.50000000    0.01033332    0.01027777    0.00861259
    3.58333333    0.00961969    0.00948772    0.03988840
    3.66666667    0.00895522    0.00874861    0.07284927
    3.75000000    0.00833622    0.00805643    0.10687895
    3.83333333    0.00775925    0.00740833    0.14128273
    3.91666667    0.00722115    0.00680236    0.17532969
    4.00000000    0.00671897    0.00623670    0.20830087
    4.08333333    0.00624998    0.00570901    0.23953749
    4.16666667    0.00581170    0.00521629    0.26848044
    4.25000000    0.00540177    0.00475524    0.29469939
    4.33333333    0.00501806    0.00432287    0.31790507
    4.41666667    0.00465858    0.00391708    0.33794893
    4.50000000    0.00432150    0.00353668    0.35481066
    4.58333333    0.00400512    0.00318094    0.36857682
    4.66666667    0.00370789    0.00284894    0.37941663
    4.75000000    0.00342834    0.00253918    0.38755699
    4.83333333    0.00316516    0.00224958    0.39325918
    4.91666667    0.00291710    0.00197795    0.39679984
    5.00000000    0.00268304    0.00172256    0.39845585
    5.08333333    0.00246191    0.00148248    0.39849332
    5.16666667    0.00225274    0.00125739    0.39716049
    5.25000000    0.00205465    0.00104716    0.39468341
    5.33333333    0.00186679    0.00085128    0.39126414
    5.41666667    0.00168842    0.00066861    0.38708051
    5.50000000    0.00151881    0.00049764    0.38228695
    5.58333333    0.00135732    0.00033690    0.37701625
    5.66666667    0.00120334    0.00018545    0.37138145
    5.75000000    0.00105631    0.00004305    0.36547792
    5.83333333    0.00091573   -0.00009017    0.35938565
    5.91666667    0.00078110   -0.00021412    0.35317120
    6.00000000    0.00065200   -0.00032919    0.34688945
    6.08333333    0.00052802   -0.00043633    0.34058551
    6.16666667    0.00040878   -0.00053670    0.33429611
    6.25000000    0.00029393   -0.00063128    0.32805080
    6.33333333    0.00018315   -0.00072046    0.32187326
    6.41666667    0.00007615   -0.00080410    0.31578222
    6.50000000   -0.00002736   -0.00088186    0.30979213
    6.58333333   -0.00012762   -0.00095363    0.30391414
    6.66666667   -0.00022487   -0.00101983    0.29815650
    6.75000000   -0.00031932   -0.00108129    0.29252504
    6.83333333   -0.00041119   -0.00113892    0.28702375
    6.91666667   -0.00050065   -0.00119330    0.28165503
    7.00000000   -0.00058787   -0.00124447    0.27641991
    7.08333333   -0.00067302   -0.00129209    0.27131848
    7.16666667   -0.00075624   -0.00133576    0.26634999
    7.25000000   -0.00083766   -0.00137546    0.26151293
    7.33333333   -0.00091742   -0.00141165    0.25680536
    7.41666667   -0.00099563   -0.00144510    0.25222494
    7.50000000   -0.00107240   -0.00147648    0.24776892
    7.58333333   -0.00114782   -0.00150606    0.24343441
    7.66666667   -0.00122199   -0.00153366    0.23921836
    7.75000000   -0.00129499   -0.00155883    0.23511752
    7.83333333   -0.00136691   -0.00158124    0.23112866
    7.91666667   -0.00143780   -0.00160098    0.22724850
    8.00000000   -0.00150775   -0.00161856    0.22347371
    8.08333333   -0.00157681   -0.00163467    0.21980104
    8.16666667   -0.00164505   -0.00164976    0.21622719
    8.25000000   -0.00171250   -0.00166387    0.21274905
    8.33333333   -0.00177923   -0.00167666    0.20936347
    8.41666667   -0.00184527   -0.00168767    0.20606734
    8.50000000   -0.00191067   -0.00169668    0.20285777
    8.58333333   -0.00197547   -0.00170392    0.19973183
    8.66666667   -0.00203970   -0.00170992    0.19668667
    8.75000000   -0.00210339   -0.00171525    0.19371965
    8.83333333   -0.00216658   -0.00172018    0.19082810
    8.91666667   -0.00222929   -0.00172455    0.18800944
    9.00000000   -0.00229155   -0.00172794    0.18526130
    9.08333333   -0.00235338   -0.00172995    0.18258126
    9.16666667   -0.00241481   -0.00173049    0.17996702
    9.25000000   -0.00247585   -0.00172990    0.17741643
    9.33333333   -0.00253651   -0.00172872    0.17492735
    9.41666667   -0.00259683   -0.00172737    0.17249772
    9.50000000   -0.00265681   -0.00172594    0.17012562
    9.58333333   -0.00271647   -0.00172415    0.16780915
    9.66666667   -0.00277582   -0.00172154    0.16554645
    9.75000000   -0.00283487   -0.00171781    0.16333585
    9.83333333   -0.00289364   -0.00171302    0.16117562
    9.91666667   -0.00295212   -0.00170758    0.15906414
   10.00000000   -0.00301035   -0.00170200    0.15699990
   10.08333333   -0.00306831   -0.00169655    0.15498138
   10.16666667   -0.00312602   -0.00169116    0.15300713
   10.25000000   -0.00318348   -0.00168545    0.15107580
   10.33333333   -0.00324071   -0.00167900    0.14918604
   10.41666667   -0.00329770   -0.00167162    0.14733656
   10.50000000   -0.00335447   -0.00166353    0.14552617
   10.58333333   -0.00341101   -0.00165516    0.14375366
   10.66666667   -0.00346734   -0.00164695    0.14201788
   10.75000000   -0.00352345   -0.00163902    0.14031776
   10.83333333   -0.00357935   -0.00163116    0.13865223
   10.91666667   -0.00363504   -0.00162295    0.13702027
   11.00000000   -0.00369052   -0.00161405    0.13542092
   11.08333333   -0.00374580   -0.00160440    0.13385322
   11.16666667   -0.00380088   -0.00159432    0.13231625
   11.25000000   -0.00385577   -0.00158426    0.13080916
   11.33333333   -0.00391045   -0.00157453    0.12933110
   11.41666667   -0.00396494   -0.00156514    0.12788124
   11.50000000   -0.00401924   -0.00155574    0.12645882
   11.58333333   -0.00407334   -0.00154593    0.12506307
   11.66666667   -0.00412725   -0.00153546    0.12369324
   11.75000000   -0.00418097   -0.00152444    0.12234866
   11.83333333   -0.00423450   -0.00151323    0.12102864
   11.91666667   -0.00428784   -0.00150226    0.11973250
   12.00000000   -0.00434099   -0.00149172    0.11845964
   12.08333333   -0.00439395   -0.00148146    0.11720943
   12.16666667   -0.00444672   -0.00147109    0.11598126
   12.25000000   -0.00449931   -0.00146024    0.11477460
   12.33333333   -0.00455170   -0.00144880    0.11358886
   12.41666667   -0.00460391   -0.00143698    0.11242352
   12.50000000   -0.00465593   -0.00142520    0.11127807
   12.58333333   -0.00470777   -0.00141380    0.11015200
   12.66666667   -0.00475942   -0.00140285    0.10904482
   12.75000000   -0.00481088   -0.00139207    0.10795609
   12.83333333   -0.00486215   -0.00138105    0.10688533
   12.91666667   -0.00491324   -0.00136950    0.10583210
   13.00000000   -0.00496413   -0.00135744    0.10479600
   13.08333333   -0.00501484   -0.00134520    0.10377660
   13.16666667   -0.00506537   -0.00133318    0.10277349
   13.25000000   -0.00511570   -0.00132164    0.10178632
   13.33333333   -0.00516585   -0.00131047    0.10081469
   13.41666667   -0.00521581   -0.00129933    0.09985824
   13.50000000   -0.00526558   -0.00128783    0.09891663
   13.58333333   -0.00531517   -0.00127577    0.09798951
   13.66666667   -0.00536456   -0.00126333    0.09707653
   13.75000000   -0.00541377   -0.00125089    0.09617741
   13.83333333   -0.00546279   -0.00123882    0.09529182
   13.91666667   -0.00551162   -0.00122723    0.09441944
   14.00000000   -0.00556026   -0.00121591    0.09356000
   14.08333333   -0.00560871   -0.00120445    0.09271321
   14.16666667   -0.00565698   -0.00119250    0.09187878
   14.25000000   -0.00570505   -0.00118004    0.09105646
   14.33333333   -0.00575294   -0.00116733    0.09024599
   14.41666667   -0.00580064   -0.00115479    0.08944709
   14.50000000   -0.00584815   -0.00114273    0.08865954
   14.58333333   -0.00589547   -0.00113109    0.08788309
   14.66666667   -0.00594260   -0.00111956    0.08711751
   14.75000000   -0.00598954   -0.00110771    0.08636257
   14.83333333   -0.00603630   -0.00109530    0.08561806
   14.91666667   -0.00608287   -0.00108244    0.08488374
   15.00000000   -0.00612924   -0.00106949    0.08415943
   15.08333333   -0.00617543   -0.00105688    0.08344492
   15.16666667   -0.00622144   -0.00104477    0.08274000
   15.25000000   -0.00626725   -0.00103298    0.08204449
   15.33333333   -0.00631288   -0.00102110    0.08135820
   15.41666667   -0.00635832   -0.00100872    0.08068094
   15.50000000   -0.00640357   -0.00099575    0.08001254
   15.58333333   -0.00644863   -0.00098243    0.07935284
   15.66666667   -0.00649351   -0.00096921    0.07870164
   15.75000000   -0.00653820   -0.00095644    0.07805880
   15.83333333   -0.00658271   -0.00094415    0.07742416
   15.91666667   -0.00662703   -0.00093201    0.07679755
   16.00000000   -0.00667116   -0.00091955    0.07617883
   16.08333333   -0.00671511   -0.00090644    0.07556784
   16.16666667   -0.00675887   -0.00089275    0.07496446
   16.25000000   -0.00680245   -0.00087886    0.07436852
   16.33333333   -0.00684585   -0.00086526    0.07377989
   16.41666667   -0.00688906   -0.00085219    0.07319845
   16.50000000   -0.00693208   -0.00083951    0.07262405
   16.58333333   -0.00697493   -0.00082674    0.07205658
   16.66666667   -0.00701759   -0.00081341    0.07149591
   16.75000000   -0.00706007   -0.00079931    0.07094190
   16.83333333   -0.00710237   -0.00078471    0.07039445
   16.91666667   -0.00714448   -0.00077011    0.06985346
   17.00000000   -0.00718642   -0.00075598    0.06931878
   17.08333333   -0.00722817   -0.00074243    0.06879031
   17.16666667   -0.00726974   -0.00072909    0.06826797
   17.25000000   -0.00731114   -0.00071540    0.06775161
   17.33333333   -0.00735235   -0.00070089    0.06724116
   17.41666667   -0.00739339   -0.00068557    0.06673652
   17.50000000   -0.00743425   -0.00066989    0.06623756
   17.58333333   -0.00747493   -0.00065451    0.06574421
   17.66666667   -0.00751544   -0.00063982    0.06525638
   17.75000000   -0.00755577   -0.00062572    0.06477395
   17.83333333   -0.00759592   -0.00061163    0.06429685
   17.91666667   -0.00763590   -0.00059688    0.06382501
   18.00000000   -0.00767571   -0.00058112    0.06335830
   18.08333333   -0.00771534   -0.00056463    0.06289666
   18.16666667   -0.00775479   -0.00054815    0.06244003
   18.25000000   -0.00779408   -0.00053246    0.06198828
   18.33333333   -0.00783319   -0.00051788    0.06154136
   18.41666667   -0.00787213   -0.00050404    0.06109921
   18.50000000   -0.00791090   -0.00049010    0.06066171
   18.58333333   -0.00794950   -0.00047533    0.06022882
   18.66666667   -0.00798794   -0.00045962    0.05980046
   18.75000000   -0.00802620   -0.00044375    0.05937655
   18.83333333   -0.00806429   -0.00042900    0.05895703
   18.91666667   -0.00810222   -0.00041647    0.05854184
   19.00000000   -0.00813998   -0.00040651    0.05813089
   19.08333333   -0.00817757   -0.00039848    0.05772412
   19.16666667   -0.00821500   -0.00039129    0.05732149
   19.25000000   -0.00825226   -0.00038430    0.05692291
   19.33333333   -0.00828936   -0.00037820    0.05652834
   19.41666667   -0.00832630   -0.00037526    0.05613770
   19.50000000   -0.00836307   -0.00037884    0.05575094
   19.58333333   -0.00839968   -0.00039225    0.05536801
   19.66666667   -0.00843613   -0.00041752    0.05498884
   19.75000000   -0.00847242   -0.00045466    0.05461338
   19.83333333   -0.00850855   -0.00050179    0.05424157
   19.91666667   -0.00854452   -0.00055596    0.05387338
   20.00000000   -0.00858033   -0.00061415    0.05350873
