  -20.00000000    0.02076751   -0.00583409   -0.04105931
  -19.91666667    0.02080927   -0.00606357   -0.04125579
  -19.83333333    0.02085126   -0.00627331   -0.04145385
  -19.75000000    0.02089349   -0.00646302   -0.04165352
  -19.66666667    0.02093597   -0.00663826   -0.04185481
  -19.58333333    0.02097869   -0.00680721   -0.04205774
  -19.50000000    0.02102166   -0.00697681   -0.04226233
  -19.41666667    0.02106488   -0.00714996   -0.04246861
  -19.33333333    0.02110835   -0.00732499   -0.04267659
  -19.25000000    0.02115207   -0.00749738   -0.04288630
  -19.16666667    0.02119604   -0.00766268   -0.04309775
  -19.08333333    0.02124026   -0.00781887   -0.04331097
  -19.00000000    0.02128475   -0.00796726   -0.04352599
  -18.91666667    0.02132949   -0.00811143   -0.04374281
  -18.83333333    0.02137448   -0.00825514   -0.04396148
  -18.75000000    0.02141974   -0.00840035   -0.04418200
  -18.66666667    0.02146526   -0.00854648   -0.04440441
  -18.58333333    0.02151104   -0.00869115   -0.04462872
  -18.50000000    0.02155709   -0.00883182   -0.04485497
  -18.41666667    0.02160340   -0.00896744   -0.04508318
  -18.33333333    0.02164998   -0.00909901   -0.04531337
  -18.25000000    0.02169683   -0.00922900   -0.04554557
  -18.16666667    0.02174395   -0.00935985   -0.04577981
  -18.08333333    0.02179135   -0.00949269   -0.04601611
  -18.00000000    0.02183901   -0.00962680   -0.04625450
  -17.91666667    0.02188695   -0.00976028   -0.04649501
  -17.83333333    0.02193516   -0.00989131   -0.04673766
  -17.75000000    0.02198366   -0.01001928   -0.04698249
  -17.66666667    0.02203243   -0.01014519   -0.04722952
  -17.58333333    0.02208148   -0.01027102   -0.04747879
  -17.50000000    0.02213081   -0.01039858   -0.04773032
  -17.41666667    0.02218042   -0.01052845   -0.04798415
  -17.33333333    0.02223031   -0.01065978   -0.04824030
  -17.25000000    0.02228049   -0.01079090   -0.04849882
  -17.16666667    0.02233096   -0.01092039   -0.04875973
  -17.08333333    0.02238171   -0.01104800   -0.04902306
  -17.00000000    0.02243275   -0.01117480   -0.04928885
  -16.91666667    0.02248407   -0.01130252   -0.04955714
  -16.83333333    0.02253569   -0.01143251   -0.04982795
  -16.75000000    0.02258759   -0.01156503   -0.05010133
  -16.66666667    0.02263978   -0.01169907   -0.05037732
  -16.58333333    0.02269227   -0.01183313   -0.05065593
  -16.50000000    0.02274505   -0.01196610   -0.05093723
  -16.41666667    0.02279812   -0.01209804   -0.05122125
  -16.33333333    0.02285148   -0.01223008   -0.05150802
  -16.25000000    0.02290513   -0.01236379   -0.05179758
  -16.16666667    0.02295908   -0.01250021   -0.05208999
  -16.08333333    0.02301332   -0.01263927   -0.05238526
  -16.00000000    0.02306786   -0.01277988   -0.05268347
  -15.91666667    0.02312269   -0.01292065   -0.05298463
  -15.83333333    0.02317781   -0.01306078   -0.05328881
  -15.75000000    0.02323323   -0.01320057   -0.05359603
  -15.66666667    0.02328894   -0.01334125   -0.05390636
  -15.58333333    0.02334495   -0.01348423   -0.05421984
  -15.50000000    0.02340124   -0.01363028   -0.05453651
  -15.41666667    0.02345783   -0.01377905   -0.05485642
  -15.33333333    0.02351471   -0.01392938   -0.05517963
  -15.25000000    0.02357189   -0.01408000   -0.05550618
  -15.16666667    0.02362935   -0.01423040   -0.05583613
  -15.08333333    0.02368709   -0.01438112   -0.05616954
  -15.00000000    0.02374513   -0.01453346   -0.05650644
  -14.91666667    0.02380345   -0.01468869   -0.05684691
  -14.83333333    0.02386205   -0.01484728   -0.05719100
  -14.75000000    0.02392094   -0.01500867   -0.05753875
  -14.66666667    0.02398010   -0.01517163   -0.05789025
  -14.58333333    0.02403955   -0.01533505   -0.05824554
  -14.50000000    0.02409926   -0.01549870   -0.05860468
  -14.41666667    0.02415925   -0.01566334   -0.05896773
  -14.33333333    0.02421951   -0.01583034   -0.05933478
  -14.25000000    0.02428003   -0.01600077   -0.05970587
  -14.16666667    0.02434082   -0.01617485   -0.06008107
  -14.08333333    0.02440186   -0.01635180   -0.06046047
  -14.00000000    0.02446316   -0.01653035   -0.06084411
  -13.91666667    0.02452471   -0.01670960   -0.06123208
  -13.83333333    0.02458650   -0.01688960   -0.06162445
  -13.75000000    0.02464853   -0.01707134   -0.06202129
  -13.66666667    0.02471080   -0.01725616   -0.06242269
  -13.58333333    0.02477329   -0.01744497   -0.06282871
  -13.50000000    0.02483601   -0.01763769   -0.06323944
  -13.41666667    0.02489894   -0.01783334   -0.06365497
  -13.33333333    0.02496208   -0.01803072   -0.06407537
  -13.25000000    0.02502542   -0.01822913   -0.06450072
  -13.16666667    0.02508896   -0.01842892   -0.06493113
  -13.08333333    0.02515267   -0.01863125   -0.06536668
  -13.00000000    0.02521656   -0.01883744   -0.06580746
  -12.91666667    0.02528062   -0.01904815   -0.06625356
  -12.83333333    0.02534483   -0.01926304   -0.06670508
  -12.75000000    0.02540919   -0.01948100   -0.06716213
  -12.66666667    0.02547367   -0.01970087   -0.06762479
  -12.58333333    0.02553828   -0.01992224   -0.06809318
  -12.50000000    0.02560299   -0.02014574   -0.06856740
  -12.41666667    0.02566780   -0.02037269   -0.06904756
  -12.33333333    0.02573268   -0.02060430   -0.06953378
  -12.25000000    0.02579762   -0.02084101   -0.07002615
  -12.16666667    0.02586262   -0.02108218   -0.07052481
  -12.08333333    0.02592764   -0.02132660   -0.07102988
  -12.00000000    0.02599267   -0.02157327   -0.07154146
  -11.91666667    0.02605769   -0.02182207   -0.07205970
  -11.83333333    0.02612268   -0.02207391   -0.07258472
  -11.75000000    0.02618763   -0.02233020   -0.07311665
  -11.66666667    0.02625249   -0.02259203   -0.07365563
  -11.58333333    0.02631727   -0.02285955   -0.07420181
  -11.50000000    0.02638191   -0.02313187   -0.07475531
  -11.41666667    0.02644641   -0.02340774   -0.07531629
  -11.33333333    0.02651073   -0.02368635   -0.07588490
  -11.25000000    0.02657484   -0.02396792   -0.07646129
  -11.16666667    0.02663870   -0.02425363   -0.07704563
  -11.08333333    0.02670230   -0.02454492   -0.07763807
  -11.00000000    0.02676559   -0.02484271   -0.07823879
  -10.91666667    0.02682853   -0.02514682   -0.07884795
  -10.83333333    0.02689108   -0.02545617   -0.07946573
  -10.75000000    0.02695321   -0.02576953   -0.08009231
  -10.66666667    0.02701487   -0.02608635   -0.08072789
  -10.58333333    0.02707601   -0.02640719   -0.08137265
  -10.50000000    0.02713659   -0.02673348   -0.08202677
  -10.41666667    0.02719655   -0.02706665   -0.08269048
  -10.33333333    0.02725584   -0.02740737   -0.08336398
  -10.25000000    0.02731440   -0.02775514   -0.08404748
  -10.16666667    0.02737218   -0.02810872   -0.08474119
  -10.08333333    0.02742911   -0.02846699   -0.08544536
  -10.00000000    0.02748511   -0.02882971   -0.08616019
   -9.91666667    0.02754013   -0.02919784   -0.08688594
   -9.83333333    0.02759409   -0.02957296   -0.08762286
   -9.75000000    0.02764690   -0.02995646   -0.08837118
   -9.66666667    0.02769848   -0.03034868   -0.08913118
   -9.58333333    0.02774876   -0.03074885   -0.08990312
   -9.50000000    0.02779762   -0.03115561   -0.09068727
   -9.41666667    0.02784499   -0.03156804   -0.09148392
   -9.33333333    0.02789074   -0.03198628   -0.09229336
   -9.25000000    0.02793478   -0.03241166   -0.09311588
   -9.16666667    0.02797698   -0.03284590   -0.09395179
   -9.08333333    0.02801723   -0.03329024   -0.09480142
   -9.00000000    0.02805540   -0.03374469   -0.09566508
   -8.91666667    0.02809135   -0.03420820   -0.09654311
   -8.83333333    0.02812494   -0.03467940   -0.09743586
   -8.75000000    0.02815600   -0.03515764   -0.09834368
   -8.66666667    0.02818440   -0.03564353   -0.09926693
   -8.58333333    0.02820994   -0.03613872   -0.10020600
   -8.50000000    0.02823246   -0.03664505   -0.10116126
   -8.41666667    0.02825176   -0.03716350   -0.10213312
   -8.33333333    0.02826765   -0.03769374   -0.10312199
   -8.25000000    0.02827990   -0.03823450   -0.10412827
   -8.16666667    0.02828829   -0.03878450   -0.10515241
   -8.08333333    0.02829259   -0.03934346   -0.10619486
   -8.00000000    0.02829253   -0.03991249   -0.10725605
   -7.91666667    0.02828786   -0.04049357   -0.10833646
   -7.83333333    0.02827828   -0.04108854   -0.10943657
   -7.75000000    0.02826350   -0.04169811   -0.11055688
   -7.66666667    0.02824320   -0.04232158   -0.11169789
   -7.58333333    0.02821704   -0.04295754   -0.11286011
   -7.50000000    0.02818465   -0.04360491   -0.11404408
   -7.41666667    0.02814566   -0.04426391   -0.11525033
   -7.33333333    0.02809967   -0.04493619   -0.11647941
   -7.25000000    0.02804624   -0.04562402   -0.11773190
   -7.16666667    0.02798493   -0.04632916   -0.11900836
   -7.08333333    0.02791524   -0.04705199   -0.12030937
   -7.00000000    0.02783666   -0.04779150   -0.12163555
   -6.91666667    0.02774865   -0.04854621   -0.12298747
   -6.83333333    0.02765063   -0.04931541   -0.12436574
   -6.75000000    0.02754198   -0.05009994   -0.12577098
   -6.66666667    0.02742205   -0.05090200   -0.12720381
   -6.58333333    0.02729013   -0.05172414   -0.12866482
   -6.50000000    0.02714550   -0.05256797   -0.13015464
   -6.41666667    0.02698735   -0.05343349   -0.13167386
   -6.33333333    0.02681486   -0.05431944   -0.13322306
   -6.25000000    0.02662712   -0.05522445   -0.13480284
   -6.16666667    0.02642318   -0.05614834   -0.13641374
   -6.08333333    0.02620203   -0.05709269   -0.13805626
   -6.00000000    0.02596259   -0.05806032   -0.13973090
   -5.91666667    0.02570371   -0.05905399   -0.14143810
   -5.83333333    0.02542416   -0.06007513   -0.14317821
   -5.75000000    0.02512262   -0.06112336   -0.14495156
   -5.66666667    0.02479770   -0.06219727   -0.14675833
   -5.58333333    0.02444791   -0.06329582   -0.14859863
   -5.50000000    0.02407165   -0.06441958   -0.15047245
   -5.41666667    0.02366723   -0.06557104   -0.15237958
   -5.33333333    0.02323283   -0.06675370   -0.15431965
   -5.25000000    0.02276651   -0.06797052   -0.15629209
   -5.16666667    0.02226619   -0.06922267   -0.15829602
   -5.08333333    0.02172966   -0.07050951   -0.16033027
   -5.00000000    0.02115453   -0.07182967   -0.16239334
   -4.91666667    0.02053828   -0.07318269   -0.16448325
   -4.83333333    0.01987818   -0.07457023   -0.16659751
   -4.75000000    0.01917132   -0.07599591   -0.16873309
   -4.66666667    0.01841458   -0.07746399   -0.17088619
   -4.58333333    0.01760460   -0.07897764   -0.17305223
   -4.50000000    0.01673778   -0.08053785   -0.17522568
   -4.41666667    0.01581027   -0.08214384   -0.17739986
   -4.33333333    0.01481792   -0.08379458   -0.17956679
   -4.25000000    0.01375624   -0.08549065   -0.18171700
   -4.16666667    0.01262042   -0.08723520   -0.18383924
   -4.08333333    0.01140527   -0.08903329   -0.18592019
   -4.00000000    0.01010516   -0.09089013   -0.18794428
   -3.91666667    0.00871402   -0.09280919   -0.18989316
   -3.83333333    0.00722526   -0.09479140   -0.19174548
   -3.75000000    0.00563173   -0.09683611   -0.19347643
   -3.66666667    0.00392565   -0.09894311   -0.19505733
   -3.58333333    0.00209851   -0.10111462   -0.19645524
   -3.50000000    0.00014105   -0.10335585   -0.19763260
   -3.41666667   -0.00195688   -0.10567376   -0.19854691
   -3.33333333   -0.00420645   -0.10807475   -0.19915065
   -3.25000000   -0.00661988   -0.11056266   -0.19939128
   -3.16666667   -0.00921066   -0.11313853   -0.19921171
   -3.08333333   -0.01199365   -0.11580214   -0.19855118
   -3.00000000   -0.01498519   -0.11855464   -0.19734680
   -2.91666667   -0.01820331   -0.12140054   -0.19553589
   -2.83333333   -0.02166779   -0.12434767   -0.19305929
   -2.75000000   -0.02540028   -0.12740510   -0.18986591
   -2.66666667   -0.02942433   -0.13058024   -0.18591825
   -2.58333333   -0.03376541   -0.13387688   -0.18119903
   -2.50000000   -0.03845066   -0.13729545   -0.17571855
   -2.41666667   -0.04350866   -0.14083561   -0.16952176
   -2.33333333   -0.04896890   -0.14449932   -0.16269436
   -2.25000000   -0.05486093   -0.14829269   -0.15536669
   -2.16666667   -0.06121332   -0.15222492   -0.14771363
   -2.08333333   -0.06805224   -0.15630501   -0.13995011
   -2.00000000   -0.07539951   -0.16053789   -0.13232146
   -1.91666667   -0.08327062   -0.16492245   -0.12508909
   -1.83333333   -0.09167208   -0.16945272   -0.11851339
   -1.75000000   -0.10059894   -0.17412148   -0.11283583
   -1.66666667   -0.11003209   -0.17892393   -0.10826314
   -1.58333333   -0.11993587   -0.18385873   -0.10495567
   -1.50000000   -0.13025630   -0.18892515   -0.10302136
   -1.41666667   -0.14091989   -0.19411741   -0.10251558
   -1.33333333   -0.15183372   -0.19941926   -0.10344593
   -1.25000000   -0.16288668   -0.20480194   -0.10578061
   -1.16666667   -0.17395196   -0.21022690   -0.10945862
   -1.08333333   -0.18489092   -0.21565157   -0.11440020
   -1.00000000   -0.19555804   -0.22103433   -0.12051635
   -0.91666667   -0.20580643   -0.22633469   -0.12771682
   -0.83333333   -0.21549394   -0.23150760   -0.13591618
   -0.75000000   -0.22448887   -0.23649420   -0.14503819
   -0.66666667   -0.23267529   -0.24121492   -0.15501848
   -0.58333333   -0.23995722   -0.24557058   -0.16580613
   -0.50000000   -0.24626168   -0.24945423   -0.17736414
   -0.41666667   -0.25154028   -0.25277075   -0.18966949
   -0.33333333   -0.25576942   -0.25545682   -0.20271260
   -0.25000000   -0.25894925   -0.25749226   -0.21649666
   -0.16666667   -0.26110157   -0.25889678   -0.23103687
   -0.08333333   -0.26226692   -0.25971247   -0.24635953
    0.00000000   -0.26250118   -0.25997903   -0.26250118
    0.08333333   -0.26187202   -0.25971247   -0.27950760
    0.16666667   -0.26045536   -0.25889678   -0.29743275
    0.25000000   -0.25833204   -0.25749226   -0.31633736
    0.33333333   -0.25558488   -0.25545682   -0.33628711
    0.41666667   -0.25229625   -0.25277075   -0.35735010
    0.50000000   -0.24854600   -0.24945423   -0.37959319
    0.58333333   -0.24440998   -0.24557058   -0.40307667
    0.66666667   -0.23995894   -0.24121492   -0.42784665
    0.75000000   -0.23525784   -0.23649420   -0.45392376
    0.83333333   -0.23036548   -0.23150760   -0.48128728
    0.91666667   -0.22533440   -0.22633469   -0.50985225
    1.00000000   -0.22021098   -0.22103433   -0.53943747
    1.08333333   -0.21503568   -0.21565157   -0.56972167
    1.16666667   -0.20984346   -0.21022690   -0.60018460
    1.25000000   -0.20466409   -0.20480194   -0.63003179
    1.33333333   -0.19952271   -0.19941926   -0.65810337
    1.41666667   -0.19444028   -0.19411741   -0.68277603
    1.50000000   -0.18943396   -0.18892515   -0.70187898
    1.58333333   -0.18451768   -0.18385873   -0.71266554
    1.66666667   -0.17970244   -0.17892393   -0.71190748
    1.75000000   -0.17499677   -0.17412148   -0.69619496
    1.83333333   -0.17040705   -0.16945272   -0.66250497
    1.91666667   -0.16593781   -0.16492245   -0.60900945
    2.00000000   -0.16159202   -0.16053789   -0.53592527
    2.08333333   -0.15737138   -0.15630501   -0.44604426
    2.16666667   -0.15327643   -0.15222492   -0.34457714
    2.25000000   -0.14930688   -0.14829269   -0.23822309
    2.33333333   -0.14546164   -0.14449932   -0.13378177
    2.41666667   -0.14173903   -0.14083561   -0.03687814
    2.50000000   -0.13813692   -0.13729545    0.04876104
    2.58333333   -0.13465277   -0.13387688    0.12138771
    2.66666667   -0.13128376   -0.13058024    0.18086022
    2.75000000   -0.12802684   -0.12740510    0.22810139
    2.83333333   -0.12487883   -0.12434767    0.26459488
    2.91666667   -0.12183641   -0.12140054    0.29201102
    3.00000000   -0.11889624   -0.11855464    0.31197417
    3.08333333   -0.11605491   -0.11580214    0.32594261
    3.16666667   -0.11330903   -0.11313853    0.33516231
    3.25000000   -0.11065526   -0.11056266    0.34066424
    3.33333333   -0.10809027   -0.10807475    0.34328368
    3.41666667   -0.10561079   -0.10567376    0.34368764
    3.50000000   -0.10321366   -0.10335585    0.34240360
    3.58333333   -0.10089577   -0.10111462    0.33984602
    3.66666667   -0.09865408   -0.09894311    0.33633906
    3.75000000   -0.09648569   -0.09683611    0.33213549
    3.83333333   -0.09438776   -0.09479140    0.32743189
    3.91666667   -0.09235754   -0.09280919    0.32238083
    4.00000000   -0.09039243   -0.09089013    0.31710051
    4.08333333   -0.08848985   -0.08903329    0.31168221
    4.16666667   -0.08664740   -0.08723520    0.30619623
    4.25000000   -0.08486269   -0.08549065    0.30069638
    4.33333333   -0.08313350   -0.08379458    0.29522373
    4.41666667   -0.08145765   -0.08214384    0.28980929
    4.50000000   -0.07983307   -0.08053785    0.28447612
    4.58333333   -0.07825778   -0.07897764    0.27924125
    4.66666667   -0.07672987   -0.07746399    0.27411688
    4.75000000   -0.07524751   -0.07599591    0.26911137
    4.83333333   -0.07380895   -0.07457023    0.26423021
    4.91666667   -0.07241254   -0.07318269    0.25947666
    5.00000000   -0.07105666   -0.07182967    0.25485207
    5.08333333   -0.06973979   -0.07050951    0.25035655
    5.16666667   -0.06846046   -0.06922267    0.24598914
    5.25000000   -0.06721726   -0.06797052    0.24174803
    5.33333333   -0.06600885   -0.06675370    0.23763087
    5.41666667   -0.06483396   -0.06557104    0.23363490
    5.50000000   -0.06369134   -0.06441958    0.22975696
    5.58333333   -0.06257983   -0.06329582    0.22599376
    5.66666667   -0.06149830   -0.06219727    0.22234188
    5.75000000   -0.06044566   -0.06112336    0.21879776
    5.83333333   -0.05942089   -0.06007513    0.21535786
    5.91666667   -0.05842300   -0.05905399    0.21201867
    6.00000000   -0.05745104   -0.05806032    0.20877666
    6.08333333   -0.05650410   -0.05709269    0.20562842
    6.16666667   -0.05558133   -0.05614834    0.20257059
    6.25000000   -0.05468187   -0.05522445    0.19959987
    6.33333333   -0.05380493   -0.05431944    0.19671310
    6.41666667   -0.05294976   -0.05343349    0.19390723
    6.50000000   -0.05211561   -0.05256797    0.19117925
    6.58333333   -0.05130179   -0.05172414    0.18852630
    6.66666667   -0.05050761   -0.05090200    0.18594566
    6.75000000   -0.04973243   -0.05009994    0.18343464
    6.83333333   -0.04897563   -0.04931541    0.18099069
    6.91666667   -0.04823661   -0.04854621    0.17861140
    7.00000000   -0.04751479   -0.04779150    0.17629438
    7.08333333   -0.04680964   -0.04705199    0.17403740
    7.16666667   -0.04612061   -0.04632916    0.17183831
    7.25000000   -0.04544721   -0.04562402    0.16969501
    7.33333333   -0.04478893   -0.04493619    0.16760555
    7.41666667   -0.04414533   -0.04426391    0.16556803
    7.50000000   -0.04351593   -0.04360491    0.16358060
    7.58333333   -0.04290030   -0.04295754    0.16164155
    7.66666667   -0.04229805   -0.04232158    0.15974920
    7.75000000   -0.04170874   -0.04169811    0.15790195
    7.83333333   -0.04113201   -0.04108854    0.15609827
    7.91666667   -0.04056747   -0.04049357    0.15433670
    8.00000000   -0.04001477   -0.03991249    0.15261581
    8.08333333   -0.03947357   -0.03934346    0.15093428
    8.16666667   -0.03894352   -0.03878450    0.14929078
    8.25000000   -0.03842432   -0.03823450    0.14768412
    8.33333333   -0.03791564   -0.03769374    0.14611308
    8.41666667   -0.03741719   -0.03716350    0.14457650
    8.50000000   -0.03692869   -0.03664505    0.14307333
    8.58333333   -0.03644985   -0.03613872    0.14160250
    8.66666667   -0.03598041   -0.03564353    0.14016298
    8.75000000   -0.03552010   -0.03515764    0.13875384
    8.83333333   -0.03506869   -0.03467940    0.13737412
    8.91666667   -0.03462592   -0.03420820    0.13602292
    9.00000000   -0.03419157   -0.03374469    0.13469942
    9.08333333   -0.03376541   -0.03329024    0.13340275
    9.16666667   -0.03334721   -0.03284590    0.13213213
    9.25000000   -0.03293678   -0.03241166    0.13088681
    9.33333333   -0.03253392   -0.03198628    0.12966604
    9.41666667   -0.03213840   -0.03156804    0.12846910
    9.50000000   -0.03175007   -0.03115561    0.12729533
    9.58333333   -0.03136873   -0.03074885    0.12614407
    9.66666667   -0.03099419   -0.03034868    0.12501466
    9.75000000   -0.03062629   -0.02995646    0.12390653
    9.83333333   -0.03026487   -0.02957296    0.12281908
    9.91666667   -0.02990975   -0.02919784    0.12175172
   10.00000000   -0.02956080   -0.02882971    0.12070393
   10.08333333   -0.02921784   -0.02846699    0.11967517
   10.16666667   -0.02888074   -0.02810872    0.11866492
   10.25000000   -0.02854936   -0.02775514    0.11767272
   10.33333333   -0.02822356   -0.02740737    0.11669808
   10.41666667   -0.02790319   -0.02706665    0.11574053
   10.50000000   -0.02758815   -0.02673348    0.11479964
   10.58333333   -0.02727829   -0.02640719    0.11387499
   10.66666667   -0.02697350   -0.02608635    0.11296614
   10.75000000   -0.02667366   -0.02576953    0.11207272
   10.83333333   -0.02637866   -0.02545617    0.11119434
   10.91666667   -0.02608837   -0.02514682    0.11033059
   11.00000000   -0.02580271   -0.02484271    0.10948116
   11.08333333   -0.02552155   -0.02454492    0.10864567
   11.16666667   -0.02524481   -0.02425363    0.10782378
   11.25000000   -0.02497238   -0.02396792    0.10701518
   11.33333333   -0.02470416   -0.02368635    0.10621954
   11.41666667   -0.02444006   -0.02340774    0.10543655
   11.50000000   -0.02417999   -0.02313187    0.10466592
   11.58333333   -0.02392387   -0.02285955    0.10390736
   11.66666667   -0.02367160   -0.02259203    0.10316058
   11.75000000   -0.02342311   -0.02233020    0.10242532
   11.83333333   -0.02317831   -0.02207391    0.10170131
   11.91666667   -0.02293713   -0.02182207    0.10098830
   12.00000000   -0.02269948   -0.02157327    0.10028604
   12.08333333   -0.02246530   -0.02132660    0.09959429
   12.16666667   -0.02223451   -0.02108218    0.09891281
   12.25000000   -0.02200704   -0.02084101    0.09824139
   12.33333333   -0.02178283   -0.02060430    0.09757980
   12.41666667   -0.02156179   -0.02037269    0.09692781
   12.50000000   -0.02134388   -0.02014574    0.09628525
   12.58333333   -0.02112903   -0.01992224    0.09565188
   12.66666667   -0.02091717   -0.01970087    0.09502753
   12.75000000   -0.02070824   -0.01948100    0.09441200
   12.83333333   -0.02050220   -0.01926304    0.09380510
   12.91666667   -0.02029897   -0.01904815    0.09320665
   13.00000000   -0.02009851   -0.01883744    0.09261650
   13.08333333   -0.01990076   -0.01863125    0.09203445
   13.16666667   -0.01970566   -0.01842892    0.09146033
   13.25000000   -0.01951317   -0.01822913    0.09089401
   13.33333333   -0.01932324   -0.01803072    0.09033531
   13.41666667   -0.01913581   -0.01783334    0.08978409
   13.50000000   -0.01895084   -0.01763769    0.08924019
   13.58333333   -0.01876829   -0.01744497    0.08870347
   13.66666667   -0.01858810   -0.01725616    0.08817378
   13.75000000   -0.01841023   -0.01707134    0.08765100
   13.83333333   -0.01823464   -0.01688960    0.08713499
   13.91666667   -0.01806129   -0.01670960    0.08662562
   14.00000000   -0.01789014   -0.01653035    0.08612275
   14.08333333   -0.01772115   -0.01635180    0.08562628
   14.16666667   -0.01755426   -0.01617485    0.08513606
   14.25000000   -0.01738946   -0.01600077    0.08465200
   14.33333333   -0.01722670   -0.01583034    0.08417397
   14.41666667   -0.01706594   -0.01566334    0.08370185
   14.50000000   -0.01690715   -0.01549870    0.08323555
   14.58333333   -0.01675030   -0.01533505    0.08277496
   14.66666667   -0.01659534   -0.01517163    0.08231997
   14.75000000   -0.01644225   -0.01500867    0.08187048
   14.83333333   -0.01629100   -0.01484728    0.08142639
   14.91666667   -0.01614154   -0.01468869    0.08098759
   15.00000000   -0.01599386   -0.01453346    0.08055402
   15.08333333   -0.01584792   -0.01438112    0.08012556
   15.16666667   -0.01570368   -0.01423040    0.07970212
   15.25000000   -0.01556113   -0.01408000    0.07928363
   15.33333333   -0.01542024   -0.01392938    0.07886999
   15.41666667   -0.01528096   -0.01377905    0.07846112
   15.50000000   -0.01514329   -0.01363028    0.07805694
   15.58333333   -0.01500718   -0.01348423    0.07765737
   15.66666667   -0.01487263   -0.01334125    0.07726232
   15.75000000   -0.01473959   -0.01320057    0.07687173
   15.83333333   -0.01460804   -0.01306078    0.07648552
   15.91666667   -0.01447797   -0.01292065    0.07610360
   16.00000000   -0.01434934   -0.01277988    0.07572593
   16.08333333   -0.01422214   -0.01263927    0.07535241
   16.16666667   -0.01409634   -0.01250021    0.07498300
   16.25000000   -0.01397191   -0.01236379    0.07461761
   16.33333333   -0.01384884   -0.01223008    0.07425618
   16.41666667   -0.01372711   -0.01209804    0.07389865
   16.50000000   -0.01360669   -0.01196610    0.07354496
   16.58333333   -0.01348756   -0.01183313    0.07319503
   16.66666667   -0.01336970   -0.01169907    0.07284883
   16.75000000   -0.01325310   -0.01156503    0.07250628
   16.83333333   -0.01313773   -0.01143251    0.07216732
   16.91666667   -0.01302357   -0.01130252    0.07183192
   17.00000000   -0.01291061   -0.01117480    0.07149999
   17.08333333   -0.01279883   -0.01104800    0.07117149
   17.16666667   -0.01268821   -0.01092039    0.07084638
   17.25000000   -0.01257872   -0.01079090    0.07052459
   17.33333333   -0.01247037   -0.01065978    0.07020608
   17.41666667   -0.01236312   -0.01052845    0.06989080
   17.50000000   -0.01225696   -0.01039858    0.06957869
   17.58333333   -0.01215188   -0.01027102    0.06926971
   17.66666667   -0.01204786   -0.01014519    0.06896382
   17.75000000   -0.01194488   -0.01001928    0.06866096
   17.83333333   -0.01184293   -0.00989131    0.06836110
   17.91666667   -0.01174200   -0.00976028    0.06806418
   18.00000000   -0.01164206   -0.00962680    0.06777017
   18.08333333   -0.01154310   -0.00949269    0.06747902
   18.16666667   -0.01144512   -0.00935985    0.06719069
   18.25000000   -0.01134809   -0.00922900    0.06690514
   18.33333333   -0.01125201   -0.00909901    0.06662233
   18.41666667   -0.01115686   -0.00896744    0.06634223
   18.50000000   -0.01106262   -0.00883182    0.06606478
   18.58333333   -0.01096928   -0.00869115    0.06578996
   18.66666667   -0.01087684   -0.00854648    0.06551773
   18.75000000   -0.01078527   -0.00840035    0.06524804
   18.83333333   -0.01069457   -0.00825514    0.06498087
   18.91666667   -0.01060472   -0.00811143    0.06471619
   19.00000000   -0.01051572   -0.00796726    0.06445394
   19.08333333   -0.01042754   -0.00781887    0.06419411
   19.16666667   -0.01034019   -0.00766268    0.06393666
   19.25000000   -0.01025364   -0.00749738    0.06368156
   19.33333333   -0.01016789   -0.00732499    0.06342876
   19.41666667   -0.01008293   -0.00714996    0.06317826
   19.50000000   -0.00999875   -0.00697681    0.06293000
   19.58333333   -0.00991532   -0.00680721    0.06268397
   19.66666667   -0.00983266   -0.00663826    0.06244013
   19.75000000   -0.00975074   -0.00646302    0.06219845
   19.83333333   -0.00966955   -0.00627331    0.06195890
   19.91666667   -0.00958910   -0.00606357    0.06172147
   20.00000000   -0.00950935   -0.00583409    0.06148611
