  -20.00000000   -0.03362243   -0.00216479   -0.07507088
  -19.91666667   -0.03375925   -0.00213266   -0.07530959
  -19.83333333   -0.03389762   -0.00212988   -0.07555014
  -19.75000000   -0.03403758   -0.00215735   -0.07579255
  -19.66666667   -0.03417915   -0.00220793   -0.07603683
  -19.58333333   -0.03432236   -0.00227023   -0.07628301
  -19.50000000   -0.03446724   -0.00233355   -0.07653112
  -19.41666667   -0.03461381   -0.00239164   -0.07678117
  -19.33333333   -0.03476210   -0.00244402   -0.07703319
  -19.25000000   -0.03491214   -0.00249439   -0.07728720
  -19.16666667   -0.03506395   -0.00254750   -0.07754323
  -19.08333333   -0.03521757   -0.00260608   -0.07780130
  -19.00000000   -0.03537303   -0.00266944   -0.07806143
  -18.91666667   -0.03553036   -0.00273417   -0.07832366
  -18.83333333   -0.03568958   -0.00279627   -0.07858800
  -18.75000000   -0.03585074   -0.00285342   -0.07885449
  -18.66666667   -0.03601386   -0.00290608   -0.07912314
  -18.58333333   -0.03617897   -0.00295693   -0.07939398
  -18.50000000   -0.03634612   -0.00300914   -0.07966706
  -18.41666667   -0.03651534   -0.00306450   -0.07994238
  -18.33333333   -0.03668665   -0.00312246   -0.08021998
  -18.25000000   -0.03686010   -0.00318069   -0.08049990
  -18.16666667   -0.03703573   -0.00323656   -0.08078215
  -18.08333333   -0.03721357   -0.00328872   -0.08106676
  -18.00000000   -0.03739366   -0.00333784   -0.08135378
  -17.91666667   -0.03757605   -0.00338614   -0.08164323
  -17.83333333   -0.03776076   -0.00343598   -0.08193513
  -17.75000000   -0.03794785   -0.00348849   -0.08222953
  -17.66666667   -0.03813736   -0.00354297   -0.08252645
  -17.58333333   -0.03832932   -0.00359741   -0.08282592
  -17.50000000   -0.03852379   -0.00364976   -0.08312800
  -17.41666667   -0.03872080   -0.00369920   -0.08343270
  -17.33333333   -0.03892041   -0.00374659   -0.08374005
  -17.25000000   -0.03912267   -0.00379392   -0.08405011
  -17.16666667   -0.03932761   -0.00384308   -0.08436291
  -17.08333333   -0.03953530   -0.00389474   -0.08467846
  -17.00000000   -0.03974577   -0.00394800   -0.08499683
  -16.91666667   -0.03995910   -0.00400099   -0.08531804
  -16.83333333   -0.04017531   -0.00405205   -0.08564214
  -16.75000000   -0.04039448   -0.00410076   -0.08596916
  -16.66666667   -0.04061666   -0.00414815   -0.08629915
  -16.58333333   -0.04084189   -0.00419609   -0.08663214
  -16.50000000   -0.04107025   -0.00424613   -0.08696818
  -16.41666667   -0.04130180   -0.00429856   -0.08730732
  -16.33333333   -0.04153658   -0.00435228   -0.08764958
  -16.25000000   -0.04177467   -0.00440550   -0.08799503
  -16.16666667   -0.04201613   -0.00445689   -0.08834371
  -16.08333333   -0.04226102   -0.00450635   -0.08869565
  -16.00000000   -0.04250942   -0.00455513   -0.08905091
  -15.91666667   -0.04276139   -0.00460500   -0.08940954
  -15.83333333   -0.04301700   -0.00465719   -0.08977158
  -15.75000000   -0.04327633   -0.00471165   -0.09013709
  -15.66666667   -0.04353944   -0.00476708   -0.09050611
  -15.58333333   -0.04380642   -0.00482179   -0.09087871
  -15.50000000   -0.04407734   -0.00487474   -0.09125492
  -15.41666667   -0.04435228   -0.00492618   -0.09163481
  -15.33333333   -0.04463133   -0.00497752   -0.09201843
  -15.25000000   -0.04491457   -0.00503044   -0.09240584
  -15.16666667   -0.04520207   -0.00508584   -0.09279709
  -15.08333333   -0.04549395   -0.00514334   -0.09319225
  -15.00000000   -0.04579027   -0.00520150   -0.09359137
  -14.91666667   -0.04609114   -0.00525872   -0.09399451
  -14.83333333   -0.04639665   -0.00531429   -0.09440175
  -14.75000000   -0.04670690   -0.00536877   -0.09481313
  -14.66666667   -0.04702198   -0.00542373   -0.09522874
  -14.58333333   -0.04734202   -0.00548069   -0.09564863
  -14.50000000   -0.04766709   -0.00554026   -0.09607286
  -14.41666667   -0.04799732   -0.00560170   -0.09650152
  -14.33333333   -0.04833282   -0.00566347   -0.09693468
  -14.25000000   -0.04867369   -0.00572412   -0.09737239
  -14.16666667   -0.04902007   -0.00578326   -0.09781475
  -14.08333333   -0.04937206   -0.00584180   -0.09826183
  -14.00000000   -0.04972979   -0.00590137   -0.09871369
  -13.91666667   -0.05009339   -0.00596335   -0.09917043
  -13.83333333   -0.05046299   -0.00602796   -0.09963213
  -13.75000000   -0.05083872   -0.00609419   -0.10009887
  -13.66666667   -0.05122072   -0.00616039   -0.10057072
  -13.58333333   -0.05160913   -0.00622534   -0.10104780
  -13.50000000   -0.05200410   -0.00628901   -0.10153016
  -13.41666667   -0.05240576   -0.00635261   -0.10201792
  -13.33333333   -0.05281429   -0.00641782   -0.10251117
  -13.25000000   -0.05322984   -0.00648575   -0.10300999
  -13.16666667   -0.05365255   -0.00655628   -0.10351449
  -13.08333333   -0.05408262   -0.00662810   -0.10402478
  -13.00000000   -0.05452019   -0.00669955   -0.10454094
  -12.91666667   -0.05496546   -0.00676970   -0.10506309
  -12.83333333   -0.05541860   -0.00683890   -0.10559134
  -12.75000000   -0.05587979   -0.00690861   -0.10612579
  -12.66666667   -0.05634923   -0.00698047   -0.10666656
  -12.58333333   -0.05682711   -0.00705532   -0.10721377
  -12.50000000   -0.05731364   -0.00713263   -0.10776753
  -12.41666667   -0.05780903   -0.00721086   -0.10832796
  -12.33333333   -0.05831348   -0.00728844   -0.10889521
  -12.25000000   -0.05882722   -0.00736474   -0.10946938
  -12.16666667   -0.05935048   -0.00744051   -0.11005062
  -12.08333333   -0.05988349   -0.00751742   -0.11063906
  -12.00000000   -0.06042648   -0.00759701   -0.11123484
  -11.91666667   -0.06097971   -0.00767975   -0.11183809
  -11.83333333   -0.06154344   -0.00776473   -0.11244899
  -11.75000000   -0.06211791   -0.00785024   -0.11306766
  -11.66666667   -0.06270340   -0.00793484   -0.11369426
  -11.58333333   -0.06330020   -0.00801830   -0.11432897
  -11.50000000   -0.06390857   -0.00810176   -0.11497192
  -11.41666667   -0.06452882   -0.00818703   -0.11562331
  -11.33333333   -0.06516126   -0.00827545   -0.11628330
  -11.25000000   -0.06580618   -0.00836708   -0.11695207
  -11.16666667   -0.06646392   -0.00846063   -0.11762980
  -11.08333333   -0.06713480   -0.00855429   -0.11831668
  -11.00000000   -0.06781917   -0.00864688   -0.11901291
  -10.91666667   -0.06851736   -0.00873860   -0.11971868
  -10.83333333   -0.06922976   -0.00883094   -0.12043422
  -10.75000000   -0.06995672   -0.00892575   -0.12115971
  -10.66666667   -0.07069863   -0.00902411   -0.12189538
  -10.58333333   -0.07145589   -0.00912561   -0.12264147
  -10.50000000   -0.07222889   -0.00922862   -0.12339820
  -10.41666667   -0.07301806   -0.00933135   -0.12416581
  -10.33333333   -0.07382384   -0.00943292   -0.12494455
  -10.25000000   -0.07464664   -0.00953402   -0.12573467
  -10.16666667   -0.07548695   -0.00963643   -0.12653644
  -10.08333333   -0.07634523   -0.00974197   -0.12735014
  -10.00000000   -0.07722195   -0.00985132   -0.12817603
   -9.91666667   -0.07811762   -0.00996361   -0.12901442
   -9.83333333   -0.07903276   -0.01007693   -0.12986560
   -9.75000000   -0.07996788   -0.01018957   -0.13072988
   -9.66666667   -0.08092353   -0.01030110   -0.13160758
   -9.58333333   -0.08190028   -0.01041265   -0.13249904
   -9.50000000   -0.08289868   -0.01052626   -0.13340459
   -9.41666667   -0.08391934   -0.01064359   -0.13432460
   -9.33333333   -0.08496286   -0.01076483   -0.13525944
   -9.25000000   -0.08602986   -0.01088864   -0.13620947
   -9.16666667   -0.08712098   -0.01101292   -0.13717509
   -9.08333333   -0.08823690   -0.01113616   -0.13815674
   -9.00000000   -0.08937827   -0.01125842   -0.13915481
   -8.91666667   -0.09054579   -0.01138131   -0.14016975
   -8.83333333   -0.09174019   -0.01150700   -0.14120204
   -8.75000000   -0.09296217   -0.01163685   -0.14225212
   -8.66666667   -0.09421250   -0.01177051   -0.14332050
   -8.58333333   -0.09549195   -0.01190618   -0.14440771
   -8.50000000   -0.09680129   -0.01204165   -0.14551425
   -8.41666667   -0.09814133   -0.01217574   -0.14664069
   -8.33333333   -0.09951291   -0.01230908   -0.14778762
   -8.25000000   -0.10091684   -0.01244368   -0.14895562
   -8.16666667   -0.10235399   -0.01258173   -0.15014533
   -8.08333333   -0.10382524   -0.01272415   -0.15135740
   -8.00000000   -0.10533147   -0.01287000   -0.15259251
   -7.91666667   -0.10687359   -0.01301703   -0.15385137
   -7.83333333   -0.10845251   -0.01316306   -0.15513471
   -7.75000000   -0.11006918   -0.01330736   -0.15644332
   -7.66666667   -0.11172455   -0.01345113   -0.15777801
   -7.58333333   -0.11341954   -0.01359673   -0.15913961
   -7.50000000   -0.11515516   -0.01374619   -0.16052901
   -7.41666667   -0.11693235   -0.01389988   -0.16194715
   -7.33333333   -0.11875209   -0.01405619   -0.16339498
   -7.25000000   -0.12061538   -0.01421249   -0.16487354
   -7.16666667   -0.12252318   -0.01436675   -0.16638388
   -7.08333333   -0.12447644   -0.01451879   -0.16792711
   -7.00000000   -0.12647616   -0.01467039   -0.16950443
   -6.91666667   -0.12852327   -0.01482411   -0.17111706
   -6.83333333   -0.13061869   -0.01498168   -0.17276630
   -6.75000000   -0.13276334   -0.01514270   -0.17445353
   -6.66666667   -0.13495810   -0.01530488   -0.17618018
   -6.58333333   -0.13720378   -0.01546530   -0.17794776
   -6.50000000   -0.13950121   -0.01562217   -0.17975789
   -6.41666667   -0.14185110   -0.01577595   -0.18161226
   -6.33333333   -0.14425413   -0.01592893   -0.18351264
   -6.25000000   -0.14671091   -0.01608373   -0.18546095
   -6.16666667   -0.14922195   -0.01624148   -0.18745918
   -6.08333333   -0.15178765   -0.01640091   -0.18950943
   -6.00000000   -0.15440835   -0.01655895   -0.19161398
   -5.91666667   -0.15708420   -0.01671244   -0.19377521
   -5.83333333   -0.15981523   -0.01685999   -0.19599564
   -5.75000000   -0.16260132   -0.01700267   -0.19827800
   -5.66666667   -0.16544216   -0.01714320   -0.20062516
   -5.58333333   -0.16833720   -0.01728394   -0.20304016
   -5.50000000   -0.17128573   -0.01742515   -0.20552631
   -5.41666667   -0.17428673   -0.01756443   -0.20808709
   -5.33333333   -0.17733890   -0.01769784   -0.21072622
   -5.25000000   -0.18044069   -0.01782205   -0.21344774
   -5.16666667   -0.18359014   -0.01793609   -0.21625594
   -5.08333333   -0.18678493   -0.01804158   -0.21915540
   -5.00000000   -0.19002237   -0.01814137   -0.22215113
   -4.91666667   -0.19329927   -0.01823718   -0.22524844
   -4.83333333   -0.19661195   -0.01832793   -0.22845307
   -4.75000000   -0.19995626   -0.01840974   -0.23177128
   -4.66666667   -0.20332741   -0.01847764   -0.23520975
   -4.58333333   -0.20671997   -0.01852804   -0.23877574
   -4.50000000   -0.21012791   -0.01856025   -0.24247717
   -4.41666667   -0.21354443   -0.01857622   -0.24632258
   -4.33333333   -0.21696191   -0.01857840   -0.25032124
   -4.25000000   -0.22037198   -0.01856718   -0.25448333
   -4.16666667   -0.22376530   -0.01853943   -0.25881987
   -4.08333333   -0.22713160   -0.01848916   -0.26334288
   -4.00000000   -0.23045963   -0.01840994   -0.26806559
   -3.91666667   -0.23373700   -0.01829754   -0.27300239
   -3.83333333   -0.23695023   -0.01815120   -0.27816910
   -3.75000000   -0.24008458   -0.01797248   -0.28358301
   -3.66666667   -0.24312406   -0.01776248   -0.28926316
   -3.58333333   -0.24605132   -0.01751900   -0.29523042
   -3.50000000   -0.24884757   -0.01723558   -0.30150763
   -3.41666667   -0.25149252   -0.01690294   -0.30811990
   -3.33333333   -0.25396429   -0.01651217   -0.31509467
   -3.25000000   -0.25623927   -0.01605755   -0.32246179
   -3.16666667   -0.25829210   -0.01553712   -0.33025368
   -3.08333333   -0.26009552   -0.01495068   -0.33850517
   -3.00000000   -0.26162022   -0.01429608   -0.34725311
   -2.91666667   -0.26283474   -0.01356632   -0.35653581
   -2.83333333   -0.26370534   -0.01274923   -0.36639165
   -2.75000000   -0.26419574   -0.01183005   -0.37685660
   -2.66666667   -0.26426703   -0.01079548   -0.38796038
   -2.58333333   -0.26387742   -0.00963648   -0.39971950
   -2.50000000   -0.26298203   -0.00834806   -0.41212578
   -2.41666667   -0.26153265   -0.00692586   -0.42512734
   -2.33333333   -0.25947753   -0.00536163   -0.43859628
   -2.25000000   -0.25676122   -0.00364032   -0.45227400
   -2.16666667   -0.25332436   -0.00174092   -0.46567795
   -2.08333333   -0.24910367    0.00035926   -0.47794024
   -2.00000000   -0.24403213    0.00267934   -0.48752700
   -1.91666667   -0.23803924    0.00523198   -0.49175132
   -1.83333333   -0.23105180    0.00802463   -0.48594226
   -1.75000000   -0.22299514    0.01106457   -0.46211130
   -1.66666667   -0.21379502    0.01436432   -0.40715694
   -1.58333333   -0.20338052    0.01794369   -0.30173147
   -1.50000000   -0.19168787    0.02182642   -0.12420490
   -1.41666667   -0.17866595    0.02603242    0.13130267
   -1.33333333   -0.16428321    0.03056959    0.42386723
   -1.25000000   -0.14853612    0.03542969    0.66569261
   -1.16666667   -0.13145944    0.04059052    0.78980063
   -1.08333333   -0.11313726    0.04602257    0.80106743
   -1.00000000   -0.09371394    0.05169502    0.74487487
   -0.91666667   -0.07340377    0.05757553    0.66190661
   -0.83333333   -0.05249653    0.06362115    0.57511568
   -0.75000000   -0.03135702    0.06976309    0.49437857
   -0.66666667   -0.01041572    0.07589264    0.42278417
   -0.58333333    0.00985048    0.08185667    0.36047971
   -0.50000000    0.02894754    0.08746791    0.30653650
   -0.41666667    0.04640096    0.09252853    0.25975542
   -0.33333333    0.06179489    0.09685909    0.21898180
   -0.25000000    0.07480771    0.10032207    0.18320830
   -0.16666667    0.08523763    0.10283128    0.15159241
   -0.08333333    0.09301424    0.10434531    0.12344242
    0.00000000    0.09819456    0.10485072    0.09819456
    0.08333333    0.10094567    0.10434531    0.07538991
    0.16666667    0.10151816    0.10283128    0.05465431
    0.25000000    0.10021570    0.10032207    0.03568167
    0.33333333    0.09736567    0.09685909    0.01822060
    0.41666667    0.09329431    0.09252853    0.00206386
    0.50000000    0.08830802    0.08746791   -0.01295996
    0.58333333    0.08268130    0.08185667   -0.02699300
    0.66666667    0.07665045    0.07589264   -0.04015324
    0.75000000    0.07041190    0.06976309   -0.05253850
    0.83333333    0.06412363    0.06362115   -0.06422959
    0.91666667    0.05790872    0.05757553   -0.07529281
    1.00000000    0.05185978    0.05169502   -0.08578176
    1.08333333    0.04604370    0.04602257   -0.09573894
    1.16666667    0.04050630    0.04059052   -0.10519671
    1.25000000    0.03527653    0.03542969   -0.11417825
    1.33333333    0.03037010    0.03056959   -0.12269799
    1.41666667    0.02579263    0.02603242   -0.13076205
    1.50000000    0.02154212    0.02182642   -0.13836845
    1.58333333    0.01761111    0.01794369   -0.14550705
    1.66666667    0.01398824    0.01436432   -0.15215954
    1.75000000    0.01065952    0.01106457   -0.15829925
    1.83333333    0.00760940    0.00802463   -0.16389087
    1.91666667    0.00482141    0.00523198   -0.16889014
    2.00000000    0.00227879    0.00267934   -0.17324359
    2.08333333   -0.00003514    0.00035926   -0.17688824
    2.16666667   -0.00213668   -0.00174092   -0.17975146
    2.25000000   -0.00404153   -0.00364032   -0.18175094
    2.33333333   -0.00576469   -0.00536163   -0.18279501
    2.41666667   -0.00732037   -0.00692586   -0.18278321
    2.50000000   -0.00872192   -0.00834806   -0.18160741
    2.58333333   -0.00998185   -0.00963648   -0.17915354
    2.66666667   -0.01111183   -0.01079548   -0.17530402
    2.75000000   -0.01212269   -0.01183005   -0.16994116
    2.83333333   -0.01302446   -0.01274923   -0.16295136
    2.91666667   -0.01382645   -0.01356632   -0.15423049
    3.00000000   -0.01453721   -0.01429608   -0.14369021
    3.08333333   -0.01516463   -0.01495068   -0.13126496
    3.16666667   -0.01571599   -0.01553712   -0.11691956
    3.25000000   -0.01619796   -0.01605755   -0.10065695
    3.33333333   -0.01661667   -0.01651217   -0.08252495
    3.41666667   -0.01697776   -0.01690294   -0.06262187
    3.50000000   -0.01728639   -0.01723558   -0.04110006
    3.58333333   -0.01754730   -0.01751900   -0.01816592
    3.66666667   -0.01776481   -0.01776248    0.00592316
    3.75000000   -0.01794292   -0.01797248    0.03086555
    3.83333333   -0.01808524   -0.01815120    0.05632634
    3.91666667   -0.01819513   -0.01829754    0.08195060
    4.00000000   -0.01827562   -0.01840994    0.10737833
    4.08333333   -0.01832952   -0.01848916    0.13226074
    4.16666667   -0.01835936   -0.01853943    0.15627422
    4.25000000   -0.01836750   -0.01856718    0.17913367
    4.33333333   -0.01835606   -0.01857840    0.20060079
    4.41666667   -0.01832701   -0.01857622    0.22049011
    4.50000000   -0.01828212   -0.01856025    0.23867109
    4.58333333   -0.01822304   -0.01852804    0.25506593
    4.66666667   -0.01815125   -0.01847764    0.26964568
    4.75000000   -0.01806813   -0.01840974    0.28242439
    4.83333333   -0.01797493   -0.01832793    0.29345131
    4.91666667   -0.01787277   -0.01823718    0.30280367
    5.00000000   -0.01776271   -0.01814137    0.31057938
    5.08333333   -0.01764569   -0.01804158    0.31689003
    5.16666667   -0.01752258   -0.01793609    0.32185518
    5.25000000   -0.01739417   -0.01782205    0.32559761
    5.33333333   -0.01726119   -0.01769784    0.32823925
    5.41666667   -0.01712430   -0.01756443    0.32989840
    5.50000000   -0.01698409   -0.01742515    0.33068765
    5.58333333   -0.01684111   -0.01728394    0.33071241
    5.66666667   -0.01669586   -0.01714320    0.33007019
    5.75000000   -0.01654880   -0.01700267    0.32885018
    5.83333333   -0.01640032   -0.01685999    0.32713322
    5.91666667   -0.01625081   -0.01671244    0.32499208
    6.00000000   -0.01610061   -0.01655895    0.32249171
    6.08333333   -0.01595001   -0.01640091    0.31968987
    6.16666667   -0.01579931   -0.01624148    0.31663761
    6.25000000   -0.01564874   -0.01608373    0.31337981
    6.33333333   -0.01549855   -0.01592893    0.30995583
    6.41666667   -0.01534892   -0.01577595    0.30640005
    6.50000000   -0.01520005   -0.01562217    0.30274232
    6.58333333   -0.01505210   -0.01546530    0.29900855
    6.66666667   -0.01490522   -0.01530488    0.29522116
    6.75000000   -0.01475953   -0.01514270    0.29139936
    6.83333333   -0.01461516   -0.01498168    0.28755972
    6.91666667   -0.01447222   -0.01482411    0.28371639
    7.00000000   -0.01433078   -0.01467039    0.27988135
    7.08333333   -0.01419094   -0.01451879    0.27606482
    7.16666667   -0.01405276   -0.01436675    0.27227541
    7.25000000   -0.01391630   -0.01421249    0.26852028
    7.33333333   -0.01378162   -0.01405619    0.26480542
    7.41666667   -0.01364876   -0.01389988    0.26113581
    7.50000000   -0.01351776   -0.01374619    0.25751542
    7.58333333   -0.01338866   -0.01359673    0.25394751
    7.66666667   -0.01326147   -0.01345113    0.25043467
    7.75000000   -0.01313622   -0.01330736    0.24697883
    7.83333333   -0.01301291   -0.01316306    0.24358149
    7.91666667   -0.01289158   -0.01301703    0.24024369
    8.00000000   -0.01277221   -0.01287000    0.23696608
    8.08333333   -0.01265481   -0.01272415    0.23374904
    8.16666667   -0.01253938   -0.01258173    0.23059262
    8.25000000   -0.01242593   -0.01244368    0.22749674
    8.33333333   -0.01231444   -0.01230908    0.22446102
    8.41666667   -0.01220490   -0.01217574    0.22148496
    8.50000000   -0.01209730   -0.01204165    0.21856797
    8.58333333   -0.01199164   -0.01190618    0.21570929
    8.66666667   -0.01188789   -0.01177051    0.21290805
    8.75000000   -0.01178605   -0.01163685    0.21016340
    8.83333333   -0.01168608   -0.01150700    0.20747436
    8.91666667   -0.01158798   -0.01138131    0.20483987
    9.00000000   -0.01149173   -0.01125842    0.20225895
    9.08333333   -0.01139730   -0.01113616    0.19973048
    9.16666667   -0.01130467   -0.01101292    0.19725336
    9.25000000   -0.01121382   -0.01088864    0.19482652
    9.33333333   -0.01112473   -0.01076483    0.19244883
    9.41666667   -0.01103737   -0.01064359    0.19011916
    9.50000000   -0.01095172   -0.01052626    0.18783645
    9.58333333   -0.01086776   -0.01041265    0.18559959
    9.66666667   -0.01078545   -0.01030110    0.18340745
    9.75000000   -0.01070478   -0.01018957    0.18125901
    9.83333333   -0.01062572   -0.01007693    0.17915320
    9.91666667   -0.01054825   -0.00996361    0.17708894
   10.00000000   -0.01047234   -0.00985132    0.17506527
   10.08333333   -0.01039796   -0.00974197    0.17308116
   10.16666667   -0.01032509   -0.00963643    0.17113560
   10.25000000   -0.01025371   -0.00953402    0.16922768
   10.33333333   -0.01018379   -0.00943292    0.16735644
   10.41666667   -0.01011530   -0.00933135    0.16552094
   10.50000000   -0.01004822   -0.00922862    0.16372033
   10.58333333   -0.00998252   -0.00912561    0.16195371
   10.66666667   -0.00991819   -0.00902411    0.16022021
   10.75000000   -0.00985519   -0.00892575    0.15851905
   10.83333333   -0.00979351   -0.00883094    0.15684940
   10.91666667   -0.00973311   -0.00873860    0.15521046
   11.00000000   -0.00967398   -0.00864688    0.15360149
   11.08333333   -0.00961609   -0.00855429    0.15202174
   11.16666667   -0.00955942   -0.00846063    0.15047046
   11.25000000   -0.00950395   -0.00836708    0.14894699
   11.33333333   -0.00944965   -0.00827545    0.14745063
   11.41666667   -0.00939651   -0.00818703    0.14598069
   11.50000000   -0.00934449   -0.00810176    0.14453656
   11.58333333   -0.00929359   -0.00801830    0.14311760
   11.66666667   -0.00924377   -0.00793484    0.14172319
   11.75000000   -0.00919502   -0.00785024    0.14035276
   11.83333333   -0.00914731   -0.00776473    0.13900572
   11.91666667   -0.00910064   -0.00767975    0.13768150
   12.00000000   -0.00905497   -0.00759701    0.13637959
   12.08333333   -0.00901029   -0.00751742    0.13509944
   12.16666667   -0.00896658   -0.00744051    0.13384052
   12.25000000   -0.00892381   -0.00736474    0.13260236
   12.33333333   -0.00888198   -0.00728844    0.13138448
   12.41666667   -0.00884107   -0.00721086    0.13018638
   12.50000000   -0.00880105   -0.00713263    0.12900763
   12.58333333   -0.00876190   -0.00705532    0.12784778
   12.66666667   -0.00872362   -0.00698047    0.12670638
   12.75000000   -0.00868619   -0.00690861    0.12558304
   12.83333333   -0.00864958   -0.00683890    0.12447733
   12.91666667   -0.00861378   -0.00676970    0.12338886
   13.00000000   -0.00857878   -0.00669955    0.12231726
   13.08333333   -0.00854455   -0.00662810    0.12126213
   13.16666667   -0.00851110   -0.00655628    0.12022312
   13.25000000   -0.00847839   -0.00648575    0.11919988
   13.33333333   -0.00844642   -0.00641782    0.11819206
   13.41666667   -0.00841516   -0.00635261    0.11719932
   13.50000000   -0.00838462   -0.00628901    0.11622134
   13.58333333   -0.00835476   -0.00622534    0.11525781
   13.66666667   -0.00832559   -0.00616039    0.11430841
   13.75000000   -0.00829708   -0.00609419    0.11337285
   13.83333333   -0.00826922   -0.00602796    0.11245083
   13.91666667   -0.00824200   -0.00596335    0.11154206
   14.00000000   -0.00821541   -0.00590137    0.11064628
   14.08333333   -0.00818943   -0.00584180    0.10976322
   14.16666667   -0.00816406   -0.00578326    0.10889260
   14.25000000   -0.00813928   -0.00572412    0.10803418
   14.33333333   -0.00811507   -0.00566347    0.10718771
   14.41666667   -0.00809143   -0.00560170    0.10635294
   14.50000000   -0.00806835   -0.00554026    0.10552965
   14.58333333   -0.00804582   -0.00548069    0.10471759
   14.66666667   -0.00802382   -0.00542373    0.10391655
   14.75000000   -0.00800234   -0.00536877    0.10312631
   14.83333333   -0.00798138   -0.00531429    0.10234666
   14.91666667   -0.00796092   -0.00525872    0.10157737
   15.00000000   -0.00794096   -0.00520150    0.10081827
   15.08333333   -0.00792147   -0.00514334    0.10006915
   15.16666667   -0.00790247   -0.00508584    0.09932981
   15.25000000   -0.00788393   -0.00503044    0.09860008
   15.33333333   -0.00786584   -0.00497752    0.09787977
   15.41666667   -0.00784821   -0.00492618    0.09716869
   15.50000000   -0.00783101   -0.00487474    0.09646668
   15.58333333   -0.00781424   -0.00482179    0.09577356
   15.66666667   -0.00779790   -0.00476708    0.09508917
   15.75000000   -0.00778197   -0.00471165    0.09441336
   15.83333333   -0.00776644   -0.00465719    0.09374596
   15.91666667   -0.00775131   -0.00460500    0.09308681
   16.00000000   -0.00773657   -0.00455513    0.09243577
   16.08333333   -0.00772221   -0.00450635    0.09179269
   16.16666667   -0.00770823   -0.00445689    0.09115744
   16.25000000   -0.00769462   -0.00440550    0.09052985
   16.33333333   -0.00768136   -0.00435228    0.08990981
   16.41666667   -0.00766846   -0.00429856    0.08929718
   16.50000000   -0.00765591   -0.00424613    0.08869182
   16.58333333   -0.00764369   -0.00419609    0.08809361
   16.66666667   -0.00763181   -0.00414815    0.08750244
   16.75000000   -0.00762026   -0.00410076    0.08691816
   16.83333333   -0.00760902   -0.00405205    0.08634066
   16.91666667   -0.00759810   -0.00400099    0.08576985
   17.00000000   -0.00758749   -0.00394800    0.08520558
   17.08333333   -0.00757718   -0.00389474    0.08464775
   17.16666667   -0.00756717   -0.00384308    0.08409627
   17.25000000   -0.00755745   -0.00379392    0.08355100
   17.33333333   -0.00754801   -0.00374659    0.08301186
   17.41666667   -0.00753885   -0.00369920    0.08247876
   17.50000000   -0.00752997   -0.00364976    0.08195157
   17.58333333   -0.00752136   -0.00359741    0.08143020
   17.66666667   -0.00751301   -0.00354297    0.08091458
   17.75000000   -0.00750492   -0.00348849    0.08040458
   17.83333333   -0.00749708   -0.00343598    0.07990013
   17.91666667   -0.00748949   -0.00338614    0.07940115
   18.00000000   -0.00748215   -0.00333784    0.07890753
   18.08333333   -0.00747505   -0.00328872    0.07841919
   18.16666667   -0.00746818   -0.00323656    0.07793606
   18.25000000   -0.00746154   -0.00318069    0.07745804
   18.33333333   -0.00745513   -0.00312246    0.07698506
   18.41666667   -0.00744894   -0.00306450    0.07651706
   18.50000000   -0.00744296   -0.00300914    0.07605392
   18.58333333   -0.00743721   -0.00295693    0.07559559
   18.66666667   -0.00743166   -0.00290608    0.07514200
   18.75000000   -0.00742631   -0.00285342    0.07469306
   18.83333333   -0.00742117   -0.00279627    0.07424872
   18.91666667   -0.00741622   -0.00273417    0.07380890
   19.00000000   -0.00741147   -0.00266944    0.07337353
   19.08333333   -0.00740691   -0.00260608    0.07294254
   19.16666667   -0.00740254   -0.00254750    0.07251588
   19.25000000   -0.00739834   -0.00249439    0.07209346
   19.33333333   -0.00739433   -0.00244402    0.07167524
   19.41666667   -0.00739050   -0.00239164    0.07126116
   19.50000000   -0.00738683   -0.00233355    0.07085113
   19.58333333   -0.00738334   -0.00227023    0.07044512
   19.66666667   -0.00738001   -0.00220793    0.07004307
   19.75000000   -0.00737685   -0.00215735    0.06964490
   19.83333333   -0.00737385   -0.00212988    0.06925058
   19.91666667   -0.00737100   -0.00213266    0.06886005
   20.00000000   -0.00736831   -0.00216479    0.06847323
